2016-05-17 00:00:00,-20.540,,,72.3,60.8,132,67.3,,,,,,,,0.00 
2016-08-28 00:00:00,-1.415,78.8,82.1,79.7,73.6,12,,,,,,,,,0.00 
2016-08-29 00:00:00,-0.886,75.6,79.3,76.6,70.7,7,,,,,,,,,0.00 
2016-08-30 00:00:00,0.311,74.2,81.4,75.3,74.3,28,,,,,,,,,0.00 
2016-08-31 00:00:00,1.037,73.1,84.0,74.4,77.6,14,,,,,,,,,0.00 
2016-09-01 00:00:00,1.056,73.2,88.1,74.2,83.3,11,,,,,,,,,0.00 
2016-09-02 00:00:00,0.560,71.6,86.1,72.3,81.6,7,,,,,,,,,0.00 
2016-09-03 00:00:00,0.324,68.6,79.4,68.7,75.2,17,,,,,,,,,0.00 
2016-09-04 00:00:00,0.324,70.0,82.0,70.5,78.1,16,,,,,,,,,0.00 
2016-09-05 00:00:00,0.325,69.4,82.1,69.9,78.1,21,,,,,,,,,0.00 
2016-09-06 00:00:00,0.309,68.8,80.1,69.4,75.8,23,,,,,,,,,0.00 
2016-09-07 00:00:00,0.299,69.4,80.0,69.9,75.6,27,,,,,,,,,0.00 
2016-09-08 00:00:00,0.303,70.1,81.1,70.5,77.3,28,,,,,,,,,0.00 
2016-09-09 00:00:00,0.367,71.9,82.4,72.1,79.6,20,,,,,,,,,0.00 
2016-09-10 00:00:00,0.329,72.5,82.5,72.7,79.3,21,,,,,,,,,0.00 
2016-09-11 00:00:00,0.298,73.2,78.6,73.4,73.4,24,,,,,,,,,0.00 
2016-09-12 00:00:00,0.298,71.3,81.4,71.6,79.0,13,,,,,,,,,0.00 
2016-09-13 00:00:00,0.326,72.8,82.4,73.0,80.0,21,,,,,,,,,0.00 
2016-09-14 00:00:00,0.313,69.4,82.0,69.3,81.6,6,,,,,,,,,0.00 
2016-09-17 00:00:00,0.272,73.4,80.4,73.5,76.5,33,,,,,,,,,0.00 
2016-09-18 00:00:00,0.283,71.4,84.4,71.8,83.7,9,,,,,,,,,0.00 
2016-09-19 00:00:00,0.318,72.9,84.8,73.5,82.5,66,,,,,,,,,0.00 
2016-09-20 00:00:00,0.266,70.9,79.9,71.4,76.1,66,,,,,,,,,0.00 
2016-09-21 00:00:00,0.234,69.4,81.0,70.1,78.4,10,,,,,,,,,0.00 
2016-09-22 00:00:00,0.226,70.4,82.6,70.9,81.0,33,,,,,,,,,0.00 
2016-09-23 00:00:00,0.238,72.8,79.6,72.6,77.4,156,,,,,,,,,0.00 
2016-09-24 00:00:00,0.221,71.7,77.1,71.6,73.1,142,,,,,,,,,0.00 
2016-09-25 00:00:00,0.236,70.8,80.6,71.5,77.8,20,,,,,,,,,0.00 
2016-09-26 00:00:00,0.260,71.8,84.5,72.4,84.1,15,,,,,,,,,0.00 
2016-09-27 00:00:00,0.254,71.0,85.4,71.5,85.8,22,,,,,,,,,0.00 
2016-09-28 00:00:00,0.130,68.9,84.8,69.6,84.5,180,,,,,,,,,0.00 
2016-10-03 00:00:00,2.909,68.0,69.9,68.3,73.2,60,63.3,,,,,,,, 
2016-10-04 00:00:00,3.458,67.1,68.1,67.8,75.3,118,62.6,,,,,,,, 
2016-10-05 00:00:00,3.450,66.9,66.4,67.4,72.6,51,62.2,,,,,,,, 
2016-10-06 00:00:00,3.442,65.7,65.8,66.1,72.1,79,59.9,,,,,,,, 
2016-10-07 00:00:00,3.475,67.8,71.8,68.7,81.9,17,64.2,,,,,,,, 
2016-10-08 00:00:00,3.497,69.0,73.0,69.9,82.7,26,65.2,,,,,,,, 
2016-10-09 00:00:00,3.412,65.5,56.3,67.2,56.1,45,57.4,,,,,,,, 
2016-10-10 00:00:00,3.411,65.9,59.0,68.0,58.6,63,55.3,,,,,,,, 
2016-10-11 00:00:00,3.413,66.1,59.7,68.3,59.3,66,53.5,,,,,,,, 
2016-10-12 00:00:00,3.397,68.1,55.4,70.1,54.3,58,52.8,,,,,,,, 
2016-10-13 00:00:00,3.402,67.3,58.3,69.5,57.3,54,56.7,,,,,,,, 
2016-10-14 00:00:00,3.421,67.8,62.5,70.2,63.0,29,59.2,,,,,,,, 
2016-10-15 00:00:00,3.436,68.7,64.8,71.1,66.9,33,64.7,,,,,,,, 
2016-10-16 00:00:00,3.448,69.7,65.9,72.2,67.8,26,64.1,,,,,,,, 
2016-10-17 00:00:00,3.444,69.2,64.5,71.9,64.9,36,62.6,,,,,,,, 
2016-10-18 00:00:00,3.437,69.4,63.5,71.8,63.8,35,62.9,,,,,,,, 
2016-10-19 00:00:00,3.460,70.5,65.2,73.0,66.4,32,65.5,,,,,,,, 
2016-10-20 00:00:00,3.462,69.1,65.9,71.0,69.9,23,66.4,,,,,,,, 
2016-10-21 00:00:00,3.432,70.0,59.9,72.3,59.6,40,55.4,,,,,,,, 
2016-10-22 00:00:00,3.383,68.7,44.9,70.4,43.1,65,47.9,,,,,,,, 
2016-10-23 00:00:00,3.424,67.3,47.9,69.1,47.0,54,49.0,,,,,,,, 
2016-10-24 00:00:00,3.441,68.2,52.0,70.4,50.9,48,56.9,,,,,,,, 
2016-10-25 00:00:00,3.438,67.7,51.5,69.9,50.4,21,53.9,,,,,,,, 
2016-10-26 00:00:00,3.433,68.0,51.8,70.3,50.7,34,53.2,,,,,,,, 
2016-10-27 00:00:00,3.454,67.6,57.8,70.0,57.1,24,56.6,,,,,,,, 
2016-10-28 00:00:00,3.245,70.1,57.1,72.4,55.9,54,60.6,,,,,,,, 
2016-10-29 00:00:00,0.724,71.1,56.6,71.7,57.1,35,66.2,,,,,,,, 
2016-10-30 00:00:00,0.783,68.2,58.5,68.7,60.8,21,59.7,,,,,,,, 
2016-10-31 00:00:00,0.962,67.7,60.2,68.3,62.6,9,61.3,,,,,,,, 
2016-11-01 00:00:00,1.076,68.9,61.6,70.0,63.5,2,58.6,,,,,,,, 
2017-02-24 00:00:00,-19.840,71.2,53.6,75.4,51.0,29,62.2,,,,,,,, 
2017-06-10 00:00:00,-4.338,71.7,65.4,73.4,68.9,23,82.0,,,,,,,, 
2017-06-30 00:00:00,21.333,73.5,73.1,74.8,85.9,4,74.3,,,,,,,,0.96 
2017-07-14 00:00:00,5.998,76.1,72.8,76.3,85.2,130,75.8,,,,,,,,12.92 
2017-07-15 00:00:00,6.757,71.7,86.9,71.9,95.9,136,71.4,,,,,,,,13.16 
2017-07-16 00:00:00,78.208,81.6,77.9,76.0,83.0,366,75.0,,,,,,,,13.18 
2017-07-17 00:00:00,162.384,94.4,58.6,75.2,81.4,145,73.3,,,,,,,,13.18 
2017-07-18 00:00:00,160.843,94.4,54.7,74.3,77.3,196,72.9,,,,,,,,13.16 
2017-07-19 00:00:00,159.141,94.4,54.5,76.4,75.9,203,74.7,,,,,,,,13.08 
2017-07-20 00:00:00,157.579,94.3,55.2,76.9,77.0,193,75.3,,,,,,,,13.11 
2017-07-21 00:00:00,156.138,94.3,56.2,80.0,74.5,197,78.3,,,,,,,,13.14 
2017-07-22 00:00:00,154.842,94.1,57.2,79.1,81.0,168,77.2,,,,,,,,13.14 
2017-07-23 00:00:00,153.416,93.7,57.8,75.8,91.3,138,74.1,,,,,,,,13.14 
2017-07-24 00:00:00,151.874,93.3,54.4,76.1,81.9,83,75.3,,,,,,,,13.18 
2017-07-25 00:00:00,150.592,93.1,54.7,78.0,75.3,112,76.8,,,,,,,,13.12 
2017-07-26 00:00:00,149.330,91.4,54.4,75.7,81.5,81,74.1,,,,,,,,13.17 
2017-07-27 00:00:00,148.191,92.0,56.8,75.7,82.6,80,74.3,,,,,,,,13.14 
2017-07-28 00:00:00,147.381,90.9,57.9,73.6,85.4,48,72.5,,,,,,,,13.12 
2017-07-29 00:00:00,146.692,91.2,50.6,73.2,52.3,74,73.0,,,,,,,,13.15 
2017-07-30 00:00:00,145.377,88.3,47.6,71.4,37.8,69,71.5,,,,,,,,13.14 
2017-07-31 00:00:00,144.014,87.0,47.0,71.3,36.9,71,74.3,,,,,,,,13.14 
2017-08-01 00:00:00,143.053,85.7,51.9,68.9,51.5,63,67.3,,,,,,,,13.06 
2017-08-02 00:00:00,141.972,86.2,54.4,70.8,54.3,55,69.8,,,,,,,,13.16 
2017-08-03 00:00:00,140.854,86.4,51.3,71.3,41.4,79,69.7,,,,,,,,13.17 
2017-08-04 00:00:00,140.254,85.4,54.8,70.4,47.3,69,68.9,,,,,,,,13.12 
2017-08-05 00:00:00,136.882,87.6,55.4,70.3,34.1,82,69.6,,,,,,,,13.15 
2017-08-06 00:00:00,129.828,94.4,59.5,70.7,28.3,302,69.5,,,,,,,,13.13 
2017-08-07 00:00:00,129.348,94.3,62.2,71.5,50.3,124,76.1,,,,,,,,13.10 
2017-08-08 00:00:00,128.821,94.5,60.0,71.3,31.3,189,71.3,,,,,,,,13.13 
2017-08-09 00:00:00,127.437,94.4,58.2,70.5,12.4,278,69.6,,,,,,,,13.17 
2017-08-10 00:00:00,126.779,94.5,60.8,69.0,8.4,154,68.5,,,,,,,,13.11 
2017-08-11 00:00:00,126.031,94.5,62.2,71.6,2.2,152,71.3,,,,,,,,13.09 
2017-08-12 00:00:00,125.442,94.9,63.0,74.8,1.0,190,74.1,,,,,,,,13.12 
2017-08-13 00:00:00,124.623,94.8,62.3,74.7,1.0,226,73.6,,,,,,,,13.11 
2017-08-14 00:00:00,124.017,94.7,63.2,75.6,1.0,221,74.8,,,,,,,,13.12 
2017-08-15 00:00:00,123.371,94.8,62.5,76.9,1.0,201,76.7,,,,,,,,13.17 
2017-08-16 00:00:00,122.726,95.0,61.4,76.0,1.0,207,74.5,,,,,,,,13.11 
2017-08-17 00:00:00,122.299,95.2,62.4,77.8,1.0,243,76.6,,,,,,,,13.08 
2017-08-18 00:00:00,121.889,95.0,61.5,76.4,1.0,214,75.6,,,,,,,,13.07 
2017-08-19 00:00:00,121.222,94.9,57.7,74.1,1.0,274,35.8,,,,,,,,13.05 
2017-08-20 00:00:00,120.782,94.9,58.5,75.0,1.0,228,73.3,,,,,,,,13.08 
2017-08-21 00:00:00,120.050,94.9,58.7,75.8,1.0,235,74.0,,,,,,,,13.08 
2017-08-22 00:00:00,119.647,95.2,58.2,77.0,1.0,325,75.5,,,,,,,,13.10 
2017-08-23 00:00:00,118.999,94.8,57.7,73.2,1.0,317,72.5,,,,,,,,13.07 
2017-08-24 00:00:00,118.636,94.7,56.0,71.3,1.0,285,70.4,,,,,,,,13.07 
2017-08-25 00:00:00,116.075,94.7,56.7,68.4,1.0,269,67.1,,,,,,,,13.04 
2017-08-26 00:00:00,117.323,95.1,60.1,70.7,1.0,0,70.0,,,,,,,,13.08 
2017-08-27 00:00:00,116.734,94.8,58.7,69.6,1.0,0,68.6,,,,,,,,13.11 
2017-08-28 00:00:00,116.160,94.4,54.3,66.5,1.0,58,65.2,,,,,,,,13.08 
2017-08-29 00:00:00,115.455,94.6,56.2,69.2,1.0,127,68.3,,,,,,,,13.09 
2017-08-30 00:00:00,125.878,94.6,58.9,70.5,1.0,135,69.2,,,,,,,,13.05 
2017-08-31 00:00:00,138.887,94.5,61.8,67.9,1.0,82,66.9,,,,,,,,13.04 
2017-09-01 00:00:00,134.758,94.0,62.3,70.0,1.0,503,70.3,,,,,,,,13.08 
2017-09-02 00:00:00,131.326,94.3,60.0,64.4,1.0,699,63.9,,,,,,,,13.09 
2017-09-03 00:00:00,129.454,94.9,60.3,65.1,1.0,446,64.6,,,,,,,,13.11 
2017-09-04 00:00:00,127.861,95.1,59.7,66.2,1.0,555,65.2,,,,,,,,13.13 
2017-09-05 00:00:00,127.043,94.9,59.4,65.7,1.0,678,65.2,,,,,,,,13.06 
2017-09-06 00:00:00,124.456,94.3,55.5,59.3,1.0,448,59.6,,,,,,,,12.97 
2017-09-07 00:00:00,123.394,94.2,52.8,56.6,1.0,587,56.2,,,,,,,,13.03 
2017-09-08 00:00:00,124.415,94.4,52.5,58.9,1.0,453,58.1,,,,,,,,13.06 
2017-09-09 00:00:00,124.356,94.3,53.6,60.6,1.0,669,59.4,,,,,,,,13.09 
2017-09-10 00:00:00,123.922,94.1,51.6,58.1,1.0,759,57.5,,,,,,,,13.08 
2017-09-11 00:00:00,123.895,93.4,47.7,56.1,1.0,162,57.2,,,,,,,,12.85 
2017-09-12 00:00:00,123.873,93.4,50.3,60.1,1.0,127,60.8,,,,,,,,12.94 
2017-09-13 00:00:00,122.014,93.7,52.3,62.8,1.0,233,63.0,,,,,,,,13.05 
2017-09-14 00:00:00,121.908,94.0,56.9,64.3,1.0,308,63.8,,,,,,,,13.08 
2017-09-15 00:00:00,121.977,94.5,59.1,65.0,1.0,443,64.1,,,,,,,,13.05 
2017-09-16 00:00:00,124.235,95.0,59.4,67.1,1.0,736,66.1,,,,,,,,13.08 
2017-09-17 00:00:00,127.592,95.0,59.0,67.5,1.0,979,66.3,,,,,,,,13.09 
2017-09-18 00:00:00,130.653,95.0,58.8,67.4,1.0,1192,66.1,,,,,,,,13.10 
2017-09-19 00:00:00,133.311,95.0,58.8,68.1,1.0,1047,66.6,,,,,,,,13.08 
2017-09-20 00:00:00,135.858,95.1,58.7,70.5,1.0,1268,68.8,,,,,,,,13.05 
2017-09-21 00:00:00,138.005,95.0,59.1,68.8,1.0,886,67.3,,,,,,,,13.05 
2017-09-22 00:00:00,139.992,95.0,58.6,71.3,1.0,485,69.7,,,,,,,,13.08 
2017-09-23 00:00:00,142.838,94.9,59.5,70.8,1.0,394,69.5,,,,,,,,13.05 
2017-09-24 00:00:00,144.425,95.1,60.2,70.0,1.0,1187,68.4,,,,,,,,13.08 
2017-09-25 00:00:00,145.181,94.8,59.0,69.1,1.0,1612,67.2,,,,,,,,13.03 
2017-09-26 00:00:00,144.287,94.6,56.7,68.8,1.0,1368,67.7,,,,,,,,13.04 
2017-09-27 00:00:00,143.512,94.5,53.9,71.0,1.0,1200,69.9,,,,,,,,13.02 
2017-09-28 00:00:00,142.773,94.7,55.0,71.4,1.0,1145,70.4,,,,,,,,12.98 
2017-09-29 00:00:00,144.463,94.9,55.2,69.2,1.0,719,67.6,,,,,,,,13.03 
2017-09-30 00:00:00,150.881,94.8,50.6,63.2,1.0,1306,62.3,,,,,,,,13.07 
2017-10-01 00:00:00,153.635,94.3,46.1,56.6,1.0,756,54.4,,,,,,,,13.06 
2017-10-02 00:00:00,152.322,94.3,47.4,56.6,1.0,1455,54.6,,,,,,,,13.03 
2017-10-03 00:00:00,150.976,94.2,49.5,58.4,1.0,1454,56.6,,,,,,,,13.04 
2017-10-04 00:00:00,149.961,94.1,49.1,60.7,1.0,1215,58.8,,,,,,,,12.96 
2017-10-05 00:00:00,149.343,94.3,50.4,61.3,1.0,897,59.3,,,,,,,,13.01 
2017-10-06 00:00:00,148.306,94.4,53.0,62.9,1.0,1232,60.6,,,,,,,,12.97 
2017-10-07 00:00:00,146.013,94.4,57.3,69.3,1.0,1498,68.4,,,,,,,,12.98 
2017-10-08 00:00:00,141.922,93.9,57.6,68.7,1.0,310,69.1,,,,,,,,12.76 
2017-10-09 00:00:00,136.140,94.7,60.2,73.2,2.2,179,73.2,,,,,,,,12.97 
2017-10-10 00:00:00,137.969,94.7,60.6,74.2,1.1,681,73.3,,,,,,,,13.02 
2017-10-11 00:00:00,140.900,95.2,58.9,71.8,1.0,402,70.7,,,,,,,,13.04 
2017-10-12 00:00:00,147.325,95.3,57.5,71.4,1.0,154,69.5,,,,,,,,13.01 
2017-10-13 00:00:00,153.899,94.7,56.3,68.4,1.0,606,67.4,,,,,,,,12.99 
2017-10-14 00:00:00,159.033,95.0,55.0,69.5,1.0,639,68.4,,,,,,,,12.98 
2017-10-15 00:00:00,161.569,94.8,54.1,68.1,1.0,465,66.4,,,,,,,,13.04 
2017-10-16 00:00:00,155.773,94.1,44.7,53.8,1.0,9,54.1,,,,,,,,13.00 
2017-10-17 00:00:00,154.533,94.0,41.9,49.0,1.0,0,47.5,,,,,,,,12.98 
2017-10-18 00:00:00,156.860,93.7,42.9,51.5,1.0,825,49.4,,,,,,,,13.01 
2017-10-19 00:00:00,157.616,93.7,41.6,52.8,1.0,1120,51.2,,,,,,,,13.03 
2017-10-20 00:00:00,159.357,93.8,42.7,56.2,1.0,1100,54.5,,,,,,,,13.00 
2017-10-21 00:00:00,154.201,93.6,43.5,57.0,1.0,591,55.2,,,,,,,,13.02 
2017-10-22 00:00:00,153.728,93.5,44.2,59.2,1.0,956,57.9,,,,,,,,13.03 
2017-10-23 00:00:00,146.744,93.5,47.0,60.1,35.9,504,60.7,,,,,,,,12.76 
2017-10-24 00:00:00,136.629,92.9,40.4,51.9,1.7,1252,52.0,,,,,,,,12.99 
2017-10-25 00:00:00,140.517,91.2,38.4,43.4,1.0,891,43.2,,,,,,,,13.01 
2017-10-26 00:00:00,145.251,91.4,39.3,45.6,1.0,1011,44.5,,,,,,,,12.99 
2017-10-27 00:00:00,144.893,91.3,40.8,51.2,1.0,1016,49.8,,,,,,,,13.00 
2017-10-28 00:00:00,144.225,89.5,41.5,52.5,2.8,349,53.3,,,,,,,,12.90 
2017-10-29 00:00:00,135.173,87.8,36.7,37.8,2.2,412,38.4,,,,,,,,12.90 
2017-10-30 00:00:00,140.353,87.7,35.7,41.6,1.0,278,41.2,,,,,,,,12.93 
2017-10-31 00:00:00,139.467,86.5,39.6,47.6,1.0,286,48.3,,,,,,,,12.99 
2017-11-01 00:00:00,136.931,85.0,42.1,52.2,1.0,3,54.7,,,,,,,,12.99 
2017-11-02 00:00:00,146.724,86.5,48.1,60.9,1.0,358,60.2,,,,,,,,13.00 
2017-11-03 00:00:00,133.099,90.3,57.2,59.3,1.0,393,58.8,,,,,,,,13.01 
2017-11-04 00:00:00,132.080,90.0,58.8,62.6,4.7,829,62.7,,,,,,,,12.98 
2017-11-05 00:00:00,128.118,90.1,57.0,62.5,1.0,112,62.4,,,,,,,,12.94 
2017-11-06 00:00:00,127.440,86.5,56.0,61.9,1.6,477,61.7,,,,,,,,12.98 
2017-11-07 00:00:00,119.423,78.5,55.1,59.6,7.1,382,60.2,,,,,,,,12.84 
2017-11-08 00:00:00,108.096,70.2,51.1,51.2,1.2,221,52.2,,,,,,,,12.81 
2017-11-09 00:00:00,109.333,73.4,46.4,48.2,1.0,459,48.8,,,,,,,,12.86 
2017-11-10 00:00:00,126.499,73.6,38.9,44.5,1.0,743,44.9,,,,,,,,12.98 
2017-11-11 00:00:00,126.290,72.9,41.4,39.9,1.0,616,39.3,,,,,,,,12.97 
2017-11-12 00:00:00,123.607,72.9,45.7,44.4,1.0,430,45.0,,,,,,,,12.93 
2017-11-13 00:00:00,130.179,69.7,45.1,46.1,1.0,706,46.6,,,,,,,,12.94 
2017-11-14 00:00:00,124.038,74.2,46.1,44.6,1.0,682,44.1,,,,,,,,12.93 
2017-11-15 00:00:00,124.839,70.3,43.9,47.9,1.0,744,47.4,,,,,,,,12.98 
2017-11-16 00:00:00,130.682,70.3,44.2,48.9,1.0,262,48.8,,,,,,,,12.91 
2017-11-17 00:00:00,128.861,66.8,41.6,46.9,1.0,605,45.3,,,,,,,,12.93 
2017-11-18 00:00:00,121.029,66.9,50.4,50.9,1.3,443,50.8,,,,,,,,12.97 
2017-11-19 00:00:00,122.519,57.5,45.5,40.5,1.2,702,41.3,,,,,,,,12.97 
2017-11-20 00:00:00,136.241,69.0,42.9,40.2,1.0,484,39.3,,,,,,,,12.93 
2017-11-21 00:00:00,125.119,65.1,50.5,45.8,1.0,809,45.3,,,,,,,,12.96 
2017-11-22 00:00:00,124.456,62.7,42.5,45.1,1.3,554,45.1,,,,,,,,12.96 
2017-11-23 00:00:00,136.302,58.7,43.1,40.2,1.0,575,38.5,,,,,,,,12.90 
2017-11-24 00:00:00,135.839,60.1,44.8,43.3,1.0,593,41.5,,,,,,,,12.92 
2017-11-25 00:00:00,126.785,56.1,47.8,44.4,1.0,737,44.3,,,,,,,,12.96 
2017-11-26 00:00:00,130.476,59.7,37.0,44.6,1.0,542,44.9,,,,,,,,12.95 
2017-11-27 00:00:00,139.011,56.8,37.3,41.6,1.0,552,40.1,,,,,,,,12.93 
2017-11-28 00:00:00,133.573,51.9,40.8,42.3,1.0,519,40.6,,,,,,,,12.95 
2017-11-29 00:00:00,133.220,58.6,45.5,44.7,1.0,534,43.5,,,,,,,,12.94 
2017-11-30 00:00:00,116.019,59.4,51.6,47.9,1.0,513,47.0,,,,,,,,12.94 
2017-12-01 00:00:00,111.286,69.8,53.4,55.5,1.0,427,55.5,,,,,,,,12.91 
2017-12-02 00:00:00,113.926,66.9,48.4,53.3,1.0,456,52.8,,,,,,,,12.92 
2017-12-03 00:00:00,136.179,60.6,46.0,47.1,1.1,474,46.3,,,,,,,,12.96 
2017-12-04 00:00:00,123.055,55.3,50.6,44.8,1.0,542,43.8,,,,,,,,12.96 
2017-12-05 00:00:00,117.755,64.8,54.3,50.4,3.0,265,51.3,,,,,,,,12.84 
2017-12-06 00:00:00,100.511,66.9,48.5,37.1,1.4,275,38.0,,,,,,,,12.81 
2017-12-07 00:00:00,117.260,73.7,50.4,38.2,1.0,445,38.6,,,,,,,,12.88 
2017-12-08 00:00:00,138.311,75.8,54.9,32.8,1.0,46,32.8,,,,,,,,12.34 
2017-12-09 00:00:00,138.372,77.1,50.5,30.3,1.0,8,30.3,,,,,,,,12.17 
2017-12-10 00:00:00,140.750,73.9,44.9,29.8,1.0,627,29.1,,,,,,,,12.04 
2017-12-11 00:00:00,137.210,64.9,44.9,36.0,1.0,565,35.9,,,,,,,,11.99 
2017-12-12 00:00:00,128.435,47.5,43.8,33.7,1.0,418,37.0,,,,,,,,12.33 
2017-12-13 00:00:00,140.825,52.5,41.8,30.3,1.0,453,38.2,,,,,,,,12.82 
2017-12-14 00:00:00,139.619,54.6,42.2,40.1,1.0,401,40.6,,,,,,,,12.95 
2017-12-15 00:00:00,137.431,46.0,49.6,30.9,1.0,477,31.0,,,,,,,,12.88 
2017-12-16 00:00:00,139.100,56.5,48.7,33.8,1.0,283,33.2,,,,,,,,12.88 
2017-12-17 00:00:00,136.602,50.5,55.0,35.7,1.0,309,35.6,,,,,,,,12.76 
2017-12-18 00:00:00,135.256,64.6,52.3,44.9,1.0,394,44.8,,,,,,,,12.90 
2017-12-19 00:00:00,129.784,66.4,47.0,50.6,1.0,292,50.5,,,,,,,,12.92 
2017-12-20 00:00:00,128.833,61.4,60.8,50.8,15.4,8,52.5,,,,,,,,12.62 
2017-12-21 00:00:00,114.649,53.9,58.5,46.6,7.6,348,52.5,,,,,,,,12.84 
2017-12-22 00:00:00,112.044,61.7,58.7,49.6,1.0,3,52.6,,,,,,,,12.85 
2017-12-23 00:00:00,111.452,65.6,59.1,53.2,3.3,0,51.4,,,,,,,,12.70 
2017-12-24 00:00:00,110.868,55.5,56.5,45.5,1.0,0,46.2,,,,,,,,12.84 
2017-12-25 00:00:00,78.840,41.0,36.5,27.4,1.0,0,27.8,,,,,,,,12.61 
2017-12-26 00:00:00,86.926,44.3,35.3,32.7,1.0,0,32.1,,,,,,,,12.82 
2017-12-27 00:00:00,94.284,38.6,41.8,30.2,1.0,0,30.4,,,,,,,,12.80 
2017-12-28 00:00:00,87.765,38.9,39.9,27.6,1.0,0,26.8,,,,,,,,12.80 
2017-12-29 00:00:00,113.331,40.8,36.0,30.8,1.0,0,30.2,,,,,,,,12.84 
2017-12-30 00:00:00,110.407,40.1,46.2,32.8,1.0,0,33.1,,,,,,,,12.86 
2017-12-31 00:00:00,117.344,35.0,48.8,25.3,1.0,0,25.5,,,,,,,,12.56 
2018-01-01 00:00:00,139.925,24.7,35.7,15.3,1.0,0,15.1,,,,,,,,12.23 
2018-01-02 00:00:00,142.428,23.5,36.4,17.7,1.0,0,16.9,,,,,,,,12.56 
2018-01-03 00:00:00,141.575,25.3,41.2,22.7,1.0,0,22.2,,,,,,,,12.69 
2018-01-04 00:00:00,142.866,24.0,39.3,18.8,1.0,0,18.9,,,,,,,,12.41 
2018-01-05 00:00:00,144.747,19.9,38.2,15.6,1.0,0,15.6,,,,,,,,12.15 
2018-01-06 00:00:00,144.599,20.4,34.9,16.4,1.0,0,15.9,,,,,,,,12.24 
2018-01-07 00:00:00,144.436,21.1,42.8,20.3,1.0,0,19.0,,,,,,,,12.49 
2018-01-08 00:00:00,144.372,33.5,53.6,33.2,1.0,0,33.3,,,,,,,,12.63 
2018-01-09 00:00:00,140.328,52.5,58.2,43.2,1.4,0,43.8,,,,,,,,12.80 
2018-01-10 00:00:00,136.177,50.7,63.5,46.4,1.8,0,46.2,,,,,,,,12.78 
2018-01-11 00:00:00,134.681,53.6,68.1,49.9,61.7,0,50.8,,,,,,,,12.55 
2018-01-12 00:00:00,117.103,59.9,66.9,53.2,15.1,108,54.5,,,,,,,,12.54 
2018-01-13 00:00:00,126.465,29.5,56.6,24.5,1.0,572,24.6,,,,,,,,12.31 
2018-01-14 00:00:00,132.619,24.9,51.1,21.7,1.0,0,20.9,,,,,,,,12.46 
2018-01-15 00:00:00,124.695,28.8,56.0,27.9,1.0,0,26.3,,,,,,,,12.75 
2018-01-16 00:00:00,130.875,32.6,60.9,31.5,1.0,0,31.1,,,,,,,,12.77 
2018-01-17 00:00:00,82.457,20.6,53.9,16.6,1.0,0,16.7,,,,,,,,12.31 
2018-01-18 00:00:00,136.612,22.0,47.1,21.1,1.0,0,21.2,,,,,,,,12.57 
2018-01-19 00:00:00,136.492,33.0,41.6,31.3,1.0,448,31.0,,,,,,,,12.83 
2018-01-20 00:00:00,132.475,42.9,56.6,40.7,1.0,593,40.6,,,,,,,,12.89 
2018-01-21 00:00:00,123.343,46.2,63.3,44.0,3.2,503,43.1,,,,,,,,12.81 
2018-01-22 00:00:00,109.426,46.7,68.2,45.7,12.4,435,45.6,,,,,,,,12.82 
2018-01-23 00:00:00,105.636,50.6,54.2,47.4,9.1,160,48.3,,,,,,,,12.85 
2018-01-24 00:00:00,111.372,39.3,54.5,36.5,1.0,0,36.8,,,,,,,,12.85 
2018-01-25 00:00:00,122.367,37.6,51.5,35.8,1.0,0,35.4,,,,,,,,12.86 
2018-01-26 00:00:00,119.997,36.0,52.4,37.2,1.0,0,36.1,,,,,,,,12.87 
2018-01-27 00:00:00,124.265,45.3,62.0,45.3,8.9,0,46.3,,,,,,,,12.69 
2018-01-28 00:00:00,102.029,49.3,74.2,47.7,34.1,0,48.7,,,,,,,,12.54 
2018-01-29 00:00:00,109.052,45.4,60.0,43.1,12.9,0,43.9,,,,,,,,12.80 
2018-01-30 00:00:00,0.371,31.3,51.9,28.8,1.0,0,28.9,,,,,,,,12.75 
2018-01-31 00:00:00,-63.372,30.9,54.6,32.1,1.0,0,31.1,,,,,,,,12.81 
2018-02-01 00:00:00,-3.543,37.7,63.7,39.6,1.0,0,40.5,,,,,,,,12.82 
2018-02-02 00:00:00,27.256,30.9,54.3,27.7,1.1,0,46.6,,,,,,,,12.62 
2018-02-03 00:00:00,-28.546,28.5,49.1,29.5,1.0,0,46.6,,,,,,,,12.74 
2018-02-04 00:00:00,55.867,36.7,62.9,36.3,14.0,0,43.5,,,,,,,,12.65 
2018-02-05 00:00:00,40.182,38.0,61.7,36.0,1.0,0,35.8,,,,,,,,12.79 
2018-02-06 00:00:00,32.753,41.0,67.2,41.5,1.0,0,41.8,,,,,,,,12.80 
2018-02-07 00:00:00,15.940,48.1,71.8,46.6,21.4,0,47.8,,,,,,,,12.66 
2018-02-08 00:00:00,-15.422,39.0,59.1,36.6,1.0,0,36.8,,,,,,,,12.80 
2018-02-09 00:00:00,-83.026,40.1,58.0,41.6,1.1,0,40.6,,,,,,,,12.86 
2018-02-10 00:00:00,-83.914,51.5,71.2,50.8,29.1,0,51.8,,,,,,,,12.80 
2018-02-11 00:00:00,-90.136,62.9,72.2,59.0,35.5,0,60.4,,,,,,,,12.77 
2018-02-12 00:00:00,-127.860,56.3,66.9,50.5,29.6,0,51.6,,,,,,,,12.83 
2018-02-13 00:00:00,-194.949,47.5,64.3,43.1,11.4,0,43.7,,,,,,,,12.88 
2018-02-14 00:00:00,-27.039,52.0,69.1,49.5,20.0,0,50.0,,,,,,,,12.81 
2018-02-15 00:00:00,134.795,66.0,63.2,61.3,20.9,0,61.2,,,,,,,,12.89 
2018-02-16 00:00:00,136.821,63.5,62.5,58.4,1.1,0,59.2,,,,,,,,12.79 
2018-02-17 00:00:00,130.496,49.7,68.6,46.3,8.2,0,47.1,,,,,,,,12.72 
2018-02-18 00:00:00,132.057,52.6,61.3,50.5,4.5,0,50.8,,,,,,,,12.89 
2018-02-19 00:00:00,131.740,55.9,68.7,52.6,7.5,0,53.3,,,,,,,,12.86 
2018-02-20 00:00:00,136.064,65.3,68.2,62.3,16.9,0,62.9,,,,,,,,12.92 
2018-02-21 00:00:00,137.015,70.1,67.9,64.2,18.4,0,65.0,,,,,,,,12.92 
2018-02-22 00:00:00,135.952,75.2,59.5,67.6,4.1,0,67.4,,,,,,,,12.97 
2018-02-23 00:00:00,139.429,69.2,58.5,61.5,16.8,0,61.0,,,,,,,,13.01 
2018-02-24 00:00:00,138.751,69.8,59.0,63.6,11.8,0,63.5,,,,,,,,12.93 
2018-02-25 00:00:00,133.571,68.7,56.2,58.2,9.8,0,59.2,,,,,,,,12.76 
2018-02-26 00:00:00,129.371,52.6,65.7,48.4,22.2,0,48.8,,,,,,,,12.87 
2018-02-27 00:00:00,125.818,46.4,55.5,44.9,6.9,0,44.1,,,,,,,,12.93 
2018-02-28 00:00:00,128.704,49.8,65.5,47.4,18.6,0,48.0,,,,,,,,12.88 
2018-03-01 00:00:00,125.755,54.5,70.2,51.8,58.4,0,53.0,,,,,,,,12.80 
2018-03-02 00:00:00,129.671,46.5,46.1,42.7,1.0,0,43.7,,,,,,,,12.90 
2018-03-03 00:00:00,130.114,42.5,37.0,39.6,1.0,0,40.3,,,,,,,,12.90 
2018-03-04 00:00:00,133.390,46.8,35.3,44.1,1.0,0,44.8,,,,,,,,12.86 
2018-03-05 00:00:00,133.808,44.6,48.9,43.4,1.0,0,42.7,,,,,,,,12.97 
2018-03-06 00:00:00,131.516,47.2,66.8,44.3,19.5,0,44.7,,,,,,,,12.81 
2018-03-07 00:00:00,128.180,39.1,57.9,35.4,12.5,0,35.7,,,,,,,,12.78 
2018-03-08 00:00:00,131.048,37.1,49.8,33.9,1.0,0,34.1,,,,,,,,12.82 
2018-03-09 00:00:00,131.455,39.6,47.4,37.5,1.0,0,37.3,,,,,,,,12.91 
2018-03-10 00:00:00,130.461,43.1,60.0,42.1,1.0,0,42.1,,,,,,,,12.89 
2018-03-11 00:00:00,129.060,46.2,67.8,43.7,13.5,0,44.3,,,,,,,,12.81 
2018-03-12 00:00:00,126.300,41.0,64.6,37.8,28.4,0,38.6,,,,,,,,12.79 
2018-03-13 00:00:00,131.512,38.9,51.1,36.1,1.0,0,36.6,,,,,,,,12.81 
2018-03-14 00:00:00,127.747,34.7,51.3,31.3,1.6,0,31.5,,,,,,,,12.78 
2018-03-15 00:00:00,130.948,45.2,43.5,44.7,1.0,0,45.1,,,,,,,,12.86 
2018-03-16 00:00:00,134.220,58.0,41.3,55.4,1.0,0,56.2,,,,,,,,12.96 
2018-03-17 00:00:00,124.643,56.3,55.2,56.3,1.0,0,56.1,,,,,,,,12.99 
2018-03-18 00:00:00,127.857,61.1,55.9,57.7,1.0,0,58.1,,,,,,,,12.94 
2018-03-19 00:00:00,115.381,58.0,62.1,55.5,6.1,0,55.4,,,,,,,,12.96 
2018-03-20 00:00:00,109.841,57.6,66.8,54.6,39.3,0,55.1,,,,,,,,12.94 
2018-03-21 00:00:00,109.730,36.7,64.0,33.7,1.6,0,34.0,,,,,,,,12.86 
2018-03-22 00:00:00,113.174,37.6,53.7,36.3,1.0,0,36.6,,,,,,,,12.84 
2018-03-23 00:00:00,116.280,42.5,44.5,41.8,1.0,0,42.1,,,,,,,,12.94 
2018-03-24 00:00:00,120.035,43.1,58.6,41.6,14.2,0,42.5,,,,,,,,12.84 
2018-03-25 00:00:00,112.365,41.5,67.3,40.3,34.8,0,41.1,,,,,,,,12.86 
2018-03-26 00:00:00,119.803,43.9,50.0,43.0,1.0,0,43.6,,,,,,,,12.92 
2018-03-27 00:00:00,121.490,48.7,58.1,47.6,2.1,0,48.1,,,,,,,,12.95 
2018-03-28 00:00:00,108.443,57.6,65.9,57.1,17.9,0,57.0,,,,,,,,12.99 
2018-03-29 00:00:00,86.457,63.2,63.2,62.1,10.7,0,61.9,,,,,,,,12.93 
2018-03-30 00:00:00,82.185,57.3,64.5,53.9,28.9,0,54.3,,,,,,,,12.98 
2018-03-31 00:00:00,48.349,48.7,56.0,48.7,6.4,0,48.7,,,,,,,,12.94 
2018-04-01 00:00:00,45.039,52.8,57.0,52.9,1.0,0,52.9,,,,,,,,12.98 
2018-04-02 00:00:00,51.859,60.5,57.6,59.5,1.0,0,59.1,,,,,,,,12.97 
2018-04-03 00:00:00,38.946,60.8,62.5,61.0,3.4,0,60.6,,,,,,,,12.99 
2018-04-04 00:00:00,13.057,55.4,54.6,51.8,12.5,0,52.4,,,,,,,,12.94 
2018-04-05 00:00:00,-5.302,45.6,46.0,44.8,1.0,0,44.6,,,,,,,,12.93 
2018-04-06 00:00:00,-8.302,47.0,60.2,47.5,7.0,0,46.9,,,,,,,,12.92 
2018-04-07 00:00:00,32.881,47.7,69.7,45.0,34.6,0,48.4,,,,,,,,12.88 
2018-04-08 00:00:00,50.121,40.4,56.5,39.3,1.1,0,48.4,,,,,,,,12.97 
2018-04-09 00:00:00,26.924,45.8,66.8,44.4,2.9,0,48.4,,,,,,,,12.86 
2018-04-10 00:00:00,-69.963,48.9,58.7,47.9,11.5,0,48.4,,,,,,,,12.94 
2018-04-11 00:00:00,-115.849,50.2,51.4,49.1,1.0,0,48.3,,,,,,,,12.98 
2018-04-12 00:00:00,-82.721,54.7,54.6,56.0,1.0,0,48.3,,,,,,,,12.98 
2018-04-13 00:00:00,88.246,66.9,50.8,65.5,1.0,0,48.4,,,,,,,,13.02 
2018-04-14 00:00:00,82.500,65.8,60.9,65.3,1.0,0,48.4,,,,,,,,12.97 
2018-04-15 00:00:00,81.377,63.3,69.4,59.3,44.2,0,48.4,,,,,,,,12.60 
2018-04-16 00:00:00,64.687,41.5,62.4,38.4,6.2,0,48.4,,,,,,,,12.82 
2018-04-17 00:00:00,41.716,48.4,54.7,48.7,1.0,0,48.3,,,,,,,,12.92 
2018-04-18 00:00:00,-18.194,62.0,54.2,64.2,1.0,0,48.4,,,,,,,,12.98 
2018-04-19 00:00:00,-92.595,57.7,49.1,53.1,1.0,0,48.4,,,,,,,,12.96 
2018-04-20 00:00:00,-36.774,50.0,45.4,50.0,1.0,0,48.4,,,,,,,,12.95 
2018-04-21 00:00:00,-107.407,51.7,47.7,52.2,1.0,0,48.4,,,,,,,,12.96 
2018-04-22 00:00:00,-66.674,51.8,62.9,51.5,1.0,0,48.4,,,,,,,,12.86 
2018-04-23 00:00:00,-105.077,53.2,70.8,51.1,33.3,0,48.4,,,,,,,,12.47 
2018-04-24 00:00:00,-79.855,57.0,72.5,55.3,37.2,0,48.4,,,,,,,,12.67 
2018-04-25 00:00:00,-92.277,57.6,70.4,55.6,23.2,0,48.5,,,,,,,,12.77 
2018-04-26 00:00:00,-51.941,55.6,71.2,53.9,28.4,0,48.4,,,,,,,,12.71 
2018-04-27 00:00:00,-100.104,57.2,65.8,55.5,24.8,0,48.4,,,,,,,,12.84 
2018-04-28 00:00:00,-133.861,56.4,56.1,56.8,5.0,0,49.1,,,,,,,,12.97 
2018-04-29 00:00:00,-83.069,52.6,45.4,50.9,1.0,0,48.4,,,,,,,,13.01 
2018-04-30 00:00:00,54.407,52.2,48.9,53.0,1.0,0,48.4,,,,,,,,13.01 
2018-05-01 00:00:00,58.302,57.9,53.4,59.2,1.0,0,48.4,,,,,,,,13.03 
2018-05-02 00:00:00,69.092,64.1,58.1,64.2,1.2,0,48.4,,,,,,,,13.07 
2018-05-03 00:00:00,83.494,67.2,59.8,66.8,2.2,0,48.4,,,,,,,,13.02 
2018-05-04 00:00:00,91.716,68.4,60.2,67.3,3.4,0,48.2,,,,,,,,13.04 
2018-05-05 00:00:00,75.741,68.5,64.5,66.6,1.8,0,50.7,,,,,,,,13.05 
2018-05-06 00:00:00,76.123,62.6,63.2,60.4,6.2,0,60.3,,,,,,,,13.02 
2018-05-07 00:00:00,33.028,62.3,62.6,61.8,1.1,0,61.5,,,,,,,,13.03 
2018-05-08 00:00:00,-87.105,59.9,66.4,59.1,1.2,0,58.3,,,,,,,,13.04 
2018-05-09 00:00:00,-16.213,64.8,66.0,64.5,7.6,0,64.4,,,,,,,,13.06 
2018-05-10 00:00:00,35.531,65.6,66.4,64.4,4.9,0,64.2,,,,,,,,13.03 
2018-05-11 00:00:00,42.838,66.6,69.5,65.6,7.9,0,65.5,,,,,,,,13.09 
2018-05-12 00:00:00,17.339,70.9,66.8,70.1,6.2,0,70.4,,,,,,,,13.08 
2018-05-13 00:00:00,94.146,72.2,62.1,71.6,1.0,0,71.5,,,,,,,,13.04 
2018-05-14 00:00:00,96.133,72.5,64.3,71.8,1.0,0,70.8,,,,,,,,13.08 
2018-05-15 00:00:00,83.350,71.3,67.9,69.1,1.3,0,68.1,,,,,,,,13.08 
2018-05-16 00:00:00,73.683,68.4,73.6,66.6,47.9,0,66.1,,,,,,,,13.01 
2018-05-17 00:00:00,81.898,71.3,72.3,68.5,22.7,0,69.0,,,,,,,,13.06 
2018-05-18 00:00:00,94.793,71.3,72.4,69.5,55.2,0,69.1,,,,,,,,13.02 
2018-05-19 00:00:00,72.635,70.5,73.2,68.2,65.7,0,68.7,,,,,,,,13.07 
2018-05-20 00:00:00,73.061,71.4,72.4,69.0,52.5,0,68.8,,,,,,,,13.04 
2018-05-21 00:00:00,92.423,70.6,70.9,69.5,37.5,0,69.4,,,,,,,,13.08 
2018-05-22 00:00:00,94.766,70.3,70.6,69.2,29.7,0,68.5,,,,,,,,13.09 
2018-05-23 00:00:00,95.448,73.1,69.0,71.9,24.8,0,71.6,,,,,,,,13.11 
2018-05-24 00:00:00,98.580,72.3,68.6,70.7,14.5,0,69.7,,,,,,,,13.07 
2018-05-25 00:00:00,105.080,73.8,69.4,70.8,12.5,0,70.5,,,,,,,,13.09 
2018-05-26 00:00:00,99.490,73.8,71.5,69.6,38.9,0,69.5,,,,,,,,13.08 
2018-05-27 00:00:00,93.007,75.5,70.0,71.1,35.5,0,70.9,,,,,,,,13.07 
2018-05-28 00:00:00,86.340,71.8,73.7,68.0,53.5,0,68.0,,,,,,,,13.01 
2018-05-29 00:00:00,73.892,72.1,75.2,69.0,63.1,0,69.4,,,,,,,,13.02 
2018-05-30 00:00:00,72.307,73.4,75.1,70.4,44.3,0,70.8,,,,,,,,13.04 
2018-05-31 00:00:00,74.765,74.5,73.0,70.9,33.0,0,70.7,,,,,,,,13.02 
2018-06-01 00:00:00,73.419,74.0,68.4,70.9,19.5,0,65.8,,,,,,,,13.10 
2018-06-02 00:00:00,73.768,70.1,72.9,68.6,18.1,0,68.7,,,,,,,,12.98 
2018-06-25 00:00:00,74.213,93.9,70.5,71.8,30.9,0,80.7,,,,,,,,13.10 
2018-06-26 00:00:00,72.952,93.2,72.1,69.8,55.9,0,76.0,,,,,,,,13.02 
2018-06-27 00:00:00,72.082,92.7,72.6,70.2,42.1,0,69.8,,,,,,,,13.10 
2018-06-28 00:00:00,70.291,92.8,71.7,71.0,30.1,0,70.6,,,,,,,,13.01 
2018-06-29 00:00:00,74.243,92.3,69.9,75.6,16.8,20,74.6,,,,,,,,13.06 
2018-06-30 00:00:00,85.538,93.2,68.6,76.7,6.2,135,75.9,,,,,,,,13.14 
2018-07-01 00:00:00,83.617,93.3,67.5,75.6,13.5,112,74.7,,,,,,,,13.09 
2018-07-02 00:00:00,81.643,93.5,67.0,75.3,23.9,76,74.8,,,,,,,,13.03 
2018-07-03 00:00:00,80.071,93.5,66.0,78.6,8.1,57,78.2,,,,,,,,13.09 
2018-07-04 00:00:00,79.225,92.8,64.4,77.7,6.9,101,77.6,,,,,,,,13.11 
2018-07-05 00:00:00,77.893,92.9,64.0,77.4,3.1,94,77.6,,,,,,,,13.06 
2018-07-06 00:00:00,77.163,92.7,63.9,73.4,13.2,75,77.0,,,,,,,,13.08 
2018-07-07 00:00:00,76.727,91.6,63.3,69.5,18.7,64,77.0,,,,,,,,13.03 
2018-07-08 00:00:00,76.956,91.9,61.2,71.3,2.6,65,77.0,,,,,,,,13.08 
2018-07-09 00:00:00,77.407,91.5,59.9,71.2,2.3,48,77.0,,,,,,,,13.00 
2018-07-10 00:00:00,82.145,92.0,59.9,73.7,3.3,75,77.0,,,,,,,,13.00 
2018-07-11 00:00:00,91.445,93.6,62.2,76.9,2.8,85,77.0,,,,,,,,13.01 
2018-07-12 00:00:00,88.929,93.7,63.0,76.1,1.9,94,77.0,,,,,,,,13.05 
2018-07-13 00:00:00,86.336,93.1,63.5,75.9,3.9,100,77.0,,,,,,,,13.01 
2018-07-14 00:00:00,86.013,93.0,63.2,76.1,8.7,100,77.0,,,,,,,,13.02 
2018-07-15 00:00:00,85.943,93.0,63.1,75.5,3.5,70,76.4,,,,,,,,12.97 
2018-07-16 00:00:00,82.014,93.0,63.6,73.9,31.2,81,73.7,,,,,,,,12.91 
2018-07-17 00:00:00,87.227,93.3,63.8,75.8,14.8,73,75.0,,,,,,,,12.95 
2018-07-18 00:00:00,95.806,93.6,63.5,76.1,7.2,73,75.4,,,,,,,,12.94 
2018-07-19 00:00:00,94.595,93.1,64.1,69.9,2.3,63,68.6,,,,,,,,12.82 
2018-07-20 00:00:00,93.229,92.9,63.8,72.5,4.8,99,71.6,,,,,,,,12.90 
2018-07-21 00:00:00,89.899,92.4,64.1,71.4,31.5,90,71.3,,,,,,,,12.91 
2018-07-22 00:00:00,87.188,92.0,64.1,69.3,30.4,68,68.8,,,,,,,,12.79 
2018-07-23 00:00:00,88.784,91.9,63.8,70.3,20.5,68,69.9,,,,,,,,12.82 
2018-07-24 00:00:00,89.993,91.9,63.6,71.7,15.0,87,70.7,,,,,,,,12.77 
2018-07-25 00:00:00,-4.140,,,,,45,78.8,,,,,,,,0.97 
2018-07-26 00:00:00,93.051,,,,,74,77.0,,,,,,,,0.97 
2018-07-27 00:00:00,91.649,77.5,40.0,77.3,40.1,184,70.8,,,,,,,,6.35 
2018-07-28 00:00:00,90.046,81.6,74.4,81.7,74.3,79,72.0,,,,,,,,13.73 
2018-07-29 00:00:00,88.812,94.8,61.0,94.8,61.0,59,71.6,,,,,,,,13.71 
2018-07-30 00:00:00,87.100,94.8,62.2,94.8,62.2,48,74.7,,,,,,,,13.68 
2018-07-31 00:00:00,83.900,94.8,63.0,94.7,63.0,34,71.7,,,,,,,,13.54 
2018-08-01 00:00:00,84.547,94.8,62.5,94.8,62.4,12,67.6,,,,,,,,13.31 
2018-08-02 00:00:00,85.646,94.7,65.1,94.7,65.1,11,68.1,,,,,,,,13.14 
2018-08-03 00:00:00,89.458,94.4,65.6,94.4,65.7,23,71.3,,,,,,,,13.11 
2018-08-04 00:00:00,100.498,93.7,67.5,93.7,67.4,81,73.0,,,,,,,,13.21 
2018-08-05 00:00:00,99.882,93.1,65.0,92.9,65.0,151,74.0,,,,,,,,13.89 
2018-08-06 00:00:00,97.712,93.8,63.0,93.9,62.8,17,73.2,,,,,,,,14.15 
2018-08-07 00:00:00,96.586,94.1,62.3,94.1,62.1,23,73.7,,,,,,,,14.14 
2018-08-08 00:00:00,95.220,94.0,61.1,94.0,61.1,32,73.9,,,,,,,,14.15 
2018-08-10 00:00:00,90.504,93.9,61.7,93.9,61.7,14,72.2,,,,,,,,14.20 
2018-08-11 00:00:00,89.040,93.4,61.5,93.4,61.5,5,72.7,,,,,,,,14.18 
2018-08-12 00:00:00,91.935,,,,,0,72.7,,,,,,,,14.18 
2018-08-13 00:00:00,86.114,81.0,56.1,93.7,64.4,72,69.7,,,,,,,,13.99 
2018-08-14 00:00:00,100.463,93.9,62.4,76.0,77.2,450,75.6,,,,,,,,14.63 
2018-08-15 00:00:00,100.115,93.4,61.3,72.1,87.2,280,74.2,,,,,,,,14.35 
2018-08-16 00:00:00,99.777,93.6,61.0,74.5,83.2,245,82.2,,,,,,,,14.32 
2018-08-17 00:00:00,99.785,93.4,61.1,72.6,90.4,273,81.1,,,,,,,,14.36 
2018-08-18 00:00:00,100.151,93.2,63.2,72.0,96.4,231,79.8,,,,,,,,14.35 
2018-08-19 00:00:00,99.666,93.6,63.0,73.0,95.9,309,77.9,,,,,,,,14.36 
2018-08-20 00:00:00,99.509,93.8,62.5,74.0,94.9,270,75.1,,,,,,,,14.38 
2018-08-21 00:00:00,99.656,93.4,62.9,72.2,99.9,266,72.8,,,,,,,,14.34 
2018-08-22 00:00:00,99.496,92.6,59.7,69.5,99.6,263,69.4,,,,,,,,14.32 
2018-08-23 00:00:00,98.947,92.4,55.4,66.8,87.9,148,67.3,,,,,,,,14.37 
2018-08-24 00:00:00,98.348,91.8,53.0,63.4,90.2,156,62.9,,,,,,,,14.34 
2018-08-25 00:00:00,97.850,91.9,54.6,66.1,94.5,208,64.9,,,,,,,,14.35 
2018-08-26 00:00:00,97.316,92.9,57.2,71.4,98.3,267,70.7,,,,,,,,14.32 
2018-08-27 00:00:00,97.003,93.3,58.3,74.1,96.6,234,73.7,,,,,,,,14.35 
2018-08-28 00:00:00,96.813,93.3,57.9,73.8,93.4,214,73.3,,,,,,,,14.35 
2018-08-29 00:00:00,96.452,93.3,58.6,73.7,97.7,171,73.1,,,,,,,,14.34 
2018-08-30 00:00:00,96.276,93.3,58.8,73.5,98.7,214,72.9,,,,,,,,14.27 
2018-08-31 00:00:00,96.224,93.0,57.7,73.0,97.5,263,72.2,,,,,,,,14.31 
2018-09-01 00:00:00,96.107,93.2,59.0,73.9,95.4,169,72.8,,,,,,,,14.28 
2018-09-02 00:00:00,96.068,93.3,60.8,73.8,99.3,227,73.6,,,,,,,,14.30 
2018-09-03 00:00:00,95.990,93.2,59.6,74.5,97.6,204,73.8,,,,,,,,14.24 
2018-09-04 00:00:00,95.799,93.2,59.8,74.6,98.3,309,73.7,,,,,,,,14.26 
2018-09-05 00:00:00,95.786,93.3,61.9,74.3,99.9,296,73.9,,,,,,,,14.33 
2018-09-06 00:00:00,95.350,93.6,61.8,74.9,99.0,336,74.3,,,,,,,,14.29 
2018-09-07 00:00:00,95.048,93.4,60.8,73.3,98.1,229,72.9,,,,,,,,14.28 
2018-09-08 00:00:00,94.817,93.4,60.1,73.0,99.5,249,72.3,,,,,,,,14.27 
2018-09-09 00:00:00,94.788,93.5,60.1,73.6,99.8,195,73.3,,,,,,,,14.28 
2018-09-10 00:00:00,94.937,93.4,61.2,72.9,99.9,196,72.5,,,,,,,,14.21 
2018-09-11 00:00:00,95.031,93.4,62.2,72.6,99.9,234,72.2,,,,,,,,14.25 
2018-09-12 00:00:00,94.512,93.6,61.8,74.4,99.9,237,73.9,,,,,,,,14.22 
2018-09-13 00:00:00,94.193,93.7,61.7,75.3,99.9,221,74.4,,,,,,,,14.20 
2018-09-14 00:00:00,93.770,93.6,59.7,75.5,99.9,239,74.8,,,,,,,,14.24 
2018-09-15 00:00:00,93.443,93.0,59.5,71.8,99.9,115,71.8,,,,,,,,14.17 
2018-09-16 00:00:00,94.252,92.5,59.3,67.3,99.9,55,67.3,,,,,,,,13.86 
2018-09-17 00:00:00,94.338,93.1,62.4,71.7,99.9,174,72.3,,,,,,,,14.10 
2018-09-18 00:00:00,93.578,93.3,60.8,72.0,99.9,249,71.9,,,,,,,,14.20 
2018-09-19 00:00:00,93.037,92.7,58.9,71.4,99.5,234,70.6,,,,,,,,14.22 
2018-09-20 00:00:00,92.510,92.7,58.6,72.9,99.7,274,72.5,,,,,,,,14.23 
2018-09-21 00:00:00,92.235,92.3,57.5,72.6,98.9,185,71.6,,,,,,,,14.20 
2018-09-22 00:00:00,91.831,91.8,56.4,71.9,97.8,185,71.1,,,,,,,,14.21 
2018-09-23 00:00:00,91.225,91.1,56.8,70.2,99.9,198,69.2,,,,,,,,14.20 
2018-09-24 00:00:00,91.158,90.1,58.6,67.7,99.9,168,67.6,,,,,,,,14.13 
2018-09-25 00:00:00,91.493,89.5,60.8,69.4,99.9,261,69.6,,,,,,,,14.22 
2018-09-26 00:00:00,91.270,90.6,62.0,69.3,99.9,169,69.0,,,,,,,,14.10 
2018-09-27 00:00:00,91.371,90.7,62.4,68.3,99.9,125,68.4,,,,,,,,13.94 
2018-09-28 00:00:00,91.205,91.2,60.5,70.1,99.9,303,71.2,,,,,,,,14.17 
2018-09-29 00:00:00,90.375,91.2,59.4,69.1,99.8,175,74.8,,,,,,,,14.16 
2018-09-30 00:00:00,91.531,92.1,64.2,68.1,99.9,100,68.0,,,,,,,,14.04 
2018-10-01 00:00:00,91.667,92.0,60.4,70.3,99.9,227,70.3,,,,,,,,14.05 
2018-10-02 00:00:00,95.125,92.2,60.6,68.5,99.6,172,68.1,,,,,,,,14.09 
2018-10-03 00:00:00,105.268,94.6,65.4,70.2,99.7,192,68.7,,,,,,,,14.10 
2018-10-04 00:00:00,102.658,94.9,60.7,71.6,99.1,145,70.3,,,,,,,,14.13 
2018-10-05 00:00:00,101.120,95.0,61.4,71.8,98.7,149,70.7,,,,,,,,14.12 
2018-10-06 00:00:00,99.578,95.2,61.6,72.6,99.8,163,71.3,,,,,,,,14.09 
2018-10-07 00:00:00,98.988,94.9,60.9,74.1,98.2,152,72.4,,,,,,,,14.10 
2018-10-08 00:00:00,98.595,94.4,60.5,71.4,99.9,176,70.4,,,,,,,,14.02 
2018-10-09 00:00:00,98.291,94.4,59.3,68.4,99.9,99,68.7,,,,,,,,13.89 
2018-10-10 00:00:00,98.459,94.4,60.6,69.5,99.9,112,70.0,,,,,,,,13.70 
2018-10-11 00:00:00,98.457,94.2,56.4,65.2,99.9,123,66.8,,,,,,,,13.67 
2018-10-12 00:00:00,97.242,93.9,50.2,55.2,92.1,97,59.0,,,,,,,,13.76 
2018-10-13 00:00:00,96.904,93.7,51.4,54.2,97.8,106,65.6,,,,,,,,13.72 
2018-10-14 00:00:00,95.700,93.4,54.4,57.2,99.9,142,65.3,,,,,,,,13.57 
2018-10-15 00:00:00,95.707,93.8,58.0,66.3,95.9,192,70.2,,,,,,,,13.56 
2018-10-16 00:00:00,96.295,93.4,59.1,63.1,99.9,100,63.1,,,,,,,,13.42 
2018-10-17 00:00:00,99.152,90.9,56.7,58.4,95.8,187,58.9,,,,,,,,13.45 
2018-10-18 00:00:00,106.120,90.9,61.6,54.9,88.0,103,53.7,,,,,,,,13.46 
2018-10-19 00:00:00,106.278,91.1,60.9,56.7,93.7,117,54.5,,,,,,,,13.45 
2018-10-20 00:00:00,100.077,91.4,60.1,58.2,99.7,168,58.6,,,,,,,,13.30 
2018-10-21 00:00:00,105.988,90.1,51.7,45.4,85.6,85,45.4,,,,,,,,13.40 
2018-10-22 00:00:00,105.520,89.3,52.7,46.7,87.3,129,45.5,,,,,,,,13.34 
2018-10-23 00:00:00,104.458,89.5,51.5,49.0,92.8,202,48.0,,,,,,,,13.30 
2018-10-24 00:00:00,100.957,89.7,49.3,50.0,85.2,86,49.2,,,,,,,,13.28 
2018-10-25 00:00:00,101.769,89.8,51.0,46.0,99.8,72,45.7,,,,,,,,13.16 
2018-10-26 00:00:00,102.362,89.5,52.0,45.3,99.9,38,46.0,,,,,,,,12.90 
2018-10-27 00:00:00,102.358,89.7,52.1,48.8,99.9,91,49.4,,,,,,,,12.85 
2018-10-28 00:00:00,98.465,90.3,52.5,53.7,91.9,114,53.7,,,,,,,,12.85 
2018-10-29 00:00:00,100.817,89.4,48.5,51.1,90.9,79,51.3,,,,,,,,12.86 
2018-10-30 00:00:00,95.415,89.5,50.0,49.7,88.4,110,47.0,,,,,,,,12.83 
2018-10-31 00:00:00,95.413,89.3,52.2,54.3,94.1,173,52.4,,,,,,,,12.76 
2018-11-01 00:00:00,96.054,87.6,56.0,60.0,99.9,77,60.4,,,,,,,,12.56 
2018-11-02 00:00:00,95.124,85.5,56.7,54.0,99.9,59,54.9,,,,,,,,12.17 
2018-11-04 00:00:00,79.001,85.1,49.8,60.3,65.4,218,56.4,,,,,,,,13.09 
2018-11-07 00:00:00,53.085,82.2,54.7,60.5,83.6,198,62.4,,,,,,,,14.19 
2018-11-08 00:00:00,94.248,71.7,56.1,53.1,99.9,132,53.6,,,,,,,,14.20 
2018-11-09 00:00:00,96.688,63.8,65.3,47.9,99.9,71,49.0,,,,,,,,13.96 
2018-11-10 00:00:00,99.864,77.0,57.3,35.2,96.6,186,36.5,,,,,,,,14.12 
2018-11-11 00:00:00,98.693,77.7,58.8,38.0,82.8,166,36.9,,,,,,,,14.13 
2018-11-12 00:00:00,96.171,70.7,68.7,39.6,99.9,40,40.1,,,,,,,,13.75 
2018-11-13 00:00:00,99.578,71.8,72.7,44.7,99.9,51,46.1,,,,,,,,13.72 
2018-11-14 00:00:00,98.538,74.0,70.9,40.1,99.9,47,41.3,,,,,,,,13.65 
2018-11-15 00:00:00,94.799,72.6,74.2,37.6,99.9,103,38.9,,,,,,,,13.70 
2018-11-16 00:00:00,91.508,73.5,66.3,36.8,96.9,225,38.0,,,,,,,,14.02 
2018-11-17 00:00:00,91.279,77.9,60.1,41.8,88.9,143,41.6,,,,,,,,14.18 
2018-11-18 00:00:00,90.884,77.1,55.0,41.4,96.0,193,40.8,,,,,,,,14.10 