2016-08-30 00:00:00,-1.694,73.5,99.3,73.1,80.7,16,71.2,,,,,,,,0.00 
2016-08-31 00:00:00,-1.699,74.1,99.6,73.8,81.0,16,70.0,,,,,,,,0.00 
2016-09-01 00:00:00,-1.682,74.0,102.7,73.6,86.2,9,68.9,,,,,,,,0.00 
2016-09-02 00:00:00,-1.652,72.2,101.7,71.9,84.3,3,65.7,,,,,,,,0.00 
2016-09-03 00:00:00,-1.645,69.1,95.0,68.7,77.4,8,63.3,,,,,,,,0.00 
2016-09-04 00:00:00,-1.662,70.6,98.7,70.4,80.4,9,64.6,,,,,,,,0.00 
2016-09-05 00:00:00,-1.649,70.0,98.4,69.6,80.8,8,66.5,,,,,,,,0.00 
2016-09-06 00:00:00,-1.653,69.6,95.9,69.2,78.3,10,68.4,,,,,,,,0.00 
2016-09-07 00:00:00,-1.665,70.3,95.2,69.8,77.7,10,69.6,,,,,,,,0.00 
2016-09-08 00:00:00,-1.670,70.7,97.4,70.4,79.7,10,70.9,,,,,,,,0.00 
2016-09-09 00:00:00,-1.678,72.2,99.7,71.9,81.7,12,71.4,,,,,,,,0.00 
2016-09-10 00:00:00,-1.684,73.0,98.6,72.6,80.7,9,71.5,,,,,,,,0.00 
2016-09-11 00:00:00,-1.705,73.4,93.9,73.2,75.5,11,68.0,,,,,,,,0.00 
2016-09-12 00:00:00,-1.683,72.0,97.8,71.6,80.1,11,68.9,,,,,,,,0.00 
2016-09-13 00:00:00,-1.680,73.1,99.1,72.7,81.7,9,67.5,,,,,,,,0.00 
2016-09-14 00:00:00,-1.648,70.2,98.7,69.1,83.2,3,65.7,,,,,,,,0.00 
2016-09-17 00:00:00,-1.686,73.3,96.5,73.3,77.7,19,69.4,,,,,,,,0.00 
2016-09-18 00:00:00,-1.663,71.8,101.3,71.4,84.4,5,67.6,,,,,,,,0.00 
2016-09-19 00:00:00,-1.668,73.1,100.8,73.1,83.3,21,67.4,,,,,,,,0.00 
2016-09-20 00:00:00,-1.673,71.3,95.5,71.1,77.5,18,68.2,,,,,,,,0.00 
2016-09-21 00:00:00,-1.665,70.2,97.1,69.9,79.6,7,68.2,,,,,,,,0.00 
2016-09-22 00:00:00,-1.659,70.9,99.8,70.7,81.8,18,67.4,,,,,,,,0.00 
2016-09-23 00:00:00,-1.683,72.4,97.1,72.4,78.4,28,68.2,,,,,,,,0.00 
2016-09-24 00:00:00,-1.693,71.7,92.4,71.5,74.2,15,69.4,,,,,,,,0.00 
2016-09-25 00:00:00,-1.686,71.7,96.1,71.4,78.7,7,70.3,,,,,,,,0.00 
2016-09-26 00:00:00,-1.670,72.5,100.8,72.2,84.1,7,68.2,,,,,,,,0.00 
2016-09-27 00:00:00,-1.646,71.6,101.7,71.3,85.5,8,66.0,,,,,,,,0.00 
2016-09-28 00:00:00,-1.636,69.7,100.6,69.3,84.4,15,65.1,,,,,,,,0.00 
2016-10-03 00:00:00,-2.419,67.9,86.6,68.1,74.4,42,63.8,,,,,,,, 
2016-10-04 00:00:00,-1.649,67.2,84.7,67.0,77.6,19,62.4,,,,,,,, 
2016-10-05 00:00:00,-1.654,67.6,80.0,66.9,74.6,72,61.3,,,,,,,, 
2016-10-06 00:00:00,-1.639,66.7,79.8,65.7,74.9,66,59.9,,,,,,,, 
2016-10-07 00:00:00,-1.635,68.7,88.7,67.7,83.8,8,61.7,,,,,,,, 
2016-10-08 00:00:00,-1.631,69.9,88.2,68.9,83.2,13,60.2,,,,,,,, 
2016-10-09 00:00:00,-1.126,65.4,67.3,64.3,60.9,55,49.4,,,,,,,, 
2016-10-30 00:00:00,63.343,81.6,60.1,65.5,67.5,812,62.0,,,,,,,, 
2016-10-31 00:00:00,63.387,76.5,68.6,60.2,78.9,1245,61.5,,,,,,,, 
2016-11-01 00:00:00,61.497,77.5,67.9,62.9,77.5,1113,62.5,,,,,,,, 
2016-11-02 00:00:00,63.163,77.5,66.1,59.3,79.0,971,62.2,,,,,,,, 
2016-11-03 00:00:00,66.278,75.2,70.7,58.7,82.6,515,60.5,,,,,,,, 
2016-11-04 00:00:00,65.665,76.1,64.6,58.2,76.8,1227,56.7,,,,,,,, 
2016-11-05 00:00:00,65.648,69.9,70.7,46.9,76.2,1170,50.2,,,,,,,, 
2016-11-06 00:00:00,64.625,72.1,65.6,47.2,75.7,990,53.6,,,,,,,, 
2016-11-07 00:00:00,64.867,70.3,69.7,47.3,73.9,1146,53.0,,,,,,,, 
2016-11-08 00:00:00,64.781,67.2,74.7,46.1,78.1,455,52.3,,,,,,,, 
2016-11-09 00:00:00,64.237,67.5,70.4,50.5,72.8,416,47.4,,,,,,,, 
2016-11-10 00:00:00,64.408,67.5,71.4,45.1,69.7,1075,44.4,,,,,,,, 
2016-11-11 00:00:00,64.199,64.8,71.2,44.5,72.0,989,47.4,,,,,,,, 
2016-11-12 00:00:00,64.402,65.3,74.0,41.0,79.6,890,43.3,,,,,,,, 
2016-11-13 00:00:00,64.328,63.5,76.7,39.8,80.5,517,44.2,,,,,,,, 
2016-11-14 00:00:00,63.960,67.0,76.0,42.2,78.7,801,45.4,,,,,,,, 
2016-11-15 00:00:00,63.867,67.5,77.7,41.8,78.8,795,44.8,,,,,,,, 
2016-11-16 00:00:00,63.361,69.9,75.8,46.8,77.2,917,45.9,,,,,,,, 
2016-11-17 00:00:00,63.072,72.0,72.8,46.5,76.8,967,49.9,,,,,,,, 
2016-11-18 00:00:00,62.876,75.3,63.7,48.2,73.7,944,55.5,,,,,,,, 
2016-11-19 00:00:00,62.770,68.8,56.8,39.2,80.6,265,45.4,,,,,,,, 
2016-11-20 00:00:00,62.652,69.3,65.2,35.1,58.6,843,31.1,,,,,,,, 
2016-11-21 00:00:00,62.375,73.1,64.6,33.4,60.5,845,31.3,,,,,,,, 
2016-11-22 00:00:00,62.127,80.7,63.8,36.5,64.2,769,42.1,,,,,,,, 
2016-11-23 00:00:00,61.902,80.6,59.4,47.1,60.6,562,47.3,,,,,,,, 
2016-11-24 00:00:00,61.986,82.1,59.0,52.0,87.8,589,50.7,,,,,,,, 
2016-11-25 00:00:00,61.847,85.5,57.9,43.9,88.8,506,50.5,,,,,,,, 
2016-11-26 00:00:00,62.170,82.6,47.5,39.7,76.1,747,38.6,,,,,,,, 
2016-11-27 00:00:00,62.131,82.9,48.4,33.6,71.6,684,43.2,,,,,,,, 
2016-11-28 00:00:00,61.920,76.7,56.9,44.6,79.4,174,45.2,,,,,,,, 
2016-11-29 00:00:00,62.598,81.8,59.4,56.9,93.4,391,53.7,,,,,,,, 
2016-11-30 00:00:00,62.734,87.9,62.0,60.0,92.9,135,55.8,,,,,,,, 
2016-12-01 00:00:00,62.888,81.4,44.9,41.1,82.4,738,40.8,,,,,,,, 
2016-12-02 00:00:00,62.573,74.4,43.2,36.2,79.8,733,37.9,,,,,,,, 
2016-12-03 00:00:00,61.973,68.3,53.8,39.0,81.1,409,39.7,,,,,,,, 
2016-12-04 00:00:00,61.808,63.6,61.0,41.2,98.8,92,41.0,,,,,,,, 
2016-12-05 00:00:00,62.866,70.2,61.1,48.3,97.0,362,46.5,,,,,,,, 
2016-12-06 00:00:00,63.544,68.5,56.2,46.7,99.9,129,45.9,,,,,,,, 
2016-12-07 00:00:00,62.378,77.6,45.6,43.9,92.3,638,43.9,,,,,,,, 
2016-12-08 00:00:00,55.000,75.2,38.6,35.4,78.6,101,36.2,,,,,,,, 
2016-12-09 00:00:00,60.160,85.7,44.9,27.0,71.0,,23.9,,,,,,,, 
2016-12-10 00:00:00,60.742,59.3,41.0,25.9,70.7,0,25.0,,,,,,,, 
2016-12-11 00:00:00,61.360,56.8,53.7,33.5,81.1,1323,33.8,,,,,,,, 
2016-12-12 00:00:00,62.283,63.1,60.7,47.0,95.8,269,42.5,,,,,,,, 
2016-12-13 00:00:00,62.779,57.8,56.3,39.4,98.5,226,40.0,,,,,,,, 
2016-12-14 00:00:00,62.898,54.0,61.8,39.0,95.0,540,35.6,,,,,,,, 
2016-12-15 00:00:00,62.720,40.9,49.1,27.5,63.0,1170,22.1,,,,,,,, 
2016-12-16 00:00:00,62.580,31.8,57.4,26.2,71.8,307,25.3,,,,,,,, 
2016-12-17 00:00:00,62.417,59.4,69.6,51.9,86.2,693,46.0,,,,,,,, 
2016-12-18 00:00:00,62.683,63.7,61.6,49.4,94.5,109,45.9,,,,,,,, 
2016-12-19 00:00:00,62.878,48.4,62.1,36.5,93.2,407,33.1,,,,,,,, 
2016-12-20 00:00:00,62.717,49.8,57.9,35.1,87.9,534,33.6,,,,,,,, 
2016-12-21 00:00:00,62.516,47.3,58.4,37.4,77.6,1176,40.3,,,,,,,, 
2016-12-22 00:00:00,62.228,53.4,54.9,42.9,71.0,961,40.2,,,,,,,, 
2016-12-23 00:00:00,62.013,50.3,51.5,43.0,62.4,1156,42.4,,,,,,,, 
2016-12-24 00:00:00,62.013,56.5,68.5,50.4,91.3,318,47.0,,,,,,,, 
2016-12-25 00:00:00,62.281,65.3,70.2,55.9,94.5,642,52.5,,,,,,,, 
2016-12-26 00:00:00,62.401,65.9,65.1,54.9,92.0,509,50.2,,,,,,,, 
2016-12-27 00:00:00,62.619,58.3,69.6,48.1,97.7,315,48.4,,,,,,,, 
2016-12-28 00:00:00,62.726,52.4,59.8,40.3,81.3,1301,41.3,,,,,,,, 
2016-12-29 00:00:00,62.866,49.4,59.9,42.7,71.0,887,38.6,,,,,,,, 
2016-12-30 00:00:00,62.176,41.1,50.6,33.6,59.6,1271,28.4,,,,,,,, 
2016-12-31 00:00:00,62.197,35.5,67.4,32.8,81.3,330,34.2,,,,,,,, 
2017-01-01 00:00:00,62.261,51.7,77.1,47.5,95.3,341,44.7,,,,,,,, 
2017-01-02 00:00:00,62.710,57.6,79.4,51.2,99.7,320,50.8,,,,,,,, 
2017-01-03 00:00:00,62.881,60.5,76.9,52.0,99.3,285,49.1,,,,,,,, 
2017-01-04 00:00:00,62.402,48.5,71.7,41.4,87.2,382,36.7,,,,,,,, 
2017-01-05 00:00:00,64.508,38.0,68.5,33.7,78.5,549,30.3,,,,,,,, 
2017-01-06 00:00:00,64.856,35.5,72.3,30.7,84.6,298,24.5,,,,,,,, 
2017-01-07 00:00:00,67.911,30.0,62.9,19.8,80.9,39,13.7,,,,,,,, 
2017-01-08 00:00:00,66.733,18.0,62.0,13.1,74.2,93,8.3,,,,,,,, 
2017-01-09 00:00:00,65.919,28.1,62.0,25.2,67.5,686,22.5,,,,,,,, 
2017-01-10 00:00:00,63.981,37.0,65.1,36.2,64.0,573,30.6,,,,,,,, 
2017-01-11 00:00:00,62.740,49.1,87.1,47.8,96.0,332,43.5,,,,,,,, 
2017-01-12 00:00:00,62.497,56.6,80.4,52.9,86.4,1273,51.3,,,,,,,, 
2017-01-13 00:00:00,71.800,59.4,94.2,54.6,99.9,232,52.6,,,,,,,, 
2017-01-14 00:00:00,69.402,56.3,94.4,52.8,99.2,387,51.5,,,,,,,, 
2017-01-15 00:00:00,70.368,58.3,95.7,54.2,99.9,351,51.1,,,,,,,, 
2017-01-16 00:00:00,71.049,59.4,90.9,54.1,92.2,748,50.4,,,,,,,, 
2017-01-17 00:00:00,71.798,55.8,96.0,52.1,98.8,257,51.0,,,,,,,, 
2017-01-18 00:00:00,58.968,72.1,77.3,50.1,90.1,592,47.0,,,,,,,, 
2017-01-19 00:00:00,65.266,89.1,54.1,47.1,78.0,1478,49.1,,,,,,,, 
2017-01-20 00:00:00,74.101,88.6,58.1,52.3,94.5,669,50.3,,,,,,,, 
2017-01-21 00:00:00,74.313,85.4,51.0,46.8,99.9,247,49.4,,,,,,,, 
2017-01-22 00:00:00,74.292,86.2,52.3,53.3,94.3,773,49.6,,,,,,,, 
2017-01-23 00:00:00,75.058,85.2,48.5,48.5,99.8,238,43.6,,,,,,,, 
2017-01-24 00:00:00,75.056,82.6,44.0,40.7,99.2,202,37.7,,,,,,,, 
2017-01-25 00:00:00,74.634,84.1,52.1,44.6,84.1,1393,49.2,,,,,,,, 
2017-01-26 00:00:00,74.035,86.1,44.7,44.9,76.0,1598,39.1,,,,,,,, 
2017-01-27 00:00:00,73.758,80.6,39.9,33.5,72.6,165,26.0,,,,,,,, 
2017-01-28 00:00:00,73.360,79.5,44.8,35.7,61.5,1639,28.4,,,,,,,, 
2017-01-29 00:00:00,73.225,78.4,49.1,36.1,75.9,314,29.3,,,,,,,, 
2017-01-30 00:00:00,73.982,77.2,49.0,30.8,75.5,908,24.6,,,,,,,, 
2017-01-31 00:00:00,73.004,80.4,51.5,37.8,74.0,1816,37.7,,,,,,,, 
2017-02-01 00:00:00,72.267,84.6,52.7,45.6,76.3,1507,45.4,,,,,,,, 
2017-02-02 00:00:00,72.799,87.5,52.0,45.8,83.6,565,41.2,,,,,,,, 
2017-02-03 00:00:00,73.447,82.8,42.5,36.9,68.7,275,31.9,,,,,,,, 
2017-02-04 00:00:00,73.810,78.8,44.4,29.8,52.1,1777,25.4,,,,,,,, 
2017-02-05 00:00:00,74.118,81.0,51.3,39.6,71.4,623,34.2,,,,,,,, 
2017-02-06 00:00:00,72.308,85.3,49.6,44.3,80.2,2245,45.6,,,,,,,, 
2017-02-07 00:00:00,71.793,89.1,55.1,50.8,86.8,1073,51.4,,,,,,,, 
2017-02-08 00:00:00,70.506,89.6,58.7,51.2,89.6,732,50.0,,,,,,,, 
2017-02-09 00:00:00,70.313,87.9,50.4,34.7,78.6,474,28.7,,,,,,,, 
2017-02-10 00:00:00,59.998,86.4,49.2,34.2,67.7,2165,31.4,,,,,,,, 
2017-02-11 00:00:00,54.331,88.5,60.3,45.8,89.3,418,43.1,,,,,,,, 
2017-02-12 00:00:00,63.695,91.6,62.5,57.7,78.1,952,44.1,,,,,,,, 
2017-02-13 00:00:00,51.989,90.4,50.6,42.5,50.4,2693,44.2,,,,,,,, 
2017-02-14 00:00:00,65.009,89.5,50.9,41.5,57.0,1678,44.2,,,,,,,, 
2017-02-15 00:00:00,60.256,89.8,48.8,40.7,73.1,693,44.1,,,,,,,, 
2017-02-16 00:00:00,59.369,88.7,48.1,36.9,56.5,1728,44.1,,,,,,,, 
2017-02-17 00:00:00,48.248,89.1,49.4,40.8,66.4,2200,45.2,,,,,,,, 
2017-02-18 00:00:00,57.506,90.2,49.9,44.0,72.6,820,45.5,,,,,,,, 
2017-02-19 00:00:00,71.651,92.0,51.3,49.9,82.5,636,45.0,,,,,,,, 
2017-02-20 00:00:00,71.492,93.4,50.1,48.3,70.4,3912,52.2,,,,,,,, 
2017-02-21 00:00:00,71.220,94.0,49.3,48.5,77.9,2828,50.3,,,,,,,, 
2017-02-23 00:00:00,71.223,94.1,62.2,65.6,63.9,2022,58.7,,,,,,,, 
2017-02-25 00:00:00,70.941,,,47.5,42.2,990,40.7,,,,,,,, 
2017-02-26 00:00:00,70.830,,,37.5,49.4,2373,31.6,,,,,,,, 
2017-02-27 00:00:00,70.101,,,42.6,61.7,419,42.2,,,,,,,, 
2017-02-28 00:00:00,70.167,,,50.6,85.5,1730,50.1,,,,,,,, 
2017-03-01 00:00:00,71.111,,,55.7,90.5,742,54.2,,,,,,,, 
2017-03-02 00:00:00,69.759,,,41.1,52.5,2416,34.2,,,,,,,, 
2017-03-03 00:00:00,68.470,,,34.1,58.4,1077,29.8,,,,,,,, 
2017-03-04 00:00:00,69.418,,,37.3,57.9,2424,34.1,,,,,,,, 
2017-03-05 00:00:00,64.191,,,44.5,54.2,2797,44.0,,,,,,,, 
2017-03-06 00:00:00,68.252,,,50.5,69.2,511,44.6,,,,,,,, 
2017-03-07 00:00:00,67.036,,,56.5,74.7,1517,47.8,,,,,,,, 
2017-03-08 00:00:00,65.252,,,48.6,60.1,2581,43.7,,,,,,,, 
2017-03-09 00:00:00,64.253,,,47.8,55.6,2843,47.4,,,,,,,, 
2017-03-10 00:00:00,69.795,,,45.2,85.0,663,44.4,,,,,,,, 
2017-03-17 00:00:00,76.844,,,48.6,69.5,123,42.3,,,,,,,, 
2017-03-18 00:00:00,77.035,,,50.6,71.9,97,44.7,,,,,,,, 
2017-03-19 00:00:00,65.822,,,40.4,56.0,91,32.7,,,,,,,, 
2017-03-20 00:00:00,64.826,,,45.5,64.9,605,44.1,,,,,,,, 
2017-03-21 00:00:00,66.512,,,58.6,72.5,390,57.6,,,,,,,, 
2017-03-22 00:00:00,68.821,,,45.9,53.0,58,43.0,,,,,,,, 
2017-03-23 00:00:00,68.771,,,44.7,52.2,648,41.1,,,,,,,, 
2017-03-24 00:00:00,68.875,,,54.7,51.7,627,48.8,,,,,,,, 
2017-03-25 00:00:00,76.798,,,57.4,67.5,388,53.5,,,,,,,, 
2017-03-26 00:00:00,87.472,,,61.0,70.1,171,54.2,,,,,,,, 
2017-03-27 00:00:00,88.303,,,58.3,86.0,293,57.1,,,,,,,, 
2017-03-28 00:00:00,91.341,,,58.6,82.8,148,52.6,,,,,,,, 
2017-03-29 00:00:00,93.029,,,59.3,64.2,666,55.2,,,,,,,, 
2017-03-30 00:00:00,92.834,,,56.5,84.0,155,55.8,,,,,,,, 
2017-03-31 00:00:00,96.673,,,56.9,78.7,125,49.3,,,,,,,, 
2017-04-01 00:00:00,96.506,,,53.3,65.4,87,45.8,,,,,,,, 
2017-04-02 00:00:00,95.167,,,45.8,84.0,758,48.1,,,,,,,, 
2017-04-03 00:00:00,80.876,94.9,70.9,56.7,34.3,31,53.3,,,,,,,, 
2017-04-04 00:00:00,79.225,95.1,71.1,60.5,26.5,140,55.8,,,,,,,, 
2017-04-05 00:00:00,75.323,94.8,70.0,51.4,99.0,25,54.4,,,,,,,, 
2017-04-06 00:00:00,82.221,94.4,62.8,47.1,83.3,28,39.7,,,,,,,, 
2017-04-07 00:00:00,81.495,94.0,60.6,43.9,62.7,61,34.6,,,,,,,, 
2017-04-08 00:00:00,79.653,94.5,67.4,44.3,55.9,29,40.7,,,,,,,, 
2017-04-09 00:00:00,78.279,94.5,68.8,52.6,49.6,130,42.4,,,,,,,, 
2017-04-10 00:00:00,78.930,95.1,70.4,60.3,47.7,44,53.6,,,,,,,, 
2017-04-11 00:00:00,79.299,95.1,71.2,63.9,59.2,111,61.0,,,,,,,, 
2017-04-12 00:00:00,82.691,95.1,70.4,63.4,67.4,270,59.0,,,,,,,, 
2017-04-13 00:00:00,90.544,95.2,64.7,61.2,58.9,6786,61.6,,,,,,,, 
2017-04-14 00:00:00,88.382,95.2,66.5,64.0,57.3,7042,63.9,,,,,,,, 
2017-04-15 00:00:00,88.532,95.2,67.6,66.1,57.7,5814,63.0,,,,,,,, 
2017-04-16 00:00:00,88.428,95.2,68.6,64.8,66.7,5074,61.0,,,,,,,, 
2017-04-17 00:00:00,88.637,95.1,70.2,62.6,76.0,3459,61.0,,,,,,,, 
2017-04-18 00:00:00,88.860,95.1,69.5,58.5,97.0,1392,56.4,,,,,,,, 
2017-04-19 00:00:00,88.056,95.2,69.5,60.7,94.0,1589,56.8,,,,,,,, 
2017-04-20 00:00:00,87.474,95.2,71.9,63.3,91.8,1886,59.9,,,,,,,, 
2017-04-21 00:00:00,86.926,95.1,71.9,64.2,86.3,3659,61.0,,,,,,,, 
2017-04-22 00:00:00,86.597,95.2,72.3,64.5,22.0,2617,59.7,,,,,,,, 
2017-04-25 00:00:00,85.075,95.0,69.1,,,3158,58.4,,,,,,,, 
2017-04-26 00:00:00,83.881,95.1,68.4,,,4158,61.6,,,,,,,, 
2017-04-27 00:00:00,82.944,95.2,69.8,,,203,58.5,,,,,,,, 
2017-04-28 00:00:00,81.890,95.3,68.3,,,123,64.3,,,,,,,, 
2017-04-29 00:00:00,81.198,95.3,68.1,81.7,45.6,133,69.8,,,,,,,, 
2017-04-30 00:00:00,82.210,95.1,67.7,73.7,55.0,96,66.1,,,,,,,, 
2017-05-01 00:00:00,82.876,95.1,66.0,66.8,72.7,28,62.0,,,,,,,, 
2017-05-02 00:00:00,81.657,95.0,60.3,62.5,41.6,66,55.1,,,,,,,, 
2017-05-03 00:00:00,80.718,95.0,65.0,67.5,47.0,85,59.5,,,,,,,, 
2017-05-04 00:00:00,81.907,95.0,64.7,63.5,58.5,72,57.3,,,,,,,, 
2017-05-05 00:00:00,82.982,94.8,61.0,54.7,87.3,30,49.4,,,,,,,, 
2017-05-06 00:00:00,81.453,94.0,52.0,45.7,91.5,9,40.1,,,,,,,, 
2017-05-07 00:00:00,81.218,94.2,52.3,52.0,64.0,53,45.5,,,,,,,, 
2017-05-08 00:00:00,80.099,94.7,56.3,56.9,59.5,159,51.0,,,,,,,, 
2017-05-09 00:00:00,80.343,95.0,65.4,65.7,67.6,58,59.5,,,,,,,, 
2017-05-10 00:00:00,83.140,95.0,67.9,68.2,65.3,132,64.3,,,,,,,, 
2017-05-11 00:00:00,85.755,94.9,68.0,67.8,67.6,85,64.8,,,,,,,, 
2017-05-12 00:00:00,88.648,95.0,68.7,65.3,85.3,134,60.4,,,,,,,, 
2017-05-13 00:00:00,89.403,94.9,67.5,62.6,80.8,279,57.3,,,,,,,, 
2017-05-14 00:00:00,87.148,95.0,64.5,61.9,67.7,994,58.9,,,,,,,, 
2017-05-15 00:00:00,87.051,95.0,64.8,67.0,65.3,1100,64.4,,,,,,,, 
2017-05-16 00:00:00,88.277,95.0,65.4,70.8,63.3,1197,68.8,,,,,,,, 
2017-05-17 00:00:00,90.044,94.9,64.0,72.3,60.7,1253,68.5,,,,,,,, 
2017-05-18 00:00:00,90.881,95.1,64.9,71.5,71.7,791,67.8,,,,,,,, 
2017-05-19 00:00:00,91.314,95.2,67.0,70.9,85.3,1083,69.9,,,,,,,, 
2017-05-20 00:00:00,90.790,95.2,63.4,74.4,65.2,961,71.5,,,,,,,, 
2017-05-21 00:00:00,92.137,94.8,64.2,65.1,99.7,123,61.9,,,,,,,, 
2017-05-22 00:00:00,91.396,94.9,64.4,67.6,89.0,338,63.4,,,,,,,, 
2017-05-23 00:00:00,91.252,94.8,62.6,63.7,99.9,91,59.4,,,,,,,, 
2017-05-24 00:00:00,90.986,94.6,59.6,63.1,96.7,180,57.3,,,,,,,, 
2017-05-25 00:00:00,90.226,94.3,55.5,56.6,89.9,312,48.7,,,,,,,, 
2017-05-26 00:00:00,88.824,94.7,58.8,65.1,71.2,749,58.7,,,,,,,, 
2017-05-27 00:00:00,88.229,94.9,65.2,69.3,78.3,1086,65.0,,,,,,,, 
2017-05-28 00:00:00,88.609,94.6,65.5,66.1,93.3,162,60.9,,,,,,,, 
2017-05-29 00:00:00,88.065,94.2,61.9,66.2,92.8,353,62.4,,,,,,,, 
2017-05-30 00:00:00,87.251,94.8,60.9,69.3,77.1,52,63.8,,,,,,,, 
2017-05-31 00:00:00,86.350,94.7,62.4,68.7,72.0,15,64.1,,,,,,,, 
2017-06-01 00:00:00,85.799,94.3,63.5,68.3,71.0,671,64.1,,,,,,,, 
2017-06-02 00:00:00,85.223,94.8,62.1,69.3,71.2,626,65.5,,,,,,,, 
2017-06-03 00:00:00,84.674,94.9,62.6,70.2,68.1,715,68.0,,,,,,,, 
2017-06-04 00:00:00,84.510,94.9,64.9,68.7,86.0,718,66.6,,,,,,,, 
2017-06-05 00:00:00,84.425,94.9,64.8,69.3,95.2,217,63.8,,,,,,,, 
2017-06-06 00:00:00,83.867,94.8,62.9,70.2,74.5,385,63.8,,,,,,,, 
2017-06-07 00:00:00,83.197,94.8,60.5,66.5,64.2,852,61.1,,,,,,,, 
2017-06-08 00:00:00,82.813,94.9,62.4,63.9,81.3,473,57.9,,,,,,,, 
2017-06-09 00:00:00,82.255,94.4,61.5,65.4,77.3,177,61.1,,,,,,,, 
2017-06-10 00:00:00,81.497,95.0,62.0,69.6,68.7,757,66.5,,,,,,,, 
2017-06-11 00:00:00,81.016,95.1,62.2,71.4,69.7,808,68.9,,,,,,,, 
2017-06-12 00:00:00,80.894,95.2,64.7,72.2,79.3,244,68.9,,,,,,,, 
2017-06-13 00:00:00,80.973,95.1,64.3,73.3,76.8,681,67.7,,,,,,,, 
2017-06-14 00:00:00,81.153,95.4,65.4,72.7,84.0,196,68.4,,,,,,,, 
2017-06-15 00:00:00,80.860,95.0,66.8,71.8,85.6,392,68.0,,,,,,,, 
2017-06-16 00:00:00,80.775,95.2,67.1,72.9,81.4,332,66.3,,,,,,,, 
2017-06-17 00:00:00,80.750,95.2,67.5,72.7,87.2,526,68.9,,,,,,,, 
2017-06-18 00:00:00,80.652,95.0,67.0,73.7,81.4,614,68.7,,,,,,,, 
2017-06-19 00:00:00,80.693,94.9,69.3,72.0,90.5,255,66.5,,,,,,,, 
2017-06-20 00:00:00,80.625,94.8,67.9,70.0,78.4,258,65.0,,,,,,,, 
2017-06-21 00:00:00,80.614,94.8,69.4,71.1,85.2,131,67.3,,,,,,,, 
2017-06-22 00:00:00,80.705,94.6,69.2,69.4,99.9,68,65.1,,,,,,,, 
2017-06-23 00:00:00,80.427,94.9,69.4,75.0,83.3,127,70.1,,,,,,,, 
2017-06-24 00:00:00,80.192,94.9,71.4,73.9,87.6,393,67.9,,,,,,,, 
2017-06-25 00:00:00,79.901,94.6,67.7,66.0,83.1,126,62.3,,,,,,,, 
2017-06-26 00:00:00,79.366,94.8,66.3,63.2,75.2,677,60.8,,,,,,,, 
2017-06-27 00:00:00,78.589,95.1,66.0,64.7,71.1,539,61.5,,,,,,,, 
2017-06-28 00:00:00,77.982,94.9,64.3,66.0,68.1,664,65.0,,,,,,,, 
2017-06-29 00:00:00,78.236,95.1,68.7,70.7,73.0,595,67.5,,,,,,,, 
2017-06-30 00:00:00,79.527,95.3,72.9,73.9,86.9,155,67.1,,,,,,,, 
2017-07-01 00:00:00,80.407,95.1,74.3,73.8,87.5,254,67.8,,,,,,,, 
2017-07-02 00:00:00,80.432,95.2,74.1,73.5,82.4,190,67.5,,,,,,,, 
2017-07-03 00:00:00,80.724,95.3,74.5,73.7,82.9,286,68.3,,,,,,,, 
2017-07-04 00:00:00,81.615,95.0,74.2,74.1,82.2,310,67.9,,,,,,,, 
2017-07-05 00:00:00,82.399,94.9,75.5,74.5,88.0,303,68.9,,,,,,,, 
2017-07-06 00:00:00,82.767,94.2,75.2,72.5,89.5,136,68.8,,,,,,,, 
2017-07-07 00:00:00,82.755,94.5,74.4,74.3,89.2,97,69.8,,,,,,,, 
2017-07-08 00:00:00,82.736,94.3,73.5,71.8,88.8,471,67.9,,,,,,,, 
2017-07-09 00:00:00,82.789,94.3,72.7,72.1,80.6,96,67.1,,,,,,,, 
2017-07-10 00:00:00,81.873,94.4,69.0,73.1,69.5,555,69.9,,,,,,,, 
2017-07-11 00:00:00,81.650,94.6,67.9,74.9,68.2,589,72.2,,,,,,,, 
2017-07-12 00:00:00,82.118,94.8,72.5,78.0,73.1,528,74.3,,,,,,,, 
2017-07-13 00:00:00,82.840,94.9,74.6,76.9,79.9,320,71.1,,,,,,,, 
2017-07-14 00:00:00,83.275,95.1,77.4,75.8,89.5,500,71.4,,,,,,,, 
2017-07-15 00:00:00,83.382,95.3,77.9,72.9,96.4,102,69.2,,,,,,,, 
2017-07-16 00:00:00,82.718,95.5,74.1,74.1,79.2,87,69.7,,,,,,,, 
2017-07-17 00:00:00,82.310,95.1,72.1,64.7,99.3,503,63.9,,,,,,,, 
2017-07-18 00:00:00,81.415,95.6,71.5,83.9,53.3,151,74.5,,,,,,,, 
2017-07-19 00:00:00,81.264,95.3,71.7,74.8,76.1,546,75.6,,,,,,,, 
2017-07-20 00:00:00,80.901,95.4,72.5,77.5,71.0,506,67.7,,,,,,,, 
2017-07-21 00:00:00,80.445,95.6,73.7,84.9,59.9,183,67.7,,,,,,,, 
2017-07-22 00:00:00,80.516,95.3,72.3,78.7,77.0,434,67.5,,,,,,,, 
2017-07-23 00:00:00,80.281,95.2,72.2,74.0,94.7,170,67.6,,,,,,,, 
2017-07-24 00:00:00,79.752,95.1,73.3,79.5,71.7,179,73.1,,,,,,,, 
2017-07-25 00:00:00,79.517,94.7,70.3,77.0,75.9,362,71.1,,,,,,,, 
2017-07-26 00:00:00,79.187,94.9,69.6,76.8,78.1,139,72.0,,,,,,,, 
2017-07-27 00:00:00,78.996,94.8,71.5,73.8,96.6,223,70.0,,,,,,,, 
2017-07-28 00:00:00,79.130,94.7,71.8,71.2,99.8,53,67.8,,,,,,,, 
2017-07-29 00:00:00,78.855,94.4,67.9,72.0,80.8,262,65.9,,,,,,,, 
2017-07-30 00:00:00,77.743,94.0,63.5,69.6,77.0,360,64.7,,,,,,,, 
2017-07-31 00:00:00,77.135,93.9,65.4,70.4,72.2,358,66.6,,,,,,,, 
2017-08-01 00:00:00,76.634,93.6,67.0,69.0,86.8,290,68.3,,,,,,,, 
2017-08-02 00:00:00,76.100,93.2,64.6,71.7,80.9,85,72.7,,,,,,,, 
2017-08-03 00:00:00,75.515,93.4,66.8,71.2,75.6,168,72.6,,,,,,,, 
2017-08-04 00:00:00,75.176,93.4,68.2,69.2,86.8,85,70.2,,,,,,,, 
2017-08-05 00:00:00,74.849,93.2,68.9,70.1,75.1,109,72.0,,,,,,,, 
2017-08-06 00:00:00,74.594,93.4,68.0,69.6,77.9,106,71.0,,,,,,,, 
2017-08-07 00:00:00,76.989,93.7,68.6,70.7,99.8,32,69.8,,,,,,,, 
2017-08-08 00:00:00,76.678,94.2,73.7,70.8,90.6,41,72.6,,,,,,,, 
2017-08-09 00:00:00,75.629,94.2,76.7,71.0,81.5,70,72.1,,,,,,,, 
2017-08-10 00:00:00,74.878,93.9,73.0,69.9,95.0,57,69.5,,,,,,,, 
2017-08-11 00:00:00,74.893,93.7,72.1,72.5,92.0,71,72.9,,,,,,,, 
2017-08-12 00:00:00,74.180,94.1,73.6,73.4,95.1,57,74.5,,,,,,,, 
2017-08-13 00:00:00,72.993,93.3,73.1,73.0,90.3,86,73.6,,,,,,,, 
2017-08-14 00:00:00,70.312,92.5,76.6,70.1,99.9,28,66.4,,,,,,,, 
2017-08-15 00:00:00,80.376,95.8,81.7,78.2,92.2,113,69.2,,,,,,,, 
2017-08-16 00:00:00,78.128,94.7,82.0,77.6,88.3,34,73.9,,,,,,,, 
2017-08-17 00:00:00,77.751,94.5,83.0,74.5,92.0,0,69.9,,,,,,,, 
2017-08-18 00:00:00,77.108,94.4,83.4,74.2,93.5,0,74.3,,,,,,,, 
2017-08-19 00:00:00,76.261,94.0,83.4,72.6,83.6,1937,73.9,,,,,,,, 
2017-08-20 00:00:00,75.310,94.1,83.3,73.5,82.3,1972,75.6,,,,,,,, 
2017-08-21 00:00:00,74.814,94.0,83.3,73.5,86.7,2029,74.3,,,,,,,, 
2017-08-22 00:00:00,74.380,94.0,83.0,75.0,83.2,268,75.7,,,,,,,, 
2017-08-23 00:00:00,73.993,93.8,82.5,73.6,84.8,0,73.7,,,,,,,, 
2017-08-24 00:00:00,73.499,93.5,81.9,70.3,79.3,4704,70.9,,,,,,,, 
2017-08-25 00:00:00,73.141,93.6,80.4,67.8,83.3,736,69.0,,,,,,,, 
2017-08-26 00:00:00,72.842,93.7,78.9,71.7,80.9,2433,59.9,,,,,,,, 
2017-08-27 00:00:00,72.482,93.7,77.8,71.1,81.7,22,60.1,,,,,,,, 
2017-08-28 00:00:00,73.609,93.6,76.9,65.5,80.3,2148,65.1,,,,,,,, 
2017-08-29 00:00:00,75.533,93.7,76.7,68.6,83.8,1012,68.0,,,,,,,, 
2017-08-30 00:00:00,74.942,93.6,77.6,70.3,85.7,4356,70.3,,,,,,,, 
2017-08-31 00:00:00,74.715,93.9,79.0,68.2,99.3,228,67.2,,,,,,,, 
2017-09-01 00:00:00,73.547,94.2,80.3,70.6,88.1,440,71.4,,,,,,,, 
2017-09-02 00:00:00,72.876,94.0,81.2,64.2,92.6,2252,62.8,,,,,,,, 
2017-09-03 00:00:00,72.415,94.0,80.4,65.8,76.7,581,65.9,,,,,,,, 
2017-09-04 00:00:00,70.408,94.3,78.7,66.7,79.7,1456,67.3,,,,,,,, 
2017-09-05 00:00:00,71.302,94.3,77.4,64.6,92.7,2893,64.7,,,,,,,, 
2017-09-06 00:00:00,73.813,93.8,76.0,59.9,94.4,3015,58.9,,,,,,,, 
2017-09-07 00:00:00,73.175,93.4,74.0,57.0,81.5,1030,56.7,,,,,,,, 
2017-09-08 00:00:00,72.269,93.0,72.4,59.0,79.8,1328,59.1,,,,,,,, 
2017-09-09 00:00:00,71.484,92.8,71.8,59.7,84.0,926,59.5,,,,,,,, 
2017-09-10 00:00:00,70.208,89.0,71.6,57.3,80.1,1085,56.9,,,,,,,, 
2017-09-11 00:00:00,75.307,83.7,71.7,54.8,99.7,679,53.1,,,,,,,, 
2017-09-12 00:00:00,85.919,92.2,74.1,64.3,90.3,2680,64.0,,,,,,,, 
2017-09-13 00:00:00,88.361,89.4,76.1,63.1,82.5,1303,63.8,,,,,,,, 
2017-09-14 00:00:00,95.199,90.3,76.7,64.6,91.6,2320,64.6,,,,,,,, 
2017-09-15 00:00:00,92.911,90.6,77.6,65.2,91.1,1354,65.3,,,,,,,, 
2017-09-16 00:00:00,91.333,90.2,73.2,66.4,84.1,1417,67.9,,,,,,,, 
2017-09-17 00:00:00,92.130,91.0,75.8,67.4,82.4,1870,67.3,,,,,,,, 
2017-09-18 00:00:00,93.193,91.7,76.4,68.4,78.8,1312,68.5,,,,,,,, 
2017-09-19 00:00:00,95.821,93.2,77.1,68.5,80.9,1285,67.8,,,,,,,, 
2017-09-20 00:00:00,99.408,94.1,77.6,70.4,81.6,1365,69.9,,,,,,,, 
2017-09-21 00:00:00,95.762,94.1,78.2,69.3,84.2,1573,68.4,,,,,,,, 
2017-09-22 00:00:00,98.065,93.9,78.2,70.9,81.3,1487,71.3,,,,,,,, 
2017-09-23 00:00:00,100.645,94.5,78.4,72.3,80.0,2409,71.7,,,,,,,, 
2017-09-24 00:00:00,99.748,94.0,78.5,70.2,77.9,2645,69.8,,,,,,,, 
2017-09-25 00:00:00,101.892,93.9,78.2,68.8,76.5,1268,68.3,,,,,,,, 
2017-09-26 00:00:00,103.025,94.1,77.5,69.4,77.2,860,68.8,,,,,,,, 
2017-09-27 00:00:00,102.731,93.9,77.1,71.0,75.8,875,70.4,,,,,,,, 
2017-09-28 00:00:00,108.817,94.1,76.2,70.6,77.9,1419,69.9,,,,,,,, 
2017-09-29 00:00:00,107.870,94.0,75.4,67.2,81.2,3278,66.4,,,,,,,, 
2017-09-30 00:00:00,113.078,93.8,74.8,62.0,68.1,586,60.1,,,,,,,, 
2017-10-01 00:00:00,109.531,93.5,73.0,55.5,72.0,887,53.8,,,,,,,, 
2017-10-02 00:00:00,110.245,93.3,71.8,56.6,73.9,687,55.1,,,,,,,, 
2017-10-03 00:00:00,114.824,93.3,64.3,59.8,74.8,638,58.9,,,,,,,, 
2017-10-04 00:00:00,116.637,93.4,57.4,70.8,53.9,1505,69.7,,,,,,,, 
2017-10-05 00:00:00,112.807,93.5,56.0,61.7,72.9,816,61.2,,,,,,,, 
2017-10-06 00:00:00,112.942,93.6,61.0,63.2,73.8,1749,62.1,,,,,,,, 
2017-10-07 00:00:00,114.843,93.6,62.6,68.4,83.1,1193,68.8,,,,,,,, 
2017-10-08 00:00:00,113.056,93.9,63.5,69.8,98.8,0,68.9,,,,,,,, 
2017-10-09 00:00:00,114.692,96.6,65.1,73.5,94.4,0,73.7,,,,,,,, 
2017-10-10 00:00:00,115.999,95.0,66.8,73.7,94.0,0,74.0,,,,,,,, 
2017-10-11 00:00:00,114.077,94.5,68.3,72.6,84.0,334,71.2,,,,,,,, 
2017-10-12 00:00:00,112.070,94.2,68.9,69.9,76.1,4032,68.7,,,,,,,, 
2017-10-13 00:00:00,110.252,93.9,68.8,68.9,79.2,352,67.0,,,,,,,, 
2017-10-14 00:00:00,108.835,94.0,68.8,71.7,78.7,1044,69.3,,,,,,,, 
2017-10-15 00:00:00,105.737,93.7,69.1,66.1,83.7,1755,65.3,,,,,,,, 
2017-10-16 00:00:00,101.804,94.0,66.8,55.4,84.3,1853,53.8,,,,,,,, 
2017-10-17 00:00:00,101.515,93.0,60.4,49.6,74.9,782,47.1,,,,,,,, 
2017-10-18 00:00:00,101.375,92.6,57.7,51.7,75.2,526,50.1,,,,,,,, 
2017-10-19 00:00:00,100.959,91.9,56.1,52.3,74.2,363,51.2,,,,,,,, 
2017-10-20 00:00:00,99.797,91.4,59.2,55.0,71.0,719,54.4,,,,,,,, 
2017-10-21 00:00:00,98.947,91.2,60.1,56.9,72.2,267,56.3,,,,,,,, 
2017-10-22 00:00:00,99.431,92.1,60.8,58.8,76.2,262,58.8,,,,,,,, 
2017-10-23 00:00:00,100.358,92.9,61.5,60.7,99.4,25,60.6,,,,,,,, 
2017-10-24 00:00:00,100.837,93.2,61.3,52.7,73.1,336,50.4,,,,,,,, 
2017-10-25 00:00:00,100.696,90.7,61.7,43.1,81.3,111,40.8,,,,,,,, 
2017-10-26 00:00:00,100.333,90.9,62.0,47.8,70.4,283,37.1,,,,,,,, 
2017-10-27 00:00:00,99.657,90.6,62.1,52.5,67.8,296,38.1,,,,,,,, 
2017-10-28 00:00:00,99.302,89.9,62.0,54.2,86.2,58,41.4,,,,,,,, 
2017-10-29 00:00:00,100.040,90.6,61.8,39.1,93.3,67,36.7,,,,,,,, 
2017-10-30 00:00:00,99.339,88.0,61.9,43.5,68.1,271,40.6,,,,,,,, 
2017-10-31 00:00:00,98.720,88.7,62.1,47.6,78.0,275,46.4,,,,,,,, 
2017-11-01 00:00:00,98.163,88.5,62.1,51.4,78.9,118,52.2,,,,,,,, 
2017-11-02 00:00:00,97.586,89.7,62.8,62.1,75.0,290,61.2,,,,,,,, 
2017-11-03 00:00:00,97.198,91.0,62.5,61.7,84.9,227,60.7,,,,,,,, 
2017-11-04 00:00:00,97.376,92.4,62.0,63.3,93.0,157,62.8,,,,,,,, 
2017-11-05 00:00:00,96.886,90.4,61.9,63.7,84.1,211,61.8,,,,,,,, 
2017-11-06 00:00:00,96.696,88.9,61.5,57.7,97.6,61,58.3,,,,,,,, 
2017-11-07 00:00:00,97.431,88.8,61.5,59.7,99.1,96,59.7,,,,,,,, 
2017-11-08 00:00:00,97.625,86.7,61.4,53.0,99.8,35,51.7,,,,,,,, 
2017-11-09 00:00:00,97.441,83.3,61.0,48.8,98.9,51,47.4,,,,,,,, 
2017-11-10 00:00:00,97.221,81.1,60.9,42.1,81.7,1426,39.4,,,,,,,, 
2017-11-11 00:00:00,96.866,78.8,60.9,40.1,79.4,204,37.1,,,,,,,, 
2017-11-12 00:00:00,96.561,75.7,61.0,44.3,86.3,44,42.9,,,,,,,, 
2017-11-13 00:00:00,96.407,75.6,61.4,47.9,86.3,149,46.0,,,,,,,, 
2017-11-14 00:00:00,96.231,73.6,60.5,44.2,84.7,132,42.4,,,,,,,, 
2017-11-15 00:00:00,96.006,72.9,60.4,47.5,76.2,181,40.1,,,,,,,, 
2017-11-16 00:00:00,95.573,74.1,60.7,50.2,71.6,206,47.6,,,,,,,, 
2017-11-17 00:00:00,95.456,73.4,60.4,44.1,71.1,213,42.7,,,,,,,, 
2017-11-18 00:00:00,95.269,74.8,59.9,51.6,80.7,133,51.6,,,,,,,, 
2017-11-19 00:00:00,96.502,78.9,59.5,39.0,91.1,38,37.0,,,,,,,, 
2017-11-20 00:00:00,96.395,71.7,59.0,37.2,78.0,197,34.6,,,,,,,, 
2017-11-21 00:00:00,96.283,70.7,59.3,42.1,91.2,780,44.2,,,,,,,, 
2017-11-22 00:00:00,96.496,67.3,59.2,42.2,78.4,887,41.9,,,,,,,, 
2017-11-23 00:00:00,97.783,68.3,59.4,38.7,80.4,201,37.2,,,,,,,, 
2017-11-24 00:00:00,96.756,66.4,59.0,40.6,80.2,208,40.3,,,,,,,, 
2017-11-25 00:00:00,94.951,63.3,58.9,43.1,78.5,137,45.4,,,,,,,, 
2017-11-26 00:00:00,94.838,62.7,58.8,39.3,70.8,206,38.8,,,,,,,, 
2017-11-27 00:00:00,94.670,61.5,58.5,37.1,72.0,209,37.1,,,,,,,, 
2017-11-28 00:00:00,94.440,60.0,58.3,39.1,70.0,210,40.2,,,,,,,, 
2017-11-29 00:00:00,94.181,63.2,58.4,41.3,77.8,212,43.6,,,,,,,, 
2017-11-30 00:00:00,93.965,63.1,58.3,46.5,82.7,155,47.7,,,,,,,, 
2017-12-01 00:00:00,93.831,64.4,59.3,52.7,86.2,181,52.5,,,,,,,, 
2017-12-02 00:00:00,93.685,63.5,59.3,49.2,88.5,107,50.2,,,,,,,, 
2017-12-03 00:00:00,93.453,62.9,58.9,45.4,80.2,204,46.3,,,,,,,, 
2017-12-04 00:00:00,93.441,60.0,58.4,43.0,77.3,200,44.4,,,,,,,, 
2017-12-05 00:00:00,93.846,64.2,58.8,49.3,99.6,23,51.2,,,,,,,, 
2017-12-06 00:00:00,94.494,69.8,58.1,37.8,85.1,37,36.5,,,,,,,, 
2017-12-07 00:00:00,93.920,58.2,56.5,37.8,73.6,121,36.7,,,,,,,, 
2017-12-08 00:00:00,96.765,56.2,55.8,34.0,97.3,221,32.0,,,,,,,, 
2017-12-09 00:00:00,101.740,57.4,55.8,32.8,87.2,633,31.8,,,,,,,, 
2017-12-10 00:00:00,99.962,59.6,56.4,30.6,70.4,998,31.5,,,,,,,, 
2017-12-11 00:00:00,95.270,60.8,56.6,33.1,84.9,728,34.4,,,,,,,, 
2017-12-12 00:00:00,93.499,59.7,56.6,32.4,72.7,110,32.8,,,,,,,, 
2017-12-13 00:00:00,93.302,63.0,57.0,29.6,50.6,216,27.9,,,,,,,, 
2017-12-14 00:00:00,90.861,58.9,56.8,37.6,69.5,196,38.5,,,,,,,, 
2017-12-15 00:00:00,93.023,60.8,56.7,30.8,80.7,77,29.4,,,,,,,, 
2017-12-16 00:00:00,92.776,60.5,56.7,33.9,73.6,190,32.7,,,,,,,, 
2017-12-17 00:00:00,92.953,62.0,56.8,32.6,91.8,37,33.4,,,,,,,, 
2017-12-18 00:00:00,92.346,65.7,57.7,43.0,85.9,164,45.9,,,,,,,, 
2017-12-19 00:00:00,92.878,64.2,58.0,48.7,70.4,116,51.2,,,,,,,, 
2017-12-20 00:00:00,94.021,67.6,58.9,51.2,99.9,175,50.9,,,,,,,, 
2017-12-21 00:00:00,94.748,74.0,58.5,47.9,93.4,57,48.1,,,,,,,, 
2017-12-22 00:00:00,94.337,66.8,57.5,45.6,96.0,93,46.7,,,,,,,, 
2017-12-23 00:00:00,94.444,72.9,58.4,52.2,99.8,86,52.8,,,,,,,, 
2017-12-24 00:00:00,94.197,72.3,58.1,46.6,90.0,80,45.2,,,,,,,, 
2017-12-25 00:00:00,93.805,65.5,56.8,28.5,56.6,92,25.1,,,,,,,, 
2017-12-26 00:00:00,93.510,65.9,56.5,31.8,59.5,109,29.7,,,,,,,, 
2017-12-27 00:00:00,93.285,66.0,56.6,29.7,80.7,123,27.8,,,,,,,, 
2017-12-28 00:00:00,93.071,65.0,56.4,27.5,79.9,178,25.0,,,,,,,, 
2017-12-29 00:00:00,92.905,61.8,56.2,31.9,65.3,177,30.1,,,,,,,, 
2017-12-30 00:00:00,92.811,63.0,56.4,31.6,76.9,65,30.7,,,,,,,, 
2017-12-31 00:00:00,92.597,61.7,56.4,27.1,74.2,25,24.4,,,,,,,, 
2018-01-01 00:00:00,92.257,64.4,56.0,16.8,59.6,132,12.4,,,,,,,, 
2018-01-02 00:00:00,92.508,53.5,53.0,16.9,61.9,179,12.6,,,,,,,, 
2018-01-03 00:00:00,92.454,47.5,52.5,22.8,59.2,158,21.0,,,,,,,, 
2018-01-04 00:00:00,92.310,47.9,52.8,19.7,50.4,80,16.6,,,,,,,, 
2018-01-05 00:00:00,92.161,43.8,51.5,16.6,49.0,109,13.2,,,,,,,, 
2018-01-06 00:00:00,92.011,41.9,51.8,14.7,53.3,190,10.8,,,,,,,, 
2018-01-07 00:00:00,91.950,40.7,51.9,20.7,52.4,184,18.5,,,,,,,, 
2018-01-08 00:00:00,91.783,46.9,53.2,31.1,70.7,38,31.5,,,,,,,, 
2018-01-09 00:00:00,91.630,56.8,55.2,43.1,87.2,126,44.7,,,,,,,, 
2018-01-10 00:00:00,91.373,57.1,56.2,44.6,92.4,99,47.5,,,,,,,, 
2018-01-11 00:00:00,91.800,57.6,57.1,50.3,99.9,49,51.2,,,,,,,, 
2018-01-12 00:00:00,92.693,75.5,58.5,52.7,99.9,187,53.4,,,,,,,, 
2018-01-13 00:00:00,92.922,61.4,56.1,25.9,89.4,0,23.0,,,,,,,, 
2018-01-14 00:00:00,91.412,50.1,53.7,21.2,74.9,266,17.9,,,,,,,, 
2018-01-15 00:00:00,91.458,44.3,53.7,26.4,81.4,215,23.8,,,,,,,, 
2018-01-16 00:00:00,91.596,44.5,54.8,31.0,80.8,182,29.8,,,,,,,, 
2018-01-17 00:00:00,88.637,38.6,54.6,19.0,71.2,1284,15.5,,,,,,,, 
2018-01-18 00:00:00,89.774,33.4,54.1,19.7,60.6,1775,15.6,,,,,,,, 
2018-01-19 00:00:00,90.559,38.2,55.2,27.5,66.1,511,27.3,,,,,,,, 
2018-01-20 00:00:00,91.319,44.0,55.8,37.2,88.4,86,40.1,,,,,,,, 
2018-01-21 00:00:00,91.209,51.9,56.9,41.4,85.9,189,44.6,,,,,,,, 
2018-01-22 00:00:00,91.696,52.9,57.1,44.8,91.1,74,48.7,,,,,,,, 
2018-01-23 00:00:00,92.102,56.8,57.7,45.7,70.9,239,45.3,,,,,,,, 
2018-01-24 00:00:00,91.613,48.3,57.3,36.7,66.0,154,34.4,,,,,,,, 
2018-01-25 00:00:00,91.409,44.9,56.7,34.5,67.0,264,33.6,,,,,,,, 
2018-01-26 00:00:00,91.177,43.9,56.3,35.0,66.7,184,36.9,,,,,,,, 
2018-01-27 00:00:00,90.962,49.7,56.8,45.5,86.2,80,47.6,,,,,,,, 
2018-01-28 00:00:00,91.497,52.7,57.4,46.7,99.9,20,47.4,,,,,,,, 
2018-01-29 00:00:00,91.652,53.3,58.0,43.8,75.3,244,42.0,,,,,,,, 
2018-01-30 00:00:00,91.186,43.6,57.7,29.8,66.3,445,25.9,,,,,,,, 
2018-01-31 00:00:00,90.517,40.9,57.1,32.0,68.3,276,29.9,,,,,,,, 
2018-02-01 00:00:00,91.462,44.9,57.1,38.7,80.6,143,40.2,,,,,,,, 
2018-02-02 00:00:00,89.533,43.0,57.4,28.7,70.2,274,23.9,,,,,,,, 
2018-02-03 00:00:00,90.922,39.8,56.8,32.2,51.2,318,29.5,,,,,,,, 
2018-02-04 00:00:00,90.810,45.0,57.2,39.1,84.4,30,38.1,,,,,,,, 
2018-02-05 00:00:00,90.924,44.9,57.6,35.0,87.5,196,32.9,,,,,,,, 
2018-02-06 00:00:00,93.218,44.3,57.7,39.6,95.3,74,40.5,,,,,,,, 
2018-02-07 00:00:00,91.842,53.2,58.5,47.6,99.9,13,48.3,,,,,,,, 
2018-02-08 00:00:00,91.285,48.3,58.9,37.3,75.1,320,34.6,,,,,,,, 
2018-02-09 00:00:00,90.714,48.2,58.3,40.2,66.8,343,40.0,,,,,,,, 
2018-02-10 00:00:00,90.673,55.9,58.4,50.0,98.0,54,50.9,,,,,,,, 
2018-02-11 00:00:00,92.294,76.2,60.1,56.6,99.9,3188,58.5,,,,,,,, 
2018-02-12 00:00:00,97.906,75.7,59.5,49.2,99.9,22,50.4,,,,,,,, 
2018-02-13 00:00:00,99.519,71.0,58.1,44.7,89.5,124,45.1,,,,,,,, 
2018-02-14 00:00:00,62.400,70.4,57.5,49.2,95.0,888,49.4,,,,,,,, 
2018-02-15 00:00:00,0.240,85.5,59.5,60.1,88.0,1287,62.6,,,,,,,, 
2018-02-16 00:00:00,0.240,81.1,59.8,53.5,98.5,1603,55.8,,,,,,,, 
2018-02-17 00:00:00,0.240,74.4,59.2,47.4,97.4,0,46.5,,,,,,,, 
2018-02-18 00:00:00,0.240,78.5,59.0,51.8,69.2,1708,51.1,,,,,,,, 
2018-02-19 00:00:00,0.240,79.8,59.1,56.0,82.4,614,57.4,,,,,,,, 
2018-02-20 00:00:00,0.240,85.4,59.4,62.9,78.4,604,62.7,,,,,,,, 
2018-02-21 00:00:00,0.240,90.2,59.8,66.6,86.2,5496,67.2,,,,,,,, 
2018-02-22 00:00:00,0.240,91.8,60.4,68.4,73.3,1512,68.8,,,,,,,, 
2018-02-23 00:00:00,0.240,92.0,60.8,61.6,74.9,990,62.3,,,,,,,, 
2018-02-24 00:00:00,0.240,92.3,61.0,62.1,74.8,486,63.3,,,,,,,, 
2018-02-25 00:00:00,0.240,91.9,61.0,57.8,91.0,1490,57.5,,,,,,,, 
2018-02-26 00:00:00,0.240,90.4,60.6,47.9,95.8,94,47.5,,,,,,,, 
2018-02-27 00:00:00,0.240,89.5,59.8,45.1,67.0,390,44.7,,,,,,,, 
2018-02-28 00:00:00,0.240,90.4,59.6,48.3,90.9,40,47.2,,,,,,,, 
2018-03-01 00:00:00,0.240,91.6,59.3,51.7,98.4,1320,51.2,,,,,,,, 
2018-03-02 00:00:00,0.240,89.6,58.8,43.3,59.1,344,42.1,,,,,,,, 
2018-03-03 00:00:00,0.240,89.0,58.2,40.2,45.3,413,39.2,,,,,,,, 
2018-03-04 00:00:00,0.240,90.6,57.8,41.1,60.5,430,41.3,,,,,,,, 
2018-03-05 00:00:00,0.240,91.0,57.4,43.8,61.9,271,44.6,,,,,,,, 
2018-03-06 00:00:00,0.240,91.2,57.2,44.3,98.1,49,43.3,,,,,,,, 
2018-03-07 00:00:00,0.240,90.6,56.6,35.3,79.7,112,33.0,,,,,,,, 
2018-03-08 00:00:00,0.240,89.9,55.6,33.5,72.4,260,32.2,,,,,,,, 
2018-03-09 00:00:00,0.240,90.0,54.9,39.3,50.5,425,38.0,,,,,,,, 
2018-03-10 00:00:00,0.240,90.7,54.4,42.1,85.0,67,41.9,,,,,,,, 
2018-03-11 00:00:00,0.240,90.9,54.0,44.7,99.9,50,44.4,,,,,,,, 
2018-03-12 00:00:00,0.240,90.7,53.3,37.9,94.7,45,36.5,,,,,,,, 
2018-03-13 00:00:00,0.240,89.5,52.5,37.3,65.0,323,34.8,,,,,,,, 
2018-03-14 00:00:00,0.240,88.5,52.1,32.5,67.5,1596,30.1,,,,,,,, 
2018-03-15 00:00:00,0.240,89.2,52.4,42.8,54.7,474,43.3,,,,,,,, 
2018-03-16 00:00:00,0.240,91.9,53.4,52.4,50.2,463,53.2,,,,,,,, 
2018-03-17 00:00:00,33.045,92.6,54.5,53.5,68.8,367,55.8,,,,,,,, 
2018-03-18 00:00:00,84.406,94.2,55.6,57.2,74.1,426,58.5,,,,,,,, 
2018-03-19 00:00:00,84.143,94.1,56.3,54.6,78.6,229,55.9,,,,,,,, 
2018-03-20 00:00:00,85.045,94.2,56.9,55.5,87.5,281,55.3,,,,,,,, 
2018-03-21 00:00:00,85.265,93.3,56.8,34.0,85.8,141,32.0,,,,,,,, 
2018-03-22 00:00:00,88.418,92.6,55.6,37.0,64.3,428,35.5,,,,,,,, 
2018-03-23 00:00:00,85.648,92.9,54.7,41.9,54.4,531,40.1,,,,,,,, 
2018-03-24 00:00:00,86.215,93.1,54.3,41.6,89.7,34,39.9,,,,,,,, 
2018-03-25 00:00:00,88.669,93.0,53.6,42.3,97.3,9,42.5,,,,,,,, 
2018-03-26 00:00:00,81.408,93.1,52.9,47.0,51.1,459,47.8,,,,,,,, 
2018-03-27 00:00:00,82.848,93.9,52.1,51.2,62.9,275,51.5,,,,,,,, 
2018-03-28 00:00:00,80.568,94.4,52.1,56.6,77.0,280,57.9,,,,,,,, 
2018-03-29 00:00:00,79.917,94.4,52.3,62.4,70.9,437,64.5,,,,,,,, 
2018-03-30 00:00:00,80.050,94.2,52.4,53.2,88.5,317,52.6,,,,,,,, 
2018-03-31 00:00:00,79.445,94.1,51.8,49.3,62.4,558,49.3,,,,,,,, 
2018-04-01 00:00:00,79.206,94.4,51.5,53.0,68.4,340,54.5,,,,,,,, 
2018-04-02 00:00:00,78.416,94.6,51.9,57.4,77.0,292,58.9,,,,,,,, 
2018-04-03 00:00:00,77.605,94.7,52.2,61.3,67.3,542,63.6,,,,,,,, 
2018-04-04 00:00:00,78.446,94.6,52.6,52.5,67.3,346,51.8,,,,,,,, 
2018-04-05 00:00:00,76.854,94.0,51.8,45.5,57.1,590,44.6,,,,,,,, 
2018-04-06 00:00:00,76.782,94.1,51.2,48.5,74.4,286,48.5,,,,,,,, 
2018-04-07 00:00:00,77.236,94.4,50.9,46.6,99.7,88,45.5,,,,,,,, 
2018-04-08 00:00:00,76.805,93.6,49.9,41.6,62.9,375,41.1,,,,,,,, 
2018-04-09 00:00:00,76.293,93.6,49.0,46.1,87.0,84,45.1,,,,,,,, 
2018-04-10 00:00:00,75.907,93.8,48.2,47.9,68.7,592,47.9,,,,,,,, 
2018-04-11 00:00:00,75.115,93.9,47.7,49.0,65.0,619,48.6,,,,,,,, 
2018-04-12 00:00:00,73.836,94.3,47.5,57.5,56.5,647,59.0,,,,,,,, 
2018-04-13 00:00:00,73.679,94.4,48.0,60.8,59.4,607,64.3,,,,,,,, 
2018-04-14 00:00:00,73.443,94.6,48.9,65.3,65.4,554,69.0,,,,,,,, 
2018-04-15 00:00:00,74.294,94.8,50.1,60.4,91.1,44,58.9,,,,,,,, 
2018-04-16 00:00:00,75.179,94.4,49.8,38.9,91.0,182,36.6,,,,,,,, 
2018-04-17 00:00:00,74.411,93.9,48.9,48.5,61.5,601,48.0,,,,,,,, 
2018-04-18 00:00:00,72.939,94.7,49.4,63.6,60.8,610,69.0,,,,,,,, 
2018-04-19 00:00:00,72.514,94.0,50.6,51.9,61.5,319,51.7,,,,,,,, 
2018-04-20 00:00:00,72.091,93.9,50.0,49.6,55.9,624,49.7,,,,,,,, 
2018-04-21 00:00:00,71.733,94.1,50.1,52.1,57.2,477,43.9,,,,,,,, 
2018-04-22 00:00:00,71.639,94.0,50.5,52.1,74.7,0,43.9,,,,,,,, 
2018-04-23 00:00:00,71.388,93.9,50.7,55.7,80.4,0,43.9,,,,,,,, 
2018-04-24 00:00:00,70.925,94.3,50.9,58.2,88.0,0,43.9,,,,,,,, 
2018-04-25 00:00:00,70.728,94.3,51.6,55.8,98.7,7,43.9,,,,,,,, 
2018-04-26 00:00:00,70.662,94.2,51.7,54.4,94.8,125,43.9,,,,,,,, 
2018-04-27 00:00:00,70.545,94.5,51.9,56.0,82.7,351,43.9,,,,,,,, 
2018-04-28 00:00:00,69.604,94.6,52.0,57.8,61.7,509,43.9,,,,,,,, 
2018-04-29 00:00:00,67.142,94.3,52.1,52.5,49.7,525,43.9,,,,,,,, 
2018-04-30 00:00:00,67.140,94.4,52.2,53.9,57.5,618,43.9,,,,,,,, 
2018-05-01 00:00:00,67.507,94.8,52.6,59.8,58.9,407,43.9,,,,,,,, 
2018-05-02 00:00:00,67.400,95.1,53.2,65.3,62.9,394,43.9,,,,,,,, 
2018-05-03 00:00:00,67.512,95.2,54.1,68.4,64.6,381,43.9,,,,,,,, 
2018-05-04 00:00:00,67.559,95.3,54.9,68.6,69.3,344,43.9,,,,,,,, 
2018-05-05 00:00:00,67.653,95.2,55.8,67.0,81.0,112,43.9,,,,,,,, 
2018-05-06 00:00:00,67.891,95.5,56.4,59.8,89.8,200,43.9,,,,,,,, 
2018-05-07 00:00:00,67.688,95.2,56.8,59.5,86.7,198,43.9,,,,,,,, 
2018-05-08 00:00:00,67.582,95.1,57.2,59.8,81.3,176,43.9,,,,,,,, 
2018-05-09 00:00:00,67.193,95.1,57.6,64.6,72.4,325,61.6,,,,,,,, 
2018-05-10 00:00:00,67.166,95.3,57.9,66.3,79.4,259,64.4,,,,,,,, 
2018-05-11 00:00:00,67.207,95.3,58.4,70.0,75.2,235,68.0,,,,,,,, 
2018-05-12 00:00:00,68.684,95.2,58.8,62.1,90.8,114,61.1,,,,,,,, 
2018-05-13 00:00:00,74.675,95.3,59.0,72.2,70.2,440,70.2,,,,,,,, 
2018-05-14 00:00:00,75.390,95.4,59.2,73.0,74.6,379,70.6,,,,,,,, 
2018-05-15 00:00:00,76.338,95.1,59.6,67.1,93.3,108,65.7,,,,,,,, 
2018-05-16 00:00:00,77.178,95.0,59.8,65.7,99.9,56,65.1,,,,,,,, 
2018-05-17 00:00:00,76.730,95.3,60.0,69.2,97.9,94,68.4,,,,,,,, 
2018-05-18 00:00:00,76.891,95.2,60.4,69.2,98.6,140,69.3,,,,,,,, 
2018-05-19 00:00:00,77.167,96.3,60.8,68.2,97.1,4330,68.1,,,,,,,, 
2018-05-20 00:00:00,77.448,96.8,61.1,68.0,98.7,957,68.3,,,,,,,, 
2018-05-21 00:00:00,77.388,96.4,61.5,69.4,93.3,4163,67.8,,,,,,,, 
2018-05-22 00:00:00,77.611,95.6,62.0,69.1,88.6,724,67.7,,,,,,,, 
2018-05-23 00:00:00,78.123,95.6,62.3,72.0,87.0,2491,71.0,,,,,,,, 
2018-05-24 00:00:00,78.644,95.3,62.7,71.9,83.7,67,70.5,,,,,,,, 
2018-05-25 00:00:00,79.297,95.4,63.2,78.9,66.6,0,77.2,,,,,,,, 
2018-05-26 00:00:00,80.057,95.2,63.5,70.9,97.9,0,70.1,,,,,,,, 
2018-05-27 00:00:00,80.430,95.2,63.7,71.4,94.0,248,71.1,,,,,,,, 
2018-05-28 00:00:00,80.900,94.9,64.0,68.6,99.9,68,67.6,,,,,,,, 
2018-05-29 00:00:00,80.739,95.1,64.1,69.5,99.9,184,69.0,,,,,,,, 
2018-05-30 00:00:00,77.163,95.1,64.4,71.3,96.8,0,71.5,,,,,,,, 
2018-05-31 00:00:00,75.169,95.6,64.4,70.2,99.2,877,70.2,,,,,,,, 
2018-06-01 00:00:00,81.794,95.4,64.7,69.5,94.4,1909,69.5,,,,,,,, 
2018-06-02 00:00:00,82.187,95.0,65.0,70.1,97.5,655,69.8,,,,,,,, 
2018-06-03 00:00:00,82.064,94.9,65.2,71.6,94.6,1279,71.4,,,,,,,, 
2018-06-04 00:00:00,81.813,94.8,65.4,67.4,80.9,1175,66.4,,,,,,,, 
2018-06-05 00:00:00,81.526,94.6,65.4,60.6,93.2,968,59.4,,,,,,,, 
2018-06-06 00:00:00,81.155,94.8,65.2,68.5,79.8,1106,67.1,,,,,,,, 
2018-06-07 00:00:00,81.144,94.9,65.2,69.6,80.1,212,68.8,,,,,,,, 
2018-06-08 00:00:00,81.294,95.0,65.2,73.4,81.4,809,74.1,,,,,,,, 
2018-06-09 00:00:00,81.361,95.0,65.4,72.5,85.9,1517,72.1,,,,,,,, 
2018-06-10 00:00:00,81.751,95.0,65.5,71.1,88.4,109,64.0,,,,,,,, 
2018-06-11 00:00:00,82.399,94.9,65.7,69.6,99.6,5,63.9,,,,,,,, 
2018-06-12 00:00:00,81.629,94.9,65.8,71.5,89.5,809,63.9,,,,,,,, 
2018-06-13 00:00:00,81.540,95.1,66.0,74.0,92.3,1011,63.9,,,,,,,, 
2018-06-14 00:00:00,81.603,95.1,66.2,73.9,91.8,1,63.9,,,,,,,, 
2018-06-15 00:00:00,81.571,95.1,66.5,72.6,85.5,2256,63.9,,,,,,,, 
2018-06-16 00:00:00,82.118,95.1,66.6,72.3,87.6,3524,63.9,,,,,,,, 
2018-06-17 00:00:00,82.606,95.2,66.9,74.4,88.5,213,63.9,,,,,,,, 
2018-06-18 00:00:00,82.920,95.1,67.2,76.8,85.5,213,63.9,,,,,,,, 
2018-06-19 00:00:00,83.543,95.1,67.4,78.0,83.7,197,63.9,,,,,,,, 
2018-06-20 00:00:00,84.400,95.0,67.8,77.2,87.9,186,63.9,,,,,,,, 
2018-06-21 00:00:00,84.837,94.9,68.0,72.6,98.1,63,63.9,,,,,,,, 
2018-06-22 00:00:00,84.736,94.8,68.1,72.5,92.9,64,63.9,,,,,,,, 
2018-06-23 00:00:00,84.543,94.9,68.3,74.4,83.4,17,63.9,,,,,,,, 
2018-06-24 00:00:00,85.147,94.9,68.4,73.6,93.1,12,63.9,,,,,,,, 
2018-06-25 00:00:00,85.615,94.8,68.7,71.4,96.9,296,63.9,,,,,,,, 
2018-06-26 00:00:00,86.605,94.8,68.9,71.2,99.5,0,63.9,,,,,,,, 
2018-06-27 00:00:00,86.606,94.7,69.1,69.1,99.9,85,63.9,,,,,,,, 
2018-06-28 00:00:00,86.471,94.7,69.0,70.0,99.9,408,63.9,,,,,,,, 
2018-06-29 00:00:00,86.112,94.9,69.1,73.0,94.9,91,63.9,,,,,,,, 
2018-06-30 00:00:00,86.721,95.0,69.2,74.1,93.8,1088,63.9,,,,,,,, 
2018-07-01 00:00:00,86.905,95.1,69.3,75.7,93.8,0,63.9,,,,,,,, 
2018-07-02 00:00:00,87.492,95.3,69.4,74.8,95.4,0,63.9,,,,,,,, 
2018-07-03 00:00:00,86.945,95.4,69.5,78.4,89.0,5,63.9,,,,,,,, 
2018-07-04 00:00:00,87.030,95.2,69.6,76.9,87.1,166,63.9,,,,,,,, 
2018-07-05 00:00:00,87.285,95.2,69.6,77.0,89.3,117,63.9,,,,,,,, 
2018-07-06 00:00:00,87.982,94.9,69.7,72.5,99.2,27,63.9,,,,,,,, 
2018-07-07 00:00:00,88.070,94.8,69.9,71.0,99.7,0,63.9,,,,,,,, 
2018-07-08 00:00:00,86.721,94.9,69.8,70.8,91.3,2156,63.9,,,,,,,, 
2018-07-09 00:00:00,86.269,94.9,69.9,72.3,85.6,1964,71.5,,,,,,,, 
2018-07-10 00:00:00,85.967,95.0,69.9,73.7,85.4,3604,71.9,,,,,,,, 
2018-07-11 00:00:00,85.935,95.1,69.9,80.6,78.8,0,79.2,,,,,,,, 
2018-07-12 00:00:00,86.496,94.9,70.0,77.8,85.5,0,76.4,,,,,,,, 
2018-07-13 00:00:00,87.271,94.8,70.1,76.0,89.1,0,75.1,,,,,,,, 
2018-07-14 00:00:00,87.806,94.9,70.2,77.7,84.1,0,77.1,,,,,,,, 
2018-07-15 00:00:00,88.360,94.7,70.3,75.8,87.9,0,74.4,,,,,,,, 
2018-07-16 00:00:00,89.852,94.8,70.4,73.9,99.2,0,71.9,,,,,,,, 
2018-07-17 00:00:00,89.837,94.8,70.6,74.7,98.7,0,68.4,,,,,,,, 
2018-07-18 00:00:00,88.800,94.6,70.5,74.7,86.5,0,74.4,,,,,,,, 
2018-07-19 00:00:00,88.095,94.4,70.2,70.7,92.8,2097,69.5,,,,,,,, 
2018-07-20 00:00:00,87.982,94.5,70.0,73.0,90.2,146,71.6,,,,,,,, 
2018-07-21 00:00:00,88.407,94.5,69.7,71.1,93.8,6345,71.3,,,,,,,, 
2018-07-22 00:00:00,88.811,94.4,69.5,68.8,99.9,0,68.3,,,,,,,, 
2018-07-23 00:00:00,88.212,94.6,69.4,70.2,97.0,2401,70.0,,,,,,,, 
2018-07-24 00:00:00,87.838,94.7,69.4,70.2,99.3,702,69.8,,,,,,,, 
2018-07-25 00:00:00,87.456,94.9,69.5,73.8,91.6,0,67.5,,,,,,,, 
2018-07-26 00:00:00,86.793,94.8,69.4,72.9,84.6,2000,69.1,,,,,,,, 
2018-07-27 00:00:00,86.746,94.8,69.3,72.2,90.3,861,69.1,,,,,,,, 
2018-07-28 00:00:00,86.610,94.7,69.2,72.6,84.5,4,69.1,,,,,,,, 
2018-07-29 00:00:00,86.445,94.8,69.2,72.2,87.3,1703,69.1,,,,,,,, 
2018-07-30 00:00:00,86.505,94.9,69.2,74.7,89.4,0,69.1,,,,,,,, 
2018-07-31 00:00:00,86.819,94.9,69.3,73.5,96.0,0,69.1,,,,,,,, 
2018-08-01 00:00:00,87.296,94.6,69.2,69.2,99.9,0,69.7,,,,,,,, 
2018-08-02 00:00:00,88.052,94.3,69.1,68.3,99.9,0,68.0,,,,,,,, 
2018-08-03 00:00:00,87.532,94.5,69.1,70.2,99.7,0,70.4,,,,,,,, 
2018-08-04 00:00:00,86.412,94.6,69.2,71.4,98.7,0,71.5,,,,,,,, 
2018-08-05 00:00:00,85.777,94.9,69.3,74.2,93.3,351,74.0,,,,,,,, 
2018-08-06 00:00:00,85.937,94.6,69.2,72.4,99.3,0,74.5,,,,,,,, 
2018-08-07 00:00:00,85.346,94.7,69.3,73.9,94.8,4,74.5,,,,,,,, 
2018-08-08 00:00:00,84.542,94.5,69.4,72.8,96.9,0,74.5,,,,,,,, 
2018-08-09 00:00:00,84.563,94.4,69.3,73.0,94.6,0,74.5,,,,,,,, 
2018-08-10 00:00:00,83.552,94.3,69.1,72.3,97.6,0,74.5,,,,,,,, 
2018-08-11 00:00:00,84.812,94.3,69.0,73.4,96.2,0,74.5,,,,,,,, 
2018-08-12 00:00:00,80.516,94.5,69.0,73.5,91.3,309,74.5,,,,,,,, 
2018-08-13 00:00:00,69.229,94.3,69.0,71.4,88.3,1157,74.5,,,,,,,, 
2018-08-14 00:00:00,68.622,94.9,69.2,75.8,82.9,330,74.5,,,,,,,, 
2018-08-15 00:00:00,68.503,94.8,69.2,72.2,89.4,1307,72.8,,,,,,,, 
2018-08-16 00:00:00,68.384,95.3,69.3,74.3,87.2,11,73.3,,,,,,,, 
2018-08-17 00:00:00,69.647,95.4,69.3,73.8,92.2,15,72.4,,,,,,,, 
2018-08-18 00:00:00,73.693,94.9,69.2,72.4,98.9,0,71.2,,,,,,,, 
2018-08-19 00:00:00,73.517,95.1,69.8,72.5,98.8,0,71.9,,,,,,,, 
2018-08-20 00:00:00,73.298,95.0,69.9,73.7,95.4,0,64.8,,,,,,,, 
2018-08-21 00:00:00,73.663,95.1,70.1,71.8,99.6,0,64.8,,,,,,,, 
2018-08-22 00:00:00,76.292,95.6,70.2,69.5,99.3,11,64.8,,,,,,,, 
2018-08-23 00:00:00,82.430,94.8,70.6,66.3,88.0,3674,64.8,,,,,,,, 
2018-08-24 00:00:00,80.088,94.4,71.0,64.7,83.3,964,64.8,,,,,,,, 
2018-08-25 00:00:00,77.937,94.9,71.1,66.3,87.5,120,64.8,,,,,,,, 
2018-08-26 00:00:00,77.128,95.1,71.0,72.3,89.3,131,64.8,,,,,,,, 
2018-08-27 00:00:00,76.675,95.2,71.0,73.0,91.6,143,64.8,,,,,,,, 
2018-08-28 00:00:00,76.266,95.3,71.0,73.2,87.6,14,62.6,,,,,,,, 
2018-08-29 00:00:00,75.933,95.2,71.0,73.3,87.5,166,52.5,,,,,,,, 
2018-08-30 00:00:00,75.886,95.0,70.9,71.8,92.6,94,52.5,,,,,,,, 
2018-08-31 00:00:00,75.542,94.9,70.7,72.3,88.3,183,52.5,,,,,,,, 
2018-09-01 00:00:00,75.184,95.1,70.5,72.8,89.1,299,58.6,,,,,,,, 
2018-09-02 00:00:00,75.069,95.3,70.3,74.0,87.5,95,52.5,,,,,,,, 
2018-09-03 00:00:00,74.740,95.3,70.0,74.8,86.3,7,,,,,,,,, 
2018-09-04 00:00:00,74.528,95.4,69.8,75.1,85.6,83,,,,,,,,, 
2018-09-05 00:00:00,74.315,95.6,69.7,76.0,84.5,182,83.8,,,,,,,, 
2018-09-06 00:00:00,93.128,95.3,70.2,71.1,98.8,1,84.0,,,,,,,, 
2018-09-07 00:00:00,92.607,95.2,70.4,72.7,84.9,188,82.8,,,,,,,, 
2018-09-08 00:00:00,90.352,94.5,71.1,73.8,86.8,196,82.9,,,,,,,, 
2018-09-09 00:00:00,87.174,95.0,71.6,73.1,92.4,227,71.3,,,,,,,, 
2018-09-10 00:00:00,84.972,95.4,71.7,72.2,95.5,88,70.5,,,,,,,, 
2018-09-11 00:00:00,84.433,95.7,71.7,74.1,98.7,0,74.3,,,,,,,, 
2018-09-12 00:00:00,84.548,95.5,71.6,70.7,98.9,0,69.4,,,,,,,, 
2018-09-13 00:00:00,85.085,95.4,71.6,73.5,93.7,7,72.4,,,,,,,, 
2018-09-14 00:00:00,82.086,95.3,71.7,74.8,86.5,158,74.0,,,,,,,, 
2018-09-15 00:00:00,80.908,95.4,71.5,71.5,95.8,26,70.7,,,,,,,, 
2018-09-16 00:00:00,80.013,95.1,71.2,69.5,99.3,0,68.9,,,,,,,, 
2018-09-17 00:00:00,80.270,95.3,70.7,71.4,99.7,0,71.0,,,,,,,, 
2018-09-18 00:00:00,79.703,95.2,70.2,72.2,92.6,0,71.3,,,,,,,, 
2018-09-19 00:00:00,78.504,95.0,69.6,71.0,90.9,2483,69.2,,,,,,,, 
2018-09-20 00:00:00,77.217,94.8,69.3,72.6,86.5,1710,70.2,,,,,,,, 
2018-09-21 00:00:00,77.718,94.6,69.1,73.6,80.6,763,71.5,,,,,,,, 
2018-09-22 00:00:00,76.155,94.1,68.7,72.1,86.6,147,70.0,,,,,,,, 
2018-09-23 00:00:00,76.084,93.1,67.9,71.1,87.2,129,60.2,,,,,,,, 
2018-09-24 00:00:00,76.054,91.0,67.1,68.9,90.2,79,66.2,,,,,,,, 
2018-09-25 00:00:00,75.556,90.5,66.3,69.5,94.9,59,68.0,,,,,,,, 
2018-09-26 00:00:00,75.461,90.3,65.6,68.6,99.2,0,67.2,,,,,,,, 
2018-09-27 00:00:00,75.949,90.1,65.2,68.5,99.9,0,67.3,,,,,,,, 
2018-09-28 00:00:00,77.250,91.2,64.7,69.2,92.6,334,67.7,,,,,,,, 
2018-09-29 00:00:00,79.667,88.6,64.0,67.6,87.4,5981,66.1,,,,,,,, 
2018-09-30 00:00:00,92.278,88.5,63.5,69.0,98.1,580,67.5,,,,,,,, 
2018-10-01 00:00:00,91.683,90.0,63.1,72.7,80.3,239,70.1,,,,,,,, 
2018-10-02 00:00:00,90.313,88.0,62.8,68.2,89.4,3827,66.4,,,,,,,, 
2018-10-03 00:00:00,89.203,89.7,62.6,72.5,81.8,233,70.0,,,,,,,, 
2018-10-04 00:00:00,87.111,87.8,62.2,69.8,86.9,2514,68.3,,,,,,,, 
2018-10-05 00:00:00,87.105,86.9,61.6,73.9,80.1,1619,70.7,,,,,,,, 
2018-10-06 00:00:00,86.728,84.1,61.5,71.5,87.0,187,68.4,,,,,,,, 
2018-10-07 00:00:00,86.146,84.1,61.6,74.2,84.5,200,71.4,,,,,,,, 
2018-10-08 00:00:00,85.814,80.8,61.8,71.3,84.6,194,68.2,,,,,,,, 
2018-10-09 00:00:00,84.152,78.6,61.8,68.6,92.7,62,67.3,,,,,,,, 
2018-10-10 00:00:00,85.839,80.1,62.0,69.9,99.3,61,68.7,,,,,,,, 
2018-10-11 00:00:00,90.467,79.7,62.3,65.5,99.9,1163,65.7,,,,,,,, 
2018-10-12 00:00:00,86.785,64.9,60.6,56.5,79.6,2064,54.3,,,,,,,, 
2018-10-13 00:00:00,85.701,61.2,60.3,55.1,83.3,141,52.3,,,,,,,, 
2018-10-14 00:00:00,85.317,62.2,60.2,57.1,97.7,52,55.0,,,,,,,, 
2018-10-15 00:00:00,85.013,71.1,61.6,65.7,89.0,157,63.6,,,,,,,, 
2018-10-16 00:00:00,84.936,71.0,62.6,63.3,99.9,907,62.7,,,,,,,, 
2018-10-17 00:00:00,84.951,65.6,62.1,57.9,81.8,339,55.9,,,,,,,, 
2018-10-18 00:00:00,84.148,56.7,60.8,53.5,74.5,240,49.6,,,,,,,, 
2018-10-19 00:00:00,83.574,55.8,61.1,53.3,82.8,192,48.9,,,,,,,, 
2018-10-20 00:00:00,83.299,62.2,61.8,57.3,88.4,64,55.6,,,,,,,, 
2018-10-21 00:00:00,82.892,50.4,60.8,46.0,55.2,242,37.7,,,,,,,, 
2018-10-22 00:00:00,82.567,48.1,59.8,46.8,71.6,249,41.4,,,,,,,, 
2018-10-23 00:00:00,82.241,50.8,60.3,48.5,77.4,154,45.9,,,,,,,, 
2018-10-24 00:00:00,81.960,51.4,60.5,49.1,74.5,253,45.2,,,,,,,, 
2018-10-25 00:00:00,81.762,47.4,60.2,46.3,83.7,74,43.7,,,,,,,, 
2018-10-26 00:00:00,83.280,50.5,61.2,47.8,99.9,26,46.6,,,,,,,, 
2018-10-27 00:00:00,83.962,51.9,61.0,47.9,99.9,22,46.8,,,,,,,, 
2018-10-28 00:00:00,83.826,54.1,62.1,51.2,87.1,143,50.1,,,,,,,, 
2018-10-29 00:00:00,82.989,52.2,61.3,47.6,76.1,192,46.1,,,,,,,, 
2018-10-30 00:00:00,83.085,49.3,61.3,46.1,78.3,213,43.2,,,,,,,, 
2018-10-31 00:00:00,83.822,53.2,62.0,51.5,82.2,216,46.8,,,,,,,, 
2018-11-01 00:00:00,83.730,61.5,63.3,59.2,90.8,94,58.7,,,,,,,, 
2018-11-02 00:00:00,84.723,59.4,63.8,53.6,99.9,23,55.6,,,,,,,, 
2018-11-03 00:00:00,84.291,49.2,62.9,45.3,79.3,184,41.8,,,,,,,, 
2018-11-04 00:00:00,83.484,46.8,62.5,46.0,75.8,232,42.7,,,,,,,, 
2018-11-05 00:00:00,85.102,57.8,63.9,55.3,96.2,64,53.5,,,,,,,, 
2018-11-06 00:00:00,88.055,61.6,64.8,56.0,95.6,43,56.3,,,,,,,, 
2018-11-07 00:00:00,87.564,54.4,64.2,52.4,77.5,206,50.4,,,,,,,, 
2018-11-08 00:00:00,86.887,54.7,64.1,53.1,86.0,91,50.9,,,,,,,, 
2018-11-09 00:00:00,87.195,53.4,64.1,50.1,99.8,27,48.8,,,,,,,, 
2018-11-10 00:00:00,87.267,42.4,63.4,37.9,60.9,202,37.9,,,,,,,, 
2018-11-11 00:00:00,86.303,37.9,62.6,38.2,65.2,209,37.8,,,,,,,, 
2018-11-12 00:00:00,86.966,40.1,63.3,39.2,96.5,14,37.8,,,,,,,, 
2018-11-13 00:00:00,88.007,46.7,64.4,45.8,99.9,25,37.8,,,,,,,, 
2018-11-14 00:00:00,88.107,44.2,64.1,41.6,99.9,23,39.4,,,,,,,, 
2018-11-15 00:00:00,89.294,41.9,64.0,39.1,99.9,26,38.4,,,,,,,, 
2018-11-16 00:00:00,89.366,40.4,63.9,37.5,82.2,165,35.5,,,,,,,, 
2018-11-17 00:00:00,87.900,41.6,63.7,39.7,81.1,188,36.9,,,,,,,, 
2018-11-18 00:00:00,87.048,42.6,63.5,40.9,81.9,171,38.6,,,,,,,, 