2014-06-05 00:00:00,0.000,32.7,0.4,32.7,0.4,0,57.8,,,,,,,, 
2014-06-06 00:00:00,0.000,59.2,48.0,62.8,43.5,0,66.8,,,,,,,, 
2014-06-07 00:00:00,0.000,67.9,63.6,72.7,57.2,0,68.8,,,,,,,, 
2014-06-08 00:00:00,0.000,74.0,53.7,76.8,46.8,0,77.2,,,,,,,, 
2014-06-09 00:00:00,0.000,73.6,58.8,77.1,54.7,0,77.3,,,,,,,, 
2014-06-10 00:00:00,5.127,67.7,66.7,79.6,53.7,0,70.3,,,,,,,, 
2014-06-11 00:00:00,80.488,66.3,67.3,71.8,55.6,0,67.3,,,,,,,, 
2014-06-12 00:00:00,91.460,54.0,88.2,62.8,64.6,0,54.3,,,,,,,, 
2014-06-14 00:00:00,101.957,82.1,45.3,72.7,46.6,0,77.0,,,,,,,, 
2014-06-15 00:00:00,102.925,77.1,52.1,63.9,60.8,0,64.9,,,,,,,, 
2014-06-16 00:00:00,102.708,74.9,47.5,61.8,60.6,0,66.1,,,,,,,, 
2014-06-17 00:00:00,103.273,78.2,43.7,66.3,49.2,0,67.6,,,,,,,, 
2014-06-18 00:00:00,103.649,81.4,42.5,71.1,43.4,0,72.3,,,,,,,, 
2014-06-19 00:00:00,104.500,79.3,51.8,67.6,56.0,0,67.5,,,,,,,, 
2014-06-20 00:00:00,106.057,81.7,47.0,68.9,52.3,0,72.2,,,,,,,, 
2014-06-21 00:00:00,106.758,60.3,32.1,66.0,56.2,0,69.1,,,,,,,, 
2014-06-22 00:00:00,107.428,77.4,40.3,65.0,58.6,0,65.5,,,,,,,, 
2014-06-23 00:00:00,108.688,97.7,58.6,69.2,55.5,0,69.8,,,,,,,, 
2014-06-24 00:00:00,110.110,97.7,56.7,72.4,49.7,0,73.7,,,,,,,, 
2014-06-25 00:00:00,110.933,97.5,57.2,65.4,71.2,0,69.1,,,,,,,, 
2014-06-26 00:00:00,112.000,97.9,56.2,66.7,69.6,0,70.1,,,,,,,, 
2014-06-27 00:00:00,113.807,98.1,58.3,67.2,70.1,0,71.0,,,,,,,, 
2014-06-28 00:00:00,115.797,98.3,60.2,68.5,61.5,0,73.4,,,,,,,, 
2014-06-29 00:00:00,117.490,98.3,58.9,73.9,50.0,0,78.8,,,,,,,, 
2014-06-30 00:00:00,118.718,98.4,57.9,75.9,47.2,0,79.6,,,,,,,, 
2014-07-01 00:00:00,119.221,98.4,56.7,67.5,62.6,0,69.7,,,,,,,, 
2014-07-02 00:00:00,120.211,98.7,55.0,66.6,69.2,0,68.0,,,,,,,, 
2014-07-03 00:00:00,120.887,98.8,55.8,66.7,69.4,0,67.9,,,,,,,, 
2014-07-04 00:00:00,122.697,98.8,55.8,65.3,66.6,0,68.2,,,,,,,, 
2014-07-05 00:00:00,123.999,98.5,56.0,63.7,65.6,0,67.2,,,,,,,, 
2014-07-06 00:00:00,125.045,98.5,55.8,66.6,57.1,0,71.4,,,,,,,, 
2014-07-07 00:00:00,125.555,98.5,55.8,66.8,66.8,0,67.6,,,,,,,, 
2014-07-08 00:00:00,126.156,98.2,57.1,69.1,67.2,0,69.1,,,,,,,, 
2014-07-09 00:00:00,127.517,98.0,55.6,68.9,66.7,0,70.8,,,,,,,, 
2014-07-10 00:00:00,128.508,98.0,53.8,67.9,68.1,0,70.3,,,,,,,, 
2014-07-11 00:00:00,129.621,98.0,54.6,69.3,62.7,0,78.2,,,,,,,, 
2014-07-12 00:00:00,130.064,97.9,53.2,67.4,67.7,0,87.1,,,,,,,, 
2014-07-13 00:00:00,131.446,98.1,58.5,70.2,66.8,0,84.8,,,,,,,, 
2014-07-14 00:00:00,132.923,97.6,59.5,71.4,61.6,0,73.6,,,,,,,, 
2014-07-15 00:00:00,133.211,97.5,58.3,73.6,60.6,0,75.5,,,,,,,, 
2014-07-16 00:00:00,133.833,97.2,57.4,69.6,71.0,0,70.6,,,,,,,, 
2014-07-17 00:00:00,134.784,97.7,57.1,68.9,69.6,0,71.6,,,,,,,, 
2014-07-18 00:00:00,135.560,97.8,56.7,68.4,68.8,0,70.7,,,,,,,, 
2014-07-19 00:00:00,136.163,97.9,55.5,69.1,68.6,0,72.6,,,,,,,, 
2014-07-20 00:00:00,136.780,98.0,53.1,66.7,73.9,0,67.6,,,,,,,, 
2014-07-21 00:00:00,137.083,98.3,53.7,69.9,70.7,0,71.9,,,,,,,, 
2014-07-22 00:00:00,137.999,98.0,52.5,70.2,68.2,0,74.1,,,,,,,, 
2014-07-23 00:00:00,138.605,98.3,52.9,72.2,66.5,0,75.8,,,,,,,, 
2014-07-24 00:00:00,139.478,98.2,53.4,73.3,56.8,0,77.3,,,,,,,, 
2014-07-25 00:00:00,139.691,98.2,50.3,77.6,44.4,0,81.5,,,,,,,, 
2014-07-26 00:00:00,136.595,98.3,49.6,74.2,54.0,0,76.9,,,,,,,, 
2014-07-27 00:00:00,129.677,98.5,52.2,74.0,57.6,0,75.6,,,,,,,, 
2014-07-28 00:00:00,125.805,97.8,48.1,70.5,60.2,0,73.5,,,,,,,, 
2014-07-29 00:00:00,126.008,98.0,44.7,72.7,57.0,0,76.4,,,,,,,, 
2014-07-30 00:00:00,126.122,98.4,49.4,71.1,62.5,0,73.7,,,,,,,, 
2014-07-31 00:00:00,126.466,97.9,49.3,68.6,66.2,0,71.4,,,,,,,, 
2014-08-01 00:00:00,127.054,98.1,48.4,69.7,61.9,0,73.6,,,,,,,, 
2014-08-02 00:00:00,126.918,97.0,44.3,66.3,69.4,0,69.4,,,,,,,, 
2014-08-03 00:00:00,127.014,96.9,44.5,65.2,73.5,0,66.5,,,,,,,, 
2014-08-04 00:00:00,127.592,96.8,47.0,67.0,71.1,0,67.8,,,,,,,, 
2014-08-05 00:00:00,128.278,97.0,52.4,66.4,79.7,0,65.9,,,,,,,, 
2014-08-06 00:00:00,128.409,97.2,52.4,73.0,72.6,0,76.9,,,,,,,, 
2014-08-11 00:00:00,129.101,95.4,47.8,77.6,51.9,0,80.1,,,,,,,, 
2014-08-12 00:00:00,128.619,92.7,44.5,65.9,70.6,0,67.3,,,,,,,, 
2014-08-13 00:00:00,128.496,88.2,41.5,68.2,68.5,0,70.5,,,,,,,, 
2014-08-14 00:00:00,128.833,94.7,48.0,66.7,70.3,0,68.2,,,,,,,, 
2014-08-15 00:00:00,129.208,96.6,47.0,68.2,66.7,0,70.7,,,,,,,, 
2014-08-16 00:00:00,129.206,96.5,45.4,67.7,63.9,0,69.6,,,,,,,, 
2014-08-17 00:00:00,129.026,96.4,45.2,65.8,69.6,0,67.7,,,,,,,, 
2014-08-18 00:00:00,128.638,96.8,44.2,65.4,76.3,0,66.2,,,,,,,, 
2014-08-19 00:00:00,128.798,95.9,43.7,66.4,76.9,0,68.3,,,,,,,, 
2014-08-20 00:00:00,128.949,96.3,42.7,66.6,76.9,0,67.4,,,,,,,, 
2014-08-21 00:00:00,129.082,95.7,44.1,70.4,70.6,0,73.0,,,,,,,, 
2014-08-22 00:00:00,128.946,95.6,44.2,66.7,74.1,0,69.1,,,,,,,, 
2014-08-23 00:00:00,125.631,95.9,46.6,69.8,69.5,0,71.7,,,,,,,, 
2014-08-24 00:00:00,39.168,97.2,45.5,72.1,58.0,0,56.8,,,,,,,, 
2014-08-25 00:00:00,127.312,97.5,46.0,67.2,68.9,0,56.8,,,,,,,, 
2014-08-26 00:00:00,126.694,96.9,45.1,69.8,64.9,0,56.8,,,,,,,, 
2014-08-27 00:00:00,126.641,96.8,45.6,70.0,63.2,0,58.6,,,,,,,, 
2014-08-28 00:00:00,126.220,96.7,45.9,68.4,67.9,0,71.6,,,,,,,, 
2014-08-29 00:00:00,126.209,96.4,45.7,69.6,70.1,0,70.6,,,,,,,, 
2014-08-30 00:00:00,126.467,96.8,43.9,73.5,56.0,0,75.5,,,,,,,, 
2014-08-31 00:00:00,126.054,96.6,51.5,72.7,59.5,0,75.5,,,,,,,, 
2014-09-01 00:00:00,125.837,96.6,55.7,73.7,54.4,0,76.2,,,,,,,, 
2014-09-02 00:00:00,125.254,96.1,52.8,67.3,68.6,0,68.3,,,,,,,, 
2014-09-03 00:00:00,125.443,95.0,48.1,68.1,70.9,0,69.7,,,,,,,, 
2014-09-04 00:00:00,125.832,95.5,46.8,68.5,70.1,0,70.0,,,,,,,, 
2014-09-05 00:00:00,126.057,95.6,45.9,68.5,67.6,0,69.9,,,,,,,, 
2014-09-06 00:00:00,126.116,95.1,46.2,65.0,67.5,0,67.5,,,,,,,, 
2014-09-07 00:00:00,126.186,94.3,44.2,63.6,65.7,0,66.3,,,,,,,, 
2014-09-08 00:00:00,126.074,92.5,42.6,61.2,72.8,0,63.0,,,,,,,, 
2014-09-09 00:00:00,126.345,92.8,45.6,66.9,67.6,0,68.6,,,,,,,, 
2014-09-10 00:00:00,126.441,95.3,45.3,70.7,56.3,0,72.6,,,,,,,, 
2014-09-11 00:00:00,126.344,96.5,41.2,72.5,49.8,0,73.8,,,,,,,, 
2014-09-12 00:00:00,126.131,96.2,39.4,71.5,51.8,0,73.1,,,,,,,, 
2014-09-13 00:00:00,125.628,96.3,39.6,69.9,59.7,0,71.6,,,,,,,, 
2014-09-14 00:00:00,125.564,95.7,41.3,69.1,61.3,0,71.1,,,,,,,, 
2014-09-15 00:00:00,126.003,93.9,40.4,68.0,61.2,0,69.5,,,,,,,, 
2014-09-16 00:00:00,126.581,93.0,39.6,69.6,58.7,0,71.4,,,,,,,, 
2014-09-17 00:00:00,126.909,95.4,41.0,71.0,62.3,0,72.8,,,,,,,, 
2014-09-18 00:00:00,127.431,96.6,44.3,73.3,72.6,0,73.1,,,,,,,, 
2014-09-19 00:00:00,128.199,94.8,44.1,69.1,74.4,0,70.4,,,,,,,, 
2014-09-20 00:00:00,128.680,93.7,43.0,69.3,74.2,0,70.6,,,,,,,, 
2014-09-21 00:00:00,128.889,90.2,42.6,69.7,69.7,0,70.6,,,,,,,, 
2014-09-22 00:00:00,129.263,89.0,43.6,70.2,67.4,0,71.8,,,,,,,, 
2014-09-23 00:00:00,128.545,91.0,43.6,68.1,69.4,0,69.6,,,,,,,, 
2014-09-24 00:00:00,127.634,93.3,43.2,74.4,71.4,0,75.1,,,,,,,, 
2014-09-25 00:00:00,130.513,64.7,22.5,66.0,94.0,0,63.8,,,,,,,, 
2014-09-26 00:00:00,130.543,75.1,28.7,64.7,72.3,0,47.2,,,,,,,, 
2014-09-27 00:00:00,130.399,91.9,41.5,67.0,68.3,0,48.1,,,,,,,, 
2014-09-28 00:00:00,130.345,91.7,43.4,65.3,75.0,0,18.2,,,,,,,, 
2014-09-29 00:00:00,130.231,89.6,44.7,62.6,78.3,0,27.1,,,,,,,, 
2014-09-30 00:00:00,130.446,88.7,45.9,65.4,69.4,0,37.2,,,,,,,, 
2014-10-01 00:00:00,130.639,90.0,43.4,70.4,44.7,0,48.8,,,,,,,, 
2014-10-02 00:00:00,129.884,89.9,40.5,69.1,43.8,0,62.9,,,,,,,, 
2014-10-03 00:00:00,129.253,90.3,40.4,67.1,50.5,0,65.5,,,,,,,, 
2014-10-06 00:00:00,87.357,92.5,38.0,84.1,35.1,0,82.0,,,,,,,, 
2014-10-07 00:00:00,128.581,90.7,39.3,67.0,54.8,0,65.5,,,,,,,, 
2014-10-08 00:00:00,128.657,89.5,41.2,70.9,50.2,0,67.9,,,,,,,, 
2014-10-09 00:00:00,128.555,89.4,42.1,65.7,61.8,0,64.3,,,,,,,, 
2014-10-10 00:00:00,128.620,86.7,43.8,62.7,67.0,0,61.5,,,,,,,, 
2014-10-11 00:00:00,129.184,85.4,44.5,64.2,63.7,0,62.5,,,,,,,, 
2014-10-12 00:00:00,129.581,87.7,43.7,72.6,42.7,0,72.9,,,,,,,, 
2014-10-13 00:00:00,129.162,89.4,41.4,67.3,40.2,0,66.2,,,,,,,, 
2014-10-14 00:00:00,127.670,87.2,43.2,61.9,75.3,0,61.2,,,,,,,, 
2014-10-15 00:00:00,128.717,88.7,47.6,65.6,75.0,0,64.9,,,,,,,, 
2014-10-16 00:00:00,129.232,86.1,44.8,61.1,62.1,0,60.4,,,,,,,, 
2014-10-17 00:00:00,129.076,85.4,46.2,61.2,67.6,0,59.9,,,,,,,, 
2014-10-18 00:00:00,128.247,91.1,56.9,70.5,65.7,0,69.6,,,,,,,, 
2014-10-19 00:00:00,128.998,97.0,68.8,67.8,69.3,0,66.3,,,,,,,, 
2014-10-20 00:00:00,129.509,97.2,65.4,66.6,70.6,0,63.7,,,,,,,, 
2014-10-21 00:00:00,129.644,96.7,53.8,63.4,59.9,0,59.8,,,,,,,, 
2014-10-22 00:00:00,129.659,96.8,51.6,66.3,59.5,0,63.0,,,,,,,, 
2014-10-23 00:00:00,129.719,97.4,52.4,67.2,66.2,0,63.6,,,,,,,, 
2014-10-24 00:00:00,129.887,96.7,51.3,65.8,65.0,0,62.1,,,,,,,, 
2014-10-25 00:00:00,130.409,97.8,51.7,66.8,79.2,0,64.6,,,,,,,, 
2014-10-26 00:00:00,130.689,96.9,49.9,64.7,62.1,0,35.2,,,,,,,, 
2014-10-27 00:00:00,130.500,96.2,48.8,61.8,59.8,0,31.6,,,,,,,, 
2014-10-28 00:00:00,130.320,96.2,47.6,64.3,59.9,0,39.7,,,,,,,, 
2014-10-29 00:00:00,130.347,96.5,49.5,67.7,59.1,0,33.1,,,,,,,, 
2014-10-30 00:00:00,130.261,96.9,50.3,66.8,65.5,0,33.5,,,,,,,, 
2014-10-31 00:00:00,130.215,96.8,51.8,61.5,87.4,0,0.0,,,,,,,, 
2014-11-01 00:00:00,130.499,95.8,51.0,61.0,65.7,0,11.2,,,,,,,, 
2014-11-02 00:00:00,130.571,94.4,49.0,58.4,61.9,0,17.6,,,,,,,, 
2014-11-03 00:00:00,128.021,94.0,48.9,57.8,62.3,0,20.4,,,,,,,, 
2014-11-04 00:00:00,124.733,94.5,48.0,46.8,78.3,0,15.1,,,,,,,, 
2014-11-17 00:00:00,100.219,94.1,53.4,48.0,61.8,0,0.0,,,,,,,, 
2014-11-21 00:00:00,103.326,94.1,53.1,57.0,94.1,0,0.0,,,,,,,, 
2014-11-22 00:00:00,103.401,96.0,53.3,62.2,78.8,0,0.0,,,,,,,, 
2014-11-23 00:00:00,103.807,94.6,52.4,55.6,67.1,0,0.0,,,,,,,, 
2014-11-24 00:00:00,103.959,94.1,51.9,55.6,64.9,0,0.0,,,,,,,, 
2014-11-25 00:00:00,103.785,94.8,52.1,57.0,65.6,0,0.0,,,,,,,, 
2014-11-26 00:00:00,103.633,94.5,52.2,56.9,65.8,0,0.0,,,,,,,, 
2014-11-27 00:00:00,103.517,95.0,52.4,56.9,67.3,0,0.0,,,,,,,, 
2014-11-28 00:00:00,103.021,92.6,52.1,54.2,74.4,0,0.0,,,,,,,, 
2014-11-29 00:00:00,102.937,95.0,52.7,61.7,88.1,0,0.0,,,,,,,, 
2014-11-30 00:00:00,102.793,93.9,52.2,58.5,85.8,0,0.0,,,,,,,, 
2014-12-01 00:00:00,102.769,95.2,52.4,63.6,79.5,0,0.0,,,,,,,, 
2014-12-02 00:00:00,103.155,83.3,43.0,58.8,90.6,0,0.0,,,,,,,, 
2014-12-03 00:00:00,103.358,32.0,0.0,61.9,90.0,0,0.0,,,,,,,, 
2014-12-04 00:00:00,103.333,52.0,17.3,61.0,87.5,0,0.0,,,,,,,, 
2014-12-05 00:00:00,103.460,93.9,53.3,62.9,86.9,,0.0,,,,,,,, 
2014-12-06 00:00:00,103.930,93.6,54.3,61.7,97.2,,0.0,,,,,,,, 
2014-12-14 00:00:00,98.938,72.1,,56.7,81.9,,51.1,,,,,,,, 
2014-12-15 00:00:00,102.155,72.1,,77.5,65.3,,50.2,,,,,,,, 
2014-12-16 00:00:00,103.912,72.1,,94.7,49.1,,50.5,,,,,,,, 
2014-12-17 00:00:00,103.446,72.1,,94.2,50.0,,51.5,,,,,,,, 
2014-12-18 00:00:00,103.242,83.1,51.0,77.2,66.4,,51.7,,,,,,,, 
2014-12-19 00:00:00,103.404,94.6,50.3,57.0,92.3,,53.7,,,,,,,, 
2014-12-20 00:00:00,103.044,95.3,50.5,59.1,90.6,,55.1,,,,,,,, 
2014-12-21 00:00:00,95.642,95.2,53.9,63.3,88.3,,59.2,,,,,,,, 
2014-12-22 00:00:00,91.724,96.6,53.8,59.1,88.0,,54.6,,,,,,,, 
2014-12-23 00:00:00,91.490,95.1,53.6,57.6,80.3,,53.0,,,,,,,, 
2014-12-24 00:00:00,91.127,,,53.0,81.1,,50.5,,,,,,,, 
2014-12-25 00:00:00,90.530,,,51.1,57.8,,48.0,,,,,,,, 
2014-12-26 00:00:00,90.519,,,51.6,47.7,,50.3,,,,,,,, 
2014-12-27 00:00:00,90.083,,,46.3,69.2,,42.4,,,,,,,, 
2014-12-28 00:00:00,89.809,,,48.4,73.9,,44.0,,,,,,,, 
2014-12-29 00:00:00,89.591,,,46.3,79.7,,43.0,,,,,,,, 
2014-12-30 00:00:00,89.011,,,46.8,42.4,,45.9,,,,,,,, 
2014-12-31 00:00:00,88.114,,,49.2,29.2,,49.3,,,,,,,, 
2015-01-01 00:00:00,87.024,,,42.4,62.3,,39.1,,,,,,,, 
2015-01-02 00:00:00,86.288,,,41.4,70.2,,38.1,,,,,,,, 
2015-01-03 00:00:00,87.221,95.9,48.3,42.7,72.8,,40.4,,,,,,,, 
2015-01-04 00:00:00,89.297,95.3,48.5,45.0,73.4,,42.4,,,,,,,, 
2015-01-05 00:00:00,89.415,95.4,49.0,46.3,74.4,,43.0,,,,,,,, 
2015-01-06 00:00:00,90.112,95.3,49.3,49.6,73.3,,48.9,,,,,,,, 
2015-01-07 00:00:00,91.083,96.5,50.1,50.7,73.9,,49.7,,,,,,,, 
2015-01-08 00:00:00,91.106,96.7,51.4,51.6,79.7,,50.5,,,,,,,, 
2015-01-09 00:00:00,91.085,96.9,51.5,54.5,79.0,,52.2,,,,,,,, 
2015-01-10 00:00:00,91.253,96.4,51.4,51.6,81.4,,41.7,,,,,,,, 
2015-01-11 00:00:00,91.037,95.9,50.9,50.4,87.4,,40.5,,,,,,,, 
2015-01-12 00:00:00,91.376,96.3,50.7,52.7,82.4,,40.5,,,,,,,, 
2015-01-13 00:00:00,99.959,96.6,50.7,52.2,73.1,,40.5,,,,,,,, 
2015-01-14 00:00:00,109.748,96.2,50.4,48.8,76.4,,40.5,,,,,,,, 
2015-01-15 00:00:00,109.444,95.6,49.7,48.2,82.8,,40.5,,,,,,,, 
2015-01-16 00:00:00,109.273,96.0,49.1,51.9,88.0,,40.5,,,,,,,, 
2015-01-17 00:00:00,109.466,97.0,49.7,57.0,85.6,,40.5,,,,,,,, 
2015-01-18 00:00:00,109.701,97.5,50.6,59.6,86.9,,40.5,,,,,,,, 
2015-01-19 00:00:00,110.032,93.1,59.0,77.6,71.4,,40.5,,,,,,,, 
2015-01-20 00:00:00,117.423,94.0,52.4,63.9,74.6,,40.5,,,,,,,, 
2015-01-21 00:00:00,118.610,96.2,51.9,49.4,76.7,,40.5,,,,,,,, 
2015-01-22 00:00:00,118.618,96.8,52.2,49.3,78.8,,40.5,,,,,,,, 
2015-01-23 00:00:00,119.019,96.8,52.3,51.8,73.5,,40.5,,,,,,,, 
2015-01-24 00:00:00,119.622,97.3,52.8,50.6,78.3,,40.5,,,,,,,, 
2015-01-25 00:00:00,119.832,97.3,53.0,53.0,77.2,,40.5,,,,,,,, 
2015-01-26 00:00:00,120.524,97.0,52.0,52.6,75.2,,40.5,,,,,,,, 
2015-01-27 00:00:00,121.291,97.8,53.0,57.4,76.3,,40.6,,,,,,,, 
2015-01-28 00:00:00,122.305,97.8,53.4,59.8,70.1,,40.5,,,,,,,, 
2015-01-29 00:00:00,123.617,97.6,54.2,57.5,68.8,,40.5,,,,,,,, 
2015-01-30 00:00:00,124.732,97.6,54.1,55.1,70.7,,40.5,,,,,,,, 
2015-01-31 00:00:00,126.350,98.2,53.7,63.2,43.7,,40.5,,,,,,,, 
2015-02-01 00:00:00,127.014,98.1,53.8,54.6,66.4,,40.5,,,,,,,, 
2015-02-02 00:00:00,128.082,97.8,53.5,57.4,70.8,,40.5,,,,,,,, 
2015-02-03 00:00:00,129.722,97.9,54.4,59.3,70.8,,40.5,,,,,,,, 
2015-02-04 00:00:00,131.035,97.7,55.0,56.2,75.6,,40.5,,,,,,,, 
2015-02-05 00:00:00,131.563,97.5,54.6,57.0,77.5,,40.5,,,,,,,, 
2015-02-06 00:00:00,131.992,97.8,53.7,60.8,86.1,,40.5,,,,,,,, 
2015-02-07 00:00:00,133.201,98.1,55.0,63.7,83.5,,40.5,,,,,,,, 
2015-02-08 00:00:00,134.121,97.4,57.2,61.0,87.7,,40.5,,,,,,,, 
2015-02-09 00:00:00,134.106,98.1,56.2,60.5,77.7,,40.5,,,,,,,, 
2015-02-10 00:00:00,135.277,97.9,55.7,55.0,73.6,,-225.5,,,,,,,, 
2015-02-11 00:00:00,137.059,97.6,57.4,56.0,72.5,,-107.6,,,,,,,, 
2015-02-12 00:00:00,138.540,97.4,56.5,51.5,75.1,,19.9,,,,,,,, 
2015-02-13 00:00:00,143.038,98.6,61.0,64.5,74.8,,64.2,,,,,,,, 
2015-02-14 00:00:00,144.187,98.4,59.2,59.2,79.0,,57.5,,,,,,,, 
2015-02-15 00:00:00,145.400,98.5,58.3,59.1,74.0,,-103.7,,,,,,,, 
2015-02-16 00:00:00,140.418,97.6,57.1,60.3,72.6,,-485.9,,,,,,,, 
2015-02-17 00:00:00,136.160,96.7,55.9,57.1,85.6,,-493.6,,,,,,,, 
2015-02-18 00:00:00,136.308,97.4,56.5,58.8,82.1,,-309.1,,,,,,,, 
2015-02-19 00:00:00,136.912,97.2,56.6,55.3,89.1,,-470.9,,,,,,,, 
2015-02-20 00:00:00,137.305,97.5,58.4,58.6,84.9,,56.5,,,,,,,, 
2015-02-21 00:00:00,137.695,97.7,59.4,54.9,81.7,,-48.9,,,,,,,, 
2015-02-22 00:00:00,138.459,98.5,56.0,54.4,65.5,,51.7,,,,,,,, 
2015-02-23 00:00:00,138.419,98.4,53.5,60.1,26.4,,57.9,,,,,,,, 
2015-02-24 00:00:00,138.152,98.7,52.7,55.1,49.3,,50.9,,,,,,,, 
2015-02-25 00:00:00,138.869,98.8,55.1,56.5,64.9,,51.2,,,,,,,, 
2015-02-26 00:00:00,140.475,98.9,55.8,60.3,64.9,,56.6,,,,,,,, 
2015-02-27 00:00:00,141.777,98.8,56.0,58.8,67.2,,56.5,,,,,,,, 
2015-02-28 00:00:00,142.890,98.7,55.0,52.9,72.1,,48.2,,,,,,,, 
2015-03-01 00:00:00,143.944,98.7,56.3,53.9,67.9,,49.4,,,,,,,, 
2015-03-02 00:00:00,144.541,98.8,56.1,53.9,70.9,,50.7,,,,,,,, 
2015-03-03 00:00:00,145.320,98.7,56.7,54.4,67.2,,50.3,,,,,,,, 
2015-03-04 00:00:00,146.395,98.8,56.7,54.8,62.8,,50.6,,,,,,,, 
2015-03-05 00:00:00,147.822,98.8,56.3,55.3,62.0,,51.6,,,,,,,, 
2015-03-06 00:00:00,148.950,98.7,56.2,58.7,58.4,,52.9,,,,,,,, 
2015-03-07 00:00:00,144.589,98.6,56.4,60.8,60.7,,55.1,,,,,,,, 
2015-03-08 00:00:00,139.405,98.5,58.8,59.9,65.7,,54.2,,,,,,,, 
2015-03-09 00:00:00,140.219,98.7,58.4,60.5,72.1,,55.6,,,,,,,, 
2015-03-10 00:00:00,141.063,98.4,59.0,57.3,77.1,,53.1,,,,,,,, 
2015-03-11 00:00:00,141.997,98.9,58.5,62.3,73.5,,58.6,,,,,,,, 
2015-03-12 00:00:00,143.510,98.8,59.8,62.2,67.9,,58.1,,,,,,,, 
2015-03-13 00:00:00,145.172,98.8,59.9,66.4,64.6,,61.6,,,,,,,, 
2015-03-14 00:00:00,146.301,98.7,60.4,69.9,65.5,,65.8,,,,,,,, 
2015-03-15 00:00:00,147.091,98.4,59.8,64.3,63.1,,61.6,,,,,,,, 
2015-03-16 00:00:00,147.207,98.6,58.7,63.6,71.3,,59.7,,,,,,,, 
2015-03-17 00:00:00,147.656,98.2,58.5,63.1,67.1,,58.5,,,,,,,, 
2015-03-18 00:00:00,148.433,98.5,56.2,61.7,62.2,,57.2,,,,,,,, 
2015-03-19 00:00:00,149.406,98.5,56.2,62.7,60.9,,58.2,,,,,,,, 
2015-03-20 00:00:00,150.203,98.5,55.1,60.5,63.4,,57.5,,,,,,,, 
2015-03-21 00:00:00,150.855,98.8,55.0,63.5,67.1,,59.9,,,,,,,, 
2015-03-22 00:00:00,152.057,98.3,55.6,63.8,70.7,,60.7,,,,,,,, 
2015-03-23 00:00:00,153.380,98.2,55.3,61.8,67.6,,58.1,,,,,,,, 
2015-03-24 00:00:00,153.998,98.4,55.4,62.9,69.0,,58.6,,,,,,,, 
2015-03-25 00:00:00,154.810,98.1,57.2,64.1,62.9,,60.1,,,,,,,, 
2015-03-26 00:00:00,155.519,98.3,57.0,67.1,61.6,,63.4,,,,,,,, 
2015-03-27 00:00:00,155.990,97.9,57.8,61.7,70.4,,58.7,,,,,,,, 
2015-03-28 00:00:00,156.663,98.1,57.3,64.5,61.2,,61.1,,,,,,,, 
2015-03-29 00:00:00,157.394,97.9,56.7,64.4,56.9,,60.8,,,,,,,, 
2015-03-30 00:00:00,157.932,97.5,57.9,62.8,62.3,,59.2,,,,,,,, 
2015-03-31 00:00:00,158.595,97.6,56.8,64.2,50.3,,60.5,,,,,,,, 
2015-04-01 00:00:00,159.148,97.6,55.2,62.0,48.0,,58.1,,,,,,,, 
2015-04-02 00:00:00,159.647,97.7,55.1,63.0,37.3,,59.9,,,,,,,, 
2015-04-03 00:00:00,159.818,97.8,54.0,58.3,51.9,,51.0,,,,,,,, 
2015-04-04 00:00:00,160.039,97.8,54.6,57.6,55.8,,55.0,,,,,,,, 
2015-04-05 00:00:00,152.602,98.4,53.9,52.9,65.5,,59.4,,,,,,,, 
2015-04-06 00:00:00,145.584,98.0,55.7,54.2,61.4,,29.3,,,,,,,, 
2015-04-07 00:00:00,146.468,98.4,53.9,54.3,80.0,,51.6,,,,,,,, 
2015-04-08 00:00:00,146.032,98.4,56.8,55.2,71.5,,51.2,,,,,,,, 
2015-04-09 00:00:00,146.427,98.0,58.1,57.1,67.6,,54.3,,,,,,,, 
2015-04-10 00:00:00,146.803,98.0,58.4,58.8,62.8,,37.3,,,,,,,, 
2015-04-11 00:00:00,147.011,98.1,58.6,59.9,66.9,,20.2,,,,,,,, 
2015-04-12 00:00:00,147.671,98.1,60.3,63.6,66.3,,60.7,,,,,,,, 
2015-04-13 00:00:00,148.002,97.7,59.5,57.8,69.5,,55.4,,,,,,,, 
2015-04-14 00:00:00,148.148,98.3,57.3,59.6,49.8,,56.7,,,,,,,, 
2015-04-15 00:00:00,148.945,98.2,57.3,63.4,42.1,,60.3,,,,,,,, 
2015-04-16 00:00:00,150.480,98.0,57.2,69.3,32.4,,67.4,,,,,,,, 
2015-04-17 00:00:00,151.197,98.0,57.0,64.8,48.1,,61.3,,,,,,,, 
2015-04-18 00:00:00,151.810,98.0,57.5,62.8,62.8,,59.0,,,,,,,, 
2015-04-19 00:00:00,152.893,97.9,58.0,61.8,68.9,,58.5,,,,,,,, 
2015-04-20 00:00:00,153.902,97.9,57.8,62.9,71.7,,60.3,,,,,,,, 
2015-04-21 00:00:00,154.313,97.9,56.1,59.0,77.0,,56.8,,,,,,,, 
2015-04-22 00:00:00,156.799,98.0,61.3,68.8,59.3,,66.2,,,,,,,, 
2015-04-23 00:00:00,158.137,97.7,60.2,61.9,63.1,,59.1,,,,,,,, 
2015-04-24 00:00:00,158.715,97.8,57.8,61.8,61.0,,58.7,,,,,,,, 
2015-04-25 00:00:00,160.387,98.1,56.3,61.1,76.3,,60.1,,,,,,,, 
2015-04-26 00:00:00,160.691,98.1,57.2,64.9,64.7,,62.8,,,,,,,, 
2015-04-27 00:00:00,156.059,98.2,58.3,69.0,66.8,,66.4,,,,,,,, 
2015-04-28 00:00:00,148.025,98.1,58.9,64.7,71.4,,61.4,,,,,,,, 
2015-04-29 00:00:00,147.980,98.1,58.4,65.7,65.7,,62.9,,,,,,,, 
2015-04-30 00:00:00,151.036,98.3,58.3,71.2,57.3,,68.7,,,,,,,, 
2015-05-01 00:00:00,160.181,98.3,57.8,69.9,56.9,,67.3,,,,,,,, 
2015-05-02 00:00:00,160.177,98.5,57.5,65.0,64.8,,62.4,,,,,,,, 
2015-05-03 00:00:00,160.563,98.7,56.1,61.3,70.5,,59.2,,,,,,,, 
2015-05-04 00:00:00,161.245,98.9,55.0,60.0,70.5,,58.0,,,,,,,, 
2015-05-05 00:00:00,162.013,98.8,56.8,61.6,60.9,,58.3,,,,,,,, 
2015-05-06 00:00:00,162.305,99.1,56.0,63.0,56.4,,59.6,,,,,,,, 
2015-05-07 00:00:00,162.301,99.1,55.3,63.5,49.2,,59.1,,,,,,,, 
2015-05-08 00:00:00,161.869,99.2,55.9,63.9,61.1,,60.5,,,,,,,, 
2015-05-09 00:00:00,162.118,99.2,56.1,63.2,65.8,,60.7,,,,,,,, 
2015-05-10 00:00:00,162.354,99.3,55.7,62.7,66.2,,59.7,,,,,,,, 
2015-05-11 00:00:00,162.866,99.2,55.4,61.5,61.5,,58.0,,,,,,,, 
2015-05-12 00:00:00,162.975,99.3,53.2,61.0,53.8,,57.6,,,,,,,, 
2015-05-13 00:00:00,162.610,99.2,52.6,62.0,57.5,,58.2,,,,,,,, 
2015-05-14 00:00:00,163.123,99.3,52.2,62.7,66.2,,57.8,,,,,,,, 
2015-05-15 00:00:00,163.063,99.3,52.9,60.3,71.2,,47.6,,,,,,,, 
2015-05-16 00:00:00,162.721,99.5,53.0,61.7,67.7,,48.0,,,,,,,, 
2015-05-17 00:00:00,162.447,99.4,52.1,60.4,70.1,,48.0,,,,,,,, 
2015-05-18 00:00:00,162.204,99.3,53.6,61.9,68.8,,48.0,,,,,,,, 
2015-05-19 00:00:00,161.829,99.4,55.1,62.6,69.5,,48.0,,,,,,,, 
2015-05-20 00:00:00,161.502,99.2,55.2,62.2,69.4,,48.0,,,,,,,, 
2015-05-21 00:00:00,161.251,99.1,55.4,64.1,68.3,,48.0,,,,,,,, 
2015-05-22 00:00:00,161.126,99.2,54.2,62.8,67.9,,48.0,,,,,,,, 
2015-05-23 00:00:00,160.886,99.5,54.5,65.4,65.6,,48.0,,,,,,,, 
2015-05-24 00:00:00,160.535,99.3,54.4,64.2,67.1,,48.0,,,,,,,, 
2015-05-25 00:00:00,160.431,99.1,53.6,62.2,70.8,,48.0,,,,,,,, 
2015-05-26 00:00:00,160.424,99.3,52.9,63.5,68.3,,48.0,,,,,,,, 
2015-05-27 00:00:00,160.418,99.3,52.8,63.5,69.5,,48.0,,,,,,,, 
2015-05-28 00:00:00,160.298,99.1,54.1,64.8,66.7,,48.0,,,,,,,, 
2015-05-29 00:00:00,160.236,99.1,54.9,65.3,66.0,,48.0,,,,,,,, 
2015-05-30 00:00:00,160.208,99.3,54.2,64.6,66.2,,,,,,,,,, 
2015-05-31 00:00:00,160.283,99.2,54.2,64.6,63.7,,,,,,,,,, 
2015-06-01 00:00:00,160.381,99.2,55.4,68.4,65.5,,,,,,,,,, 
2015-06-02 00:00:00,160.380,99.3,54.6,68.6,59.9,,,,,,,,,, 
2015-06-03 00:00:00,160.161,99.2,54.3,67.7,57.8,,,,,,,,,, 
2015-06-04 00:00:00,159.922,98.9,55.1,69.3,56.3,,,,,,,,,, 
2015-06-05 00:00:00,160.012,98.9,56.2,70.1,60.2,,,,,,,,,, 
2015-06-06 00:00:00,160.421,98.9,55.9,70.8,58.9,,,,,,,,,, 
2015-06-07 00:00:00,160.952,99.0,54.6,75.2,54.9,,,,,,,,,, 
2015-06-08 00:00:00,161.442,99.0,53.9,82.0,45.3,,,,,,,,,, 
2015-06-09 00:00:00,161.254,98.6,54.6,73.3,55.2,,,,,,,,,, 
2015-06-10 00:00:00,162.995,98.7,56.4,69.4,76.6,,,,,,,,,, 
2015-06-11 00:00:00,163.743,98.7,55.0,73.8,61.2,,70.6,,,,,,,, 
2015-06-12 00:00:00,163.706,98.8,53.2,76.5,52.6,,80.6,,,,,,,, 
2015-06-13 00:00:00,163.061,98.9,53.7,69.4,61.6,,96.8,,,,,,,, 
2015-06-14 00:00:00,162.502,98.8,51.7,66.0,65.6,,84.5,,,,,,,, 
2015-06-15 00:00:00,163.254,98.9,51.2,66.4,64.2,,64.8,,,,,,,, 
2015-06-16 00:00:00,163.786,99.0,51.1,68.4,58.8,,72.8,,,,,,,, 
2015-06-17 00:00:00,163.899,98.9,51.4,69.0,56.0,,67.3,,,,,,,, 
2015-06-18 00:00:00,164.022,99.0,49.7,66.4,53.5,,65.3,,,,,,,, 
2015-06-19 00:00:00,164.182,99.1,50.1,69.1,52.2,,67.3,,,,,,,, 
2015-06-20 00:00:00,164.342,99.0,50.5,69.2,53.9,,68.4,,,,,,,, 
2015-06-21 00:00:00,163.943,98.7,47.7,63.9,64.7,,63.5,,,,,,,, 
2015-06-22 00:00:00,164.829,98.8,50.4,65.1,60.0,,63.8,,,,,,,, 
2015-06-23 00:00:00,165.333,98.8,50.4,70.0,52.4,,68.5,,,,,,,, 
2015-06-24 00:00:00,165.355,98.9,51.3,74.4,52.4,,73.6,,,,,,,, 
2015-06-25 00:00:00,165.759,98.9,50.2,77.6,49.4,,76.3,,,,,,,, 
2015-06-26 00:00:00,165.656,98.9,50.9,75.9,47.6,,74.5,,,,,,,, 
2015-06-27 00:00:00,165.225,98.9,50.7,72.6,57.7,,70.5,,,,,,,, 
2015-06-28 00:00:00,165.834,,,72.8,60.7,,71.6,,,,,,,, 
2015-06-29 00:00:00,166.620,,,72.5,59.8,,72.0,,,,,,,, 
2015-06-30 00:00:00,167.748,,,79.8,46.9,,-136.0,,,,,,,, 
2015-07-01 00:00:00,167.527,,,80.4,45.1,,77.9,,,,,,,, 
2015-07-02 00:00:00,167.421,,,75.7,54.1,,74.0,,,,,,,, 
2015-07-03 00:00:00,167.943,,,74.9,57.8,,73.1,,,,,,,, 
2015-07-04 00:00:00,153.249,,,73.5,60.7,,71.8,,,,,,,, 
2015-07-05 00:00:00,139.734,,,71.1,65.8,,69.0,,,,,,,, 
2015-07-06 00:00:00,140.276,,,72.2,60.6,,69.6,,,,,,,, 
2015-07-07 00:00:00,140.445,,,70.6,61.6,,68.9,,,,,,,, 
2015-07-08 00:00:00,140.423,,,67.7,67.7,,66.9,,,,,,,, 
2015-07-09 00:00:00,140.994,,,64.8,76.9,,63.1,,,,,,,, 
2015-07-10 00:00:00,141.109,,,69.6,66.9,,67.1,,,,,,,, 
2015-07-11 00:00:00,141.359,,,70.5,61.7,,69.0,,,,,,,, 
2015-07-12 00:00:00,141.478,,,72.1,60.4,,70.1,,,,,,,, 
2015-07-13 00:00:00,141.960,,,72.5,60.2,,70.2,,,,,,,, 
2015-07-14 00:00:00,142.383,,,70.9,63.4,,68.9,,,,,,,, 
2015-07-15 00:00:00,142.858,,,75.2,59.0,,73.4,,,,,,,, 
2015-07-16 00:00:00,143.158,,,72.9,60.2,,71.0,,,,,,,, 
2015-07-17 00:00:00,143.241,,,75.0,58.1,,72.8,,,,,,,, 
2015-07-18 00:00:00,143.339,,,67.0,68.1,,71.3,,,,,,,, 
2015-07-19 00:00:00,143.710,,,,,,77.7,,,,,,,, 
2015-07-20 00:00:00,143.662,98.3,52.2,97.4,56.4,,76.8,,,,,,,, 
2015-07-21 00:00:00,143.348,98.5,49.7,76.3,59.7,,69.4,,,,,,,, 
2015-07-22 00:00:00,143.977,98.7,48.2,67.6,64.6,,66.1,,,,,,,, 
2015-07-23 00:00:00,144.149,98.7,50.6,69.4,62.6,,67.9,,,,,,,, 
2015-07-24 00:00:00,144.486,98.8,52.6,67.6,59.0,,65.8,,,,,,,, 
2015-07-25 00:00:00,144.343,98.7,52.8,65.0,64.6,,64.1,,,,,,,, 
2015-07-26 00:00:00,144.609,98.4,56.5,69.9,63.5,,69.2,,,,,,,, 
2015-07-27 00:00:00,144.609,97.2,54.1,,,,73.0,,,,,,,, 
2015-07-28 00:00:00,144.310,97.4,51.4,,,,75.3,,,,,,,, 
2015-07-29 00:00:00,143.758,97.3,53.3,71.0,59.4,,74.8,,,,,,,, 
2015-07-30 00:00:00,142.744,96.7,55.4,75.4,59.3,,73.2,,,,,,,, 
2015-07-31 00:00:00,143.293,97.2,55.6,70.9,67.3,,69.4,,,,,,,, 
2015-08-01 00:00:00,144.176,97.2,56.2,73.5,62.2,,70.9,,,,,,,, 
2015-08-02 00:00:00,144.697,97.0,56.5,72.5,63.8,,71.3,,,,,,,, 
2015-08-03 00:00:00,145.057,96.9,55.7,71.8,59.9,,69.5,,,,,,,, 
2015-08-04 00:00:00,145.225,96.8,55.5,67.5,64.0,,65.2,,,,,,,, 
2015-08-05 00:00:00,145.541,96.9,56.5,72.5,60.1,,70.7,,,,,,,, 
2015-08-06 00:00:00,145.624,88.9,55.0,69.1,63.6,,69.5,,,,,,,, 
2015-08-07 00:00:00,145.180,73.4,58.5,61.2,79.8,,70.8,,,,,,,, 
2015-08-08 00:00:00,145.282,70.7,63.3,,,,68.8,,,,,,,, 
2015-08-09 00:00:00,145.713,69.1,60.6,,,,68.3,,,,,,,, 
2015-08-10 00:00:00,145.359,69.8,63.7,,,,68.6,,,,,,,, 
2015-08-11 00:00:00,145.332,69.0,64.5,,,,68.2,,,,,,,, 
2015-08-12 00:00:00,145.467,69.4,59.0,,,,68.5,,,,,,,, 
2015-08-13 00:00:00,145.063,70.6,63.2,,,,69.9,,,,,,,, 
2015-08-14 00:00:00,145.161,71.6,59.4,,,,70.6,,,,,,,, 
2015-08-15 00:00:00,145.198,76.8,46.3,,,,-2.2,,,,,,,, 
2015-08-16 00:00:00,144.972,78.6,41.1,,,,3.2,,,,,,,, 
2015-08-17 00:00:00,143.894,86.5,38.1,,,,85.2,,,,,,,, 
2015-08-18 00:00:00,142.687,70.0,62.2,,,,68.8,,,,,,,, 
2015-08-19 00:00:00,142.897,69.0,65.0,,,,67.1,,,,,,,, 
2015-08-20 00:00:00,143.343,67.5,70.7,,,,66.9,,,,,,,, 
2015-08-21 00:00:00,143.892,68.7,69.1,,,,67.4,,,,,,,, 
2015-08-22 00:00:00,144.266,70.8,65.3,,,,28.5,,,,,,,, 
2015-08-23 00:00:00,144.271,71.5,61.3,,,,69.9,,,,,,,, 
2015-08-24 00:00:00,144.027,69.6,63.1,,,,68.2,,,,,,,, 
2015-08-25 00:00:00,143.935,68.8,62.1,,,,67.6,,,,,,,, 
2015-08-26 00:00:00,143.723,71.4,54.1,,,,70.8,,,,,,,, 
2015-08-27 00:00:00,143.238,75.7,42.9,,,,77.0,,,,,,,, 
2015-08-28 00:00:00,142.262,78.1,48.7,,,,76.1,,,,,,,, 
2015-08-29 00:00:00,141.560,74.7,62.7,,,,72.5,,,,,,,, 
2015-08-30 00:00:00,142.186,71.3,60.6,,,,69.7,,,,,,,, 
2015-08-31 00:00:00,142.427,72.2,55.1,,,,70.9,,,,,,,, 
2015-09-01 00:00:00,141.938,70.6,62.9,,,,69.0,,,,,,,, 
2015-09-02 00:00:00,141.903,66.8,66.7,,,,65.9,,,,,,,, 
2015-09-03 00:00:00,142.457,65.8,59.8,,,,65.2,,,,,,,, 
2015-09-04 00:00:00,142.042,65.2,51.4,,,,64.4,,,,,,,, 
2015-09-05 00:00:00,141.631,65.4,45.6,,,,64.7,,,,,,,, 
2015-09-06 00:00:00,141.261,75.5,27.6,,,,75.3,,,,,,,, 
2015-09-07 00:00:00,140.711,70.9,31.1,,,,70.9,,,,,,,, 
2015-09-08 00:00:00,139.719,75.0,29.9,,,,75.0,,,,,,,, 
2015-09-09 00:00:00,138.931,77.6,28.0,,,,76.9,,,,,,,, 
2015-09-10 00:00:00,137.858,78.6,30.8,,,,77.6,,,,,,,, 
2015-09-11 00:00:00,136.916,73.8,41.1,,,,72.7,,,,,,,, 
2015-09-12 00:00:00,136.130,69.7,59.4,,,,67.7,,,,,,,, 
2015-09-13 00:00:00,136.788,74.4,60.9,,,,74.5,,,,,,,, 
2015-09-14 00:00:00,137.073,66.5,71.9,,,,74.5,,,,,,,, 
2015-09-15 00:00:00,137.784,66.6,59.8,,,,74.5,,,,,,,, 
2015-09-16 00:00:00,138.401,60.5,82.6,,,,74.5,,,,,,,, 
2015-09-17 00:00:00,139.996,66.5,76.0,,,,74.5,,,,,,,, 
2015-09-18 00:00:00,140.300,66.7,62.8,,,,74.5,,,,,,,, 
2015-09-19 00:00:00,139.640,71.0,54.7,,,,74.5,,,,,,,, 
2015-09-20 00:00:00,138.972,74.8,47.5,,,,74.5,,,,,,,, 
2015-09-21 00:00:00,137.870,75.8,42.9,,,,74.5,,,,,,,, 
2015-09-22 00:00:00,136.203,63.5,66.5,,,,74.5,,,,,,,, 
2015-09-23 00:00:00,136.284,65.4,55.9,,,,74.5,,,,,,,, 
2015-09-24 00:00:00,136.643,73.0,44.5,,,,74.5,,,,,,,, 
2015-09-25 00:00:00,136.109,69.6,46.9,,,,74.5,,,,,,,, 
2015-09-26 00:00:00,135.584,70.2,52.7,,,,74.5,,,,,,,, 
2015-09-27 00:00:00,135.354,66.1,60.1,,,,74.5,,,,,,,, 
2015-09-28 00:00:00,135.310,63.3,63.8,,,,,,,,,,,, 
2015-09-29 00:00:00,135.324,63.5,64.0,,,,,,,,,,,, 
2015-09-30 00:00:00,135.799,62.9,67.6,,,,,,,,,,,, 
2015-10-01 00:00:00,136.056,67.4,64.2,,,,,,,,,,,, 
2015-10-02 00:00:00,136.187,68.2,58.1,,,,,,,,,,,, 
2015-10-03 00:00:00,135.839,62.8,61.9,,,,,,,,,,,, 
2015-10-04 00:00:00,136.002,70.2,55.2,,,,,,,,,,,, 
2015-10-05 00:00:00,135.791,66.5,61.7,,,,,,,,,,,, 
2015-10-06 00:00:00,135.901,67.6,65.6,,,,,,,,,,,, 
2015-10-07 00:00:00,136.218,66.3,63.9,,,,,,,,,,,, 
2015-10-08 00:00:00,136.613,71.1,53.4,,,,,,,,,,,, 
2015-10-09 00:00:00,136.338,66.2,56.0,,,,,,,,,,,, 
2015-10-10 00:00:00,135.723,67.3,70.1,,,,,,,,,,,, 
2015-10-11 00:00:00,136.491,67.4,61.5,,,,,,,,,,,, 
2015-10-12 00:00:00,136.823,69.1,54.6,,,,,,,,,,,, 
2015-10-13 00:00:00,136.769,73.0,47.9,,,,,,,,,,,, 
2015-10-14 00:00:00,136.431,73.2,41.5,,,,,,,,,,,, 
2015-10-15 00:00:00,135.747,65.8,66.3,,,,70.2,,,,,,,, 
2015-10-16 00:00:00,130.621,77.3,66.4,,,,,,,,,,,, 
2015-10-17 00:00:00,126.175,93.8,59.0,,,,,,,,,,,, 
2015-10-18 00:00:00,125.641,93.1,55.4,,,,,,,,,,,, 
2015-10-19 00:00:00,125.266,92.1,55.1,,,,70.2,,,,,,,, 
2015-10-20 00:00:00,125.526,92.1,52.0,,,,,,,,,,,, 
2015-10-21 00:00:00,125.050,91.9,50.4,,,,,,,,,,,, 
2015-10-22 00:00:00,124.656,91.6,51.7,,,,,,,,,,,, 
2015-10-23 00:00:00,124.608,91.8,52.4,,,,,,,,,,,, 
2015-10-24 00:00:00,124.711,91.0,52.8,,,,,,,,,,,, 
2015-10-25 00:00:00,124.736,90.6,54.0,,,,,,,,,,,, 
2015-10-26 00:00:00,124.888,93.7,52.9,,,,,,,,,,,, 
2015-10-27 00:00:00,125.461,98.0,53.2,,,,,,,,,,,, 
2015-10-28 00:00:00,127.938,98.9,53.4,,,,,,,,,,,, 
2015-10-29 00:00:00,133.532,98.9,53.4,,,,,,,,,,,, 
2015-10-30 00:00:00,136.073,98.9,52.9,,,,,,,,,,,, 
2015-10-31 00:00:00,136.542,98.8,52.4,,,,,,,,,,,, 
2015-11-01 00:00:00,137.681,99.1,52.3,,,,,,,,,,,, 
2015-11-02 00:00:00,140.527,98.7,52.4,,,,,,,,,,,, 
2015-11-03 00:00:00,141.691,98.5,51.5,,,,,,,,,,,, 
2015-11-04 00:00:00,141.661,98.6,50.9,,,,,,,,,,,, 
2015-11-05 00:00:00,141.110,98.4,49.1,,,,,,,,,,,, 
2015-11-06 00:00:00,140.376,98.4,48.4,,,,,,,,,,,, 
2015-11-07 00:00:00,139.736,98.4,47.7,,,,,,,,,,,, 
2015-11-08 00:00:00,139.066,98.4,47.1,,,,,,,,,,,, 
2015-11-09 00:00:00,139.339,98.3,46.8,,,,70.2,,,,,,,, 
2015-11-10 00:00:00,139.568,98.2,46.2,,,,,,,,,,,, 
2015-11-11 00:00:00,139.241,98.0,45.6,,,,,,,,,,,, 
2015-11-12 00:00:00,138.819,97.7,45.2,,,,,,,,,,,, 
2015-11-13 00:00:00,138.237,97.8,44.8,,,,,,,,,,,, 
2015-11-14 00:00:00,137.724,97.7,44.4,,,,,,,,,,,, 
2015-11-15 00:00:00,138.157,97.6,44.5,,,,,,,,,,,, 
2015-11-16 00:00:00,138.205,97.5,44.3,,,,,,,,,,,, 
2015-11-17 00:00:00,137.469,97.8,44.2,,,,,,,,,,,, 
2015-11-18 00:00:00,136.709,97.9,44.6,,,,,,,,,,,, 
2015-11-19 00:00:00,136.488,98.1,45.3,,,,,,,,,,,, 
2015-11-20 00:00:00,136.060,98.2,46.2,,,,,,,,,,,, 
2015-11-21 00:00:00,135.840,98.2,46.9,,,,,,,,,,,, 
2015-11-22 00:00:00,135.649,98.0,47.2,,,,,,,,,,,, 
2015-11-23 00:00:00,135.168,98.1,47.2,,,,,,,,,,,, 
2015-11-24 00:00:00,134.994,97.9,47.0,,,,,,,,,,,, 
2015-11-25 00:00:00,134.942,97.7,46.4,,,,,,,,,,,, 
2015-11-26 00:00:00,134.576,97.5,45.8,,,,,,,,,,,, 
2015-12-13 00:00:00,,96.4,56.3,,,,65.5,,,,,,,,0.00 
2016-02-09 00:00:00,135.877,97.2,60.9,,,,65.5,,,,,,,,0.00 
2016-02-10 00:00:00,143.028,96.7,56.9,,,,65.5,,,,,,,,0.00 
2016-02-11 00:00:00,144.520,96.7,57.0,,,,65.5,,,,,,,,0.00 
2016-02-12 00:00:00,145.300,96.4,51.7,,,,65.5,,,,,,,,0.00 
2016-02-13 00:00:00,143.833,98.6,57.2,,,,65.5,,,,,,,,0.00 
2016-02-14 00:00:00,142.381,99.0,56.5,,,,65.5,,,,,,,,0.00 
2016-02-15 00:00:00,143.440,99.0,55.9,,,,65.5,,,,,,,,0.00 
2016-02-16 00:00:00,143.627,99.1,55.6,,,,65.5,,,,,,,,0.00 
2017-03-13 00:00:00,3.967,,,,,,83.0,,,,,,,, 
2017-03-17 00:00:00,74.606,64.0,65.9,,,,59.7,,,,,,,, 
2017-03-18 00:00:00,74.702,51.4,84.8,,,,49.4,,,,,,,, 