2014-06-05 00:00:00,0.000,33.2,0.6,33.2,0.7,0,0.0,,,,,,,, 
2014-06-06 00:00:00,0.000,60.4,43.8,62.6,43.0,0,58.4,,,,,,,, 
2014-06-07 00:00:00,0.000,70.7,56.7,72.7,57.2,0,68.8,,,,,,,, 
2014-06-08 00:00:00,0.000,76.3,47.2,76.8,46.8,0,77.2,,,,,,,, 
2014-06-09 00:00:00,0.000,77.0,53.9,77.1,54.7,0,77.3,,,,,,,, 
2014-06-10 00:00:00,1.701,76.6,52.1,79.6,53.7,0,70.3,,,,,,,, 
2014-06-11 00:00:00,59.945,79.0,47.5,71.8,55.6,0,67.3,,,,,,,, 
2014-06-12 00:00:00,67.211,70.2,54.0,62.8,64.6,0,54.3,,,,,,,, 
2014-06-14 00:00:00,78.612,78.2,40.9,72.7,46.6,0,77.0,,,,,,,, 
2014-06-15 00:00:00,78.529,72.5,49.6,63.9,60.8,0,64.9,,,,,,,, 
2014-06-16 00:00:00,78.575,70.1,47.7,61.8,60.6,0,66.1,,,,,,,, 
2014-06-17 00:00:00,79.374,72.9,40.5,66.3,49.2,0,67.6,,,,,,,, 
2014-06-18 00:00:00,79.689,76.2,37.7,71.1,43.4,0,72.3,,,,,,,, 
2014-06-19 00:00:00,79.942,74.4,46.8,67.6,56.0,0,67.5,,,,,,,, 
2014-06-20 00:00:00,81.734,76.7,43.9,68.9,52.3,0,72.2,,,,,,,, 
2014-06-21 00:00:00,81.783,73.7,46.8,66.0,56.2,0,69.1,,,,,,,, 
2014-06-22 00:00:00,81.603,71.9,52.2,65.0,58.6,0,65.5,,,,,,,, 
2014-06-23 00:00:00,82.434,76.3,49.8,69.2,55.5,0,69.8,,,,,,,, 
2014-06-24 00:00:00,83.499,76.0,45.9,72.4,49.7,0,73.7,,,,,,,, 
2014-06-25 00:00:00,82.665,71.8,60.4,65.4,71.2,0,69.1,,,,,,,, 
2014-06-26 00:00:00,83.173,72.1,57.4,66.7,69.6,0,70.1,,,,,,,, 
2014-06-27 00:00:00,84.085,74.4,60.0,67.2,70.1,0,71.0,,,,,,,, 
2014-06-28 00:00:00,85.640,77.0,53.5,68.5,61.5,0,73.4,,,,,,,, 
2014-06-29 00:00:00,90.705,75.8,41.3,73.9,50.0,0,78.8,,,,,,,, 
2014-06-30 00:00:00,99.002,90.2,36.3,76.0,47.2,0,79.7,,,,,,,, 
2014-07-01 00:00:00,97.753,85.7,38.5,67.5,62.6,0,69.7,,,,,,,, 
2014-07-02 00:00:00,97.823,84.5,41.9,66.6,69.2,0,68.0,,,,,,,, 
2014-07-03 00:00:00,99.171,84.4,43.0,66.7,69.4,0,67.9,,,,,,,, 
2014-07-04 00:00:00,100.273,84.0,42.9,65.3,66.6,0,68.2,,,,,,,, 
2014-07-05 00:00:00,101.325,82.9,43.0,63.7,65.6,0,67.2,,,,,,,, 
2014-07-06 00:00:00,102.119,84.6,40.4,66.6,57.1,0,71.4,,,,,,,, 
2014-07-07 00:00:00,101.667,87.1,44.2,66.8,66.8,0,67.6,,,,,,,, 
2014-07-08 00:00:00,102.042,88.4,46.1,69.1,67.2,0,69.1,,,,,,,, 
2014-07-09 00:00:00,102.790,85.2,45.7,68.8,66.8,0,70.7,,,,,,,, 
2014-07-10 00:00:00,103.394,83.3,43.5,67.9,68.1,0,70.3,,,,,,,, 
2014-07-11 00:00:00,104.068,85.8,40.4,69.3,62.7,0,78.2,,,,,,,, 
2014-07-12 00:00:00,104.180,84.6,40.8,67.4,67.7,0,87.1,,,,,,,, 
2014-07-13 00:00:00,105.048,93.2,42.3,70.2,66.8,0,84.8,,,,,,,, 
2014-07-14 00:00:00,106.246,96.4,42.3,71.4,61.6,0,73.6,,,,,,,, 
2014-07-15 00:00:00,106.118,95.3,39.7,73.6,60.6,0,75.5,,,,,,,, 
2014-07-16 00:00:00,105.825,89.9,39.3,69.6,71.0,0,70.6,,,,,,,, 
2014-07-17 00:00:00,106.420,91.5,39.7,68.9,69.6,0,71.6,,,,,,,, 
2014-07-18 00:00:00,107.097,93.7,39.1,68.4,68.8,0,70.7,,,,,,,, 
2014-07-19 00:00:00,107.648,93.4,39.1,69.1,68.6,0,72.6,,,,,,,, 
2014-07-20 00:00:00,107.576,92.4,39.8,66.7,73.9,0,67.6,,,,,,,, 
2014-07-21 00:00:00,107.958,93.6,39.7,69.9,70.7,0,71.9,,,,,,,, 
2014-07-22 00:00:00,108.553,93.3,40.9,70.2,68.2,0,74.1,,,,,,,, 
2014-07-23 00:00:00,109.165,94.0,41.8,72.2,66.5,0,75.8,,,,,,,, 
2014-07-24 00:00:00,110.173,96.1,44.7,73.3,56.8,0,77.3,,,,,,,, 
2014-07-25 00:00:00,110.960,96.4,42.5,77.6,44.4,0,81.5,,,,,,,, 
2014-07-26 00:00:00,107.302,96.7,42.3,74.2,54.0,0,76.9,,,,,,,, 
2014-07-27 00:00:00,104.679,96.5,43.3,74.0,57.6,0,75.6,,,,,,,, 
2014-07-28 00:00:00,104.892,95.4,42.5,70.5,60.2,0,73.5,,,,,,,, 
2014-07-29 00:00:00,106.020,95.8,41.9,72.7,57.0,0,76.4,,,,,,,, 
2014-07-30 00:00:00,106.385,95.7,42.9,71.1,62.5,0,73.7,,,,,,,, 
2014-07-31 00:00:00,107.130,95.4,45.8,68.6,66.2,0,71.4,,,,,,,, 
2014-08-01 00:00:00,108.320,95.5,46.5,69.7,61.9,0,73.6,,,,,,,, 
2014-08-02 00:00:00,108.359,95.1,45.2,66.3,69.4,0,69.4,,,,,,,, 
2014-08-03 00:00:00,108.339,95.5,43.3,65.2,73.5,0,66.5,,,,,,,, 
2014-08-04 00:00:00,108.654,95.4,43.0,67.0,71.1,0,67.8,,,,,,,, 
2014-08-05 00:00:00,109.349,95.4,46.1,66.4,79.7,0,65.9,,,,,,,, 
2014-08-06 00:00:00,109.208,95.8,49.2,73.0,72.6,0,76.9,,,,,,,, 
2014-08-11 00:00:00,110.613,89.5,56.4,77.6,51.9,0,80.1,,,,,,,, 
2014-08-12 00:00:00,109.709,78.9,56.0,65.9,70.6,0,67.3,,,,,,,, 
2014-08-13 00:00:00,109.598,81.3,51.1,68.2,68.5,0,70.5,,,,,,,, 
2014-08-14 00:00:00,109.384,81.5,60.3,66.7,70.3,0,68.2,,,,,,,, 
2014-08-15 00:00:00,109.455,81.6,62.1,68.1,66.9,0,70.6,,,,,,,, 
2014-08-16 00:00:00,109.341,81.1,62.0,67.7,63.9,0,69.6,,,,,,,, 
2014-08-17 00:00:00,108.864,79.9,63.5,65.8,69.6,0,67.7,,,,,,,, 
2014-08-18 00:00:00,108.342,79.7,64.1,65.4,76.3,0,66.2,,,,,,,, 
2014-08-19 00:00:00,108.001,79.8,61.1,66.4,76.9,0,68.3,,,,,,,, 
2014-08-20 00:00:00,107.970,79.2,58.2,66.6,76.9,0,67.4,,,,,,,, 
2014-08-21 00:00:00,108.394,83.1,58.2,70.4,70.6,0,73.0,,,,,,,, 
2014-08-22 00:00:00,107.945,80.2,57.4,66.7,74.1,0,69.1,,,,,,,, 
2014-08-23 00:00:00,107.279,70.1,50.8,69.8,69.5,0,71.7,,,,,,,, 
2014-08-24 00:00:00,33.423,90.7,41.8,72.1,58.0,0,56.8,,,,,,,, 
2014-08-25 00:00:00,107.239,90.7,41.3,67.2,68.9,0,56.8,,,,,,,, 
2014-08-26 00:00:00,106.768,93.2,45.4,69.8,64.9,0,56.8,,,,,,,, 
2014-08-27 00:00:00,106.906,93.4,48.1,70.0,63.2,0,58.6,,,,,,,, 
2014-08-28 00:00:00,106.409,93.7,48.4,68.4,67.9,0,71.6,,,,,,,, 
2014-08-29 00:00:00,106.154,93.2,49.3,69.6,70.1,0,70.6,,,,,,,, 
2014-08-30 00:00:00,106.965,94.3,48.8,73.5,56.0,0,75.5,,,,,,,, 
2014-08-31 00:00:00,106.498,93.5,48.8,72.7,59.5,0,75.5,,,,,,,, 
2014-09-01 00:00:00,106.713,93.7,48.4,73.7,54.4,0,76.2,,,,,,,, 
2014-09-02 00:00:00,105.862,93.2,46.8,67.3,68.6,0,68.3,,,,,,,, 
2014-09-03 00:00:00,105.959,91.8,48.4,68.1,70.9,0,69.7,,,,,,,, 
2014-09-04 00:00:00,106.451,92.9,48.8,68.4,70.2,0,69.9,,,,,,,, 
2014-09-05 00:00:00,106.655,93.0,47.6,68.5,67.6,0,69.9,,,,,,,, 
2014-09-06 00:00:00,107.094,92.0,51.5,64.9,67.7,0,67.3,,,,,,,, 
2014-09-07 00:00:00,107.436,90.6,47.7,63.6,65.7,0,66.3,,,,,,,, 
2014-09-08 00:00:00,107.085,88.1,47.1,61.2,72.8,0,63.0,,,,,,,, 
2014-09-09 00:00:00,107.432,88.7,51.3,66.9,67.6,0,68.6,,,,,,,, 
2014-09-10 00:00:00,108.023,90.6,51.5,70.7,56.3,0,72.6,,,,,,,, 
2014-09-11 00:00:00,108.239,91.2,50.8,72.5,49.8,0,73.8,,,,,,,, 
2014-09-12 00:00:00,107.652,91.1,48.5,71.5,51.8,0,73.1,,,,,,,, 
2014-09-13 00:00:00,106.675,92.1,47.7,69.9,59.7,0,71.6,,,,,,,, 
2014-09-14 00:00:00,107.083,89.6,51.3,69.1,61.3,0,71.1,,,,,,,, 
2014-09-15 00:00:00,107.423,88.1,51.1,68.0,61.2,0,69.5,,,,,,,, 
2014-09-16 00:00:00,108.372,87.7,48.8,69.6,58.7,0,71.4,,,,,,,, 
2014-09-17 00:00:00,108.688,90.0,50.7,71.0,62.3,0,72.8,,,,,,,, 
2014-09-18 00:00:00,109.004,93.1,53.4,73.3,72.6,0,73.1,,,,,,,, 
2014-09-19 00:00:00,109.971,91.3,51.2,69.1,74.4,0,70.4,,,,,,,, 
2014-09-20 00:00:00,110.690,90.8,51.5,69.3,74.2,0,70.6,,,,,,,, 
2014-09-21 00:00:00,111.030,88.4,50.8,69.7,69.7,0,70.6,,,,,,,, 
2014-09-22 00:00:00,111.548,88.5,51.6,70.2,67.4,0,71.8,,,,,,,, 
2014-09-23 00:00:00,111.850,87.3,50.1,68.1,69.4,0,69.6,,,,,,,, 
2014-09-24 00:00:00,112.191,90.8,53.3,74.4,71.4,0,75.1,,,,,,,, 
2014-09-25 00:00:00,112.942,90.1,52.2,66.0,94.1,0,63.8,,,,,,,, 
2014-09-26 00:00:00,113.472,87.2,53.2,64.7,72.3,0,47.2,,,,,,,, 
2014-09-27 00:00:00,113.566,85.6,53.2,67.0,68.3,0,48.1,,,,,,,, 
2014-09-28 00:00:00,113.109,85.1,54.5,65.3,75.0,0,18.2,,,,,,,, 
2014-09-29 00:00:00,112.583,83.1,53.0,62.6,78.3,0,27.1,,,,,,,, 
2014-09-30 00:00:00,112.893,82.7,54.3,65.4,69.4,0,37.2,,,,,,,, 
2014-10-01 00:00:00,113.837,84.4,50.5,70.4,44.7,0,48.8,,,,,,,, 
2014-10-02 00:00:00,113.014,83.6,45.5,68.8,44.1,0,62.4,,,,,,,, 
2014-10-03 00:00:00,112.011,83.1,45.0,67.1,50.5,0,65.5,,,,,,,, 
2014-10-06 00:00:00,70.146,85.8,43.4,84.1,35.1,0,82.0,,,,,,,, 
2014-10-07 00:00:00,102.123,81.0,43.1,67.0,54.8,0,65.5,,,,,,,, 
2014-10-08 00:00:00,104.017,79.5,45.5,70.9,50.2,0,67.9,,,,,,,, 
2014-10-09 00:00:00,109.131,79.0,46.9,65.7,61.8,0,64.3,,,,,,,, 
2014-10-10 00:00:00,108.900,75.9,48.7,62.7,67.0,0,61.5,,,,,,,, 
2014-10-11 00:00:00,109.508,75.3,51.1,64.2,63.7,0,62.5,,,,,,,, 
2014-10-12 00:00:00,111.264,79.4,51.1,72.6,42.7,0,72.9,,,,,,,, 
2014-10-13 00:00:00,110.694,79.7,44.5,67.3,40.2,0,66.2,,,,,,,, 
2014-10-14 00:00:00,107.964,76.9,46.4,61.9,75.3,0,61.2,,,,,,,, 
2014-10-15 00:00:00,109.305,78.5,53.4,65.6,75.0,0,64.9,,,,,,,, 
2014-10-16 00:00:00,110.327,76.5,53.1,61.1,62.1,0,60.4,,,,,,,, 
2014-10-17 00:00:00,110.247,73.1,52.4,61.2,67.6,0,59.9,,,,,,,, 
2014-10-18 00:00:00,108.690,83.5,56.2,70.5,65.7,0,69.6,,,,,,,, 
2014-10-19 00:00:00,108.080,91.7,61.3,67.8,69.3,0,66.3,,,,,,,, 
2014-10-20 00:00:00,108.244,91.0,60.4,66.6,70.6,0,63.7,,,,,,,, 
2014-10-21 00:00:00,108.681,86.4,57.4,63.4,59.9,0,59.8,,,,,,,, 
2014-10-22 00:00:00,108.983,86.5,55.2,66.3,59.5,0,63.0,,,,,,,, 
2014-10-23 00:00:00,108.856,90.5,57.1,67.2,66.2,0,63.6,,,,,,,, 
2014-10-24 00:00:00,109.000,89.8,58.4,65.8,65.0,0,62.1,,,,,,,, 
2014-10-25 00:00:00,109.220,92.5,57.4,66.8,79.1,0,64.6,,,,,,,, 
2014-10-26 00:00:00,109.836,91.7,61.8,64.7,62.1,0,35.2,,,,,,,, 
2014-10-27 00:00:00,110.030,87.2,56.0,61.8,59.8,0,31.6,,,,,,,, 
2014-10-28 00:00:00,109.882,86.3,53.6,64.3,59.9,0,39.7,,,,,,,, 
2014-10-29 00:00:00,109.690,88.5,53.2,67.7,59.1,0,33.1,,,,,,,, 
2014-10-30 00:00:00,109.217,89.5,52.6,66.7,65.6,0,33.4,,,,,,,, 
2014-10-31 00:00:00,108.513,88.7,52.9,61.5,87.4,0,0.0,,,,,,,, 
2014-11-01 00:00:00,109.441,88.1,53.7,61.1,65.6,0,11.2,,,,,,,, 
2014-11-02 00:00:00,109.877,86.7,54.0,58.4,62.0,0,17.5,,,,,,,, 
2014-11-03 00:00:00,113.020,84.1,55.7,57.8,62.3,0,20.4,,,,,,,, 
2014-11-04 00:00:00,118.347,81.3,54.4,46.8,78.4,0,15.0,,,,,,,, 
2014-11-17 00:00:00,96.583,88.7,56.4,48.0,61.8,0,0.0,,,,,,,, 
2014-11-21 00:00:00,98.785,85.9,61.1,57.0,94.1,0,0.0,,,,,,,, 
2014-11-22 00:00:00,98.798,90.1,61.0,62.2,78.9,0,0.0,,,,,,,, 
2014-11-23 00:00:00,98.954,90.9,56.2,55.6,67.1,0,0.0,,,,,,,, 
2014-11-24 00:00:00,99.129,89.4,58.1,55.6,64.9,0,0.0,,,,,,,, 
2014-11-25 00:00:00,98.982,88.4,58.1,56.9,65.7,0,0.0,,,,,,,, 
2014-11-26 00:00:00,98.681,87.6,56.2,56.9,65.9,0,0.0,,,,,,,, 
2014-11-27 00:00:00,98.347,88.3,58.0,56.9,67.3,0,0.0,,,,,,,, 
2014-11-28 00:00:00,97.774,84.1,57.5,54.2,74.4,0,0.0,,,,,,,, 
2014-11-29 00:00:00,97.628,86.6,59.7,61.7,88.1,0,0.0,,,,,,,, 
2014-11-30 00:00:00,97.657,86.5,58.5,58.5,85.8,0,0.0,,,,,,,, 
2014-12-01 00:00:00,97.821,89.7,58.7,63.6,79.5,0,0.0,,,,,,,, 
2014-12-02 00:00:00,98.239,89.1,57.5,58.8,90.6,0,0.0,,,,,,,, 
2014-12-03 00:00:00,99.042,89.2,57.7,61.9,90.0,0,0.0,,,,,,,, 
2014-12-04 00:00:00,99.408,89.7,56.9,61.0,87.5,0,0.0,,,,,,,, 
2014-12-05 00:00:00,99.783,90.2,56.8,62.9,86.9,,0.0,,,,,,,, 
2014-12-06 00:00:00,100.450,91.6,54.6,61.7,97.2,,0.0,,,,,,,, 
2014-12-14 00:00:00,103.395,72.1,,88.0,48.5,,51.0,,,,,,,, 
2014-12-15 00:00:00,101.047,72.1,,87.7,50.0,,50.2,,,,,,,, 
2014-12-16 00:00:00,99.313,72.1,,87.4,48.7,,50.5,,,,,,,, 
2014-12-17 00:00:00,99.286,72.1,,83.6,50.1,,51.5,,,,,,,, 
2014-12-18 00:00:00,99.097,79.3,51.8,72.4,66.8,,51.7,,,,,,,, 
2014-12-19 00:00:00,99.308,85.6,51.9,57.0,92.3,,53.7,,,,,,,, 
2014-12-20 00:00:00,99.191,86.1,54.0,59.1,90.6,,55.1,,,,,,,, 
2014-12-21 00:00:00,94.298,89.7,55.4,63.3,88.3,,59.2,,,,,,,, 
2014-12-22 00:00:00,90.660,87.0,56.5,59.1,88.0,,54.6,,,,,,,, 
2014-12-23 00:00:00,90.433,85.5,59.7,57.6,80.3,,53.0,,,,,,,, 
2014-12-24 00:00:00,90.231,82.3,57.6,53.0,81.1,,50.5,,,,,,,, 
2014-12-25 00:00:00,90.247,81.5,54.3,51.1,57.8,,48.0,,,,,,,, 
2014-12-26 00:00:00,89.800,82.2,53.3,51.6,47.7,,50.3,,,,,,,, 
2014-12-27 00:00:00,88.259,78.3,53.7,46.3,69.2,,42.4,,,,,,,, 
2014-12-28 00:00:00,87.709,77.1,56.1,48.4,73.9,,44.0,,,,,,,, 
2014-12-29 00:00:00,87.410,76.7,57.7,46.3,79.7,,43.0,,,,,,,, 
2014-12-30 00:00:00,87.425,68.8,53.8,41.8,59.6,,41.5,,,,,,,, 
2015-01-03 00:00:00,84.808,75.1,58.4,42.6,72.4,,41.0,,,,,,,, 
2015-01-04 00:00:00,84.245,73.1,56.2,45.0,73.4,,42.4,,,,,,,, 
2015-01-05 00:00:00,84.413,73.1,56.0,46.2,74.4,,42.9,,,,,,,, 
2015-01-06 00:00:00,85.266,78.3,55.3,49.6,73.3,,48.9,,,,,,,, 
2015-01-07 00:00:00,85.230,80.8,55.1,50.7,74.0,,49.6,,,,,,,, 
2015-01-08 00:00:00,84.838,80.4,54.9,51.6,79.7,,50.5,,,,,,,, 
2015-01-09 00:00:00,84.754,81.7,54.1,54.5,79.0,,52.2,,,,,,,, 
2015-01-10 00:00:00,84.527,80.7,53.3,51.6,81.5,,41.7,,,,,,,, 
2015-01-11 00:00:00,84.212,79.1,54.2,50.4,87.4,,40.5,,,,,,,, 
2015-01-12 00:00:00,84.407,81.2,56.0,52.7,82.4,,40.5,,,,,,,, 
2015-01-13 00:00:00,84.933,82.7,57.1,52.2,73.1,,40.5,,,,,,,, 
2015-01-14 00:00:00,84.274,80.3,53.1,48.7,76.5,,40.5,,,,,,,, 
2015-01-15 00:00:00,83.669,78.1,52.3,48.2,82.8,,40.5,,,,,,,, 
2015-01-16 00:00:00,83.484,79.9,52.5,51.9,88.0,,40.5,,,,,,,, 
2015-01-17 00:00:00,83.680,84.1,56.2,57.0,85.6,,40.5,,,,,,,, 
2015-01-18 00:00:00,83.614,87.2,59.5,59.6,86.9,,40.5,,,,,,,, 
2015-01-19 00:00:00,83.463,72.6,67.6,77.6,71.4,,40.5,,,,,,,, 
2015-01-20 00:00:00,92.318,76.4,65.8,63.9,74.6,,40.5,,,,,,,, 
2015-01-21 00:00:00,92.185,84.4,55.2,49.4,76.7,,40.5,,,,,,,, 
2015-01-22 00:00:00,91.932,84.2,54.2,49.3,78.8,,40.5,,,,,,,, 
2015-01-23 00:00:00,92.024,86.9,57.0,51.8,73.5,,40.5,,,,,,,, 
2015-01-24 00:00:00,91.818,88.7,57.4,50.6,78.3,,40.5,,,,,,,, 
2015-01-25 00:00:00,91.709,89.1,56.7,53.0,77.2,,40.5,,,,,,,, 
2015-01-26 00:00:00,91.906,89.6,56.9,52.6,75.2,,40.5,,,,,,,, 
2015-01-27 00:00:00,91.974,92.1,61.7,57.4,76.4,,40.6,,,,,,,, 
2015-01-28 00:00:00,92.473,92.9,65.1,59.8,70.1,,40.5,,,,,,,, 
2015-01-29 00:00:00,92.730,93.3,64.4,57.4,68.8,,40.5,,,,,,,, 
2015-01-30 00:00:00,92.692,93.0,63.4,55.1,70.7,,40.5,,,,,,,, 
2015-01-31 00:00:00,94.134,95.2,61.9,63.2,43.7,,40.5,,,,,,,, 
2015-02-01 00:00:00,92.774,94.0,59.0,54.6,66.4,,40.5,,,,,,,, 
2015-02-02 00:00:00,92.581,94.7,60.0,57.3,70.8,,40.5,,,,,,,, 
2015-02-03 00:00:00,93.248,95.6,63.0,59.3,70.8,,40.5,,,,,,,, 
2015-02-04 00:00:00,93.489,95.1,62.3,56.2,75.6,,40.5,,,,,,,, 
2015-02-05 00:00:00,93.726,95.9,61.3,57.0,77.5,,40.5,,,,,,,, 
2015-02-06 00:00:00,94.509,96.4,55.5,60.8,86.2,,40.5,,,,,,,, 
2015-02-07 00:00:00,94.988,96.5,62.6,63.7,83.5,,40.5,,,,,,,, 
2015-02-08 00:00:00,95.915,95.8,66.7,61.0,87.7,,40.5,,,,,,,, 
2015-02-09 00:00:00,100.381,95.8,62.5,60.5,77.7,,40.5,,,,,,,, 
2015-02-10 00:00:00,108.594,95.6,61.5,55.0,73.6,,-225.5,,,,,,,, 
2015-02-11 00:00:00,108.617,95.7,64.5,56.0,72.5,,-107.6,,,,,,,, 
2015-02-12 00:00:00,110.902,95.2,62.0,51.5,75.1,,19.9,,,,,,,, 
2015-02-13 00:00:00,113.953,96.7,70.4,64.5,74.8,,64.2,,,,,,,, 
2015-02-14 00:00:00,115.392,96.4,68.2,59.2,79.0,,57.5,,,,,,,, 
2015-02-15 00:00:00,117.281,96.6,66.3,59.1,74.1,,-103.2,,,,,,,, 
2015-02-16 00:00:00,119.638,96.9,63.3,60.3,72.6,,-485.9,,,,,,,, 
2015-02-17 00:00:00,119.743,96.6,61.9,57.1,85.6,,-493.6,,,,,,,, 
2015-02-18 00:00:00,120.414,97.0,61.5,58.8,82.1,,-309.1,,,,,,,, 
2015-02-19 00:00:00,120.866,96.0,62.3,55.3,89.1,,-470.9,,,,,,,, 
2015-02-20 00:00:00,121.292,97.0,62.0,58.6,84.9,,56.5,,,,,,,, 
2015-02-21 00:00:00,121.744,96.2,66.6,54.9,81.7,,-48.9,,,,,,,, 
2015-02-22 00:00:00,121.736,95.8,65.6,54.4,65.5,,51.7,,,,,,,, 
2015-02-23 00:00:00,122.388,96.8,55.8,60.1,26.4,,57.9,,,,,,,, 
2015-02-24 00:00:00,121.400,96.9,57.7,55.1,49.3,,50.9,,,,,,,, 
2015-02-25 00:00:00,121.893,96.4,60.7,56.5,64.9,,51.2,,,,,,,, 
2015-02-26 00:00:00,124.386,96.9,63.6,60.3,64.9,,56.6,,,,,,,, 
2015-02-27 00:00:00,126.480,96.8,62.7,58.8,67.2,,56.5,,,,,,,, 
2015-02-28 00:00:00,127.380,96.9,60.3,52.9,72.1,,48.2,,,,,,,, 
2015-03-01 00:00:00,129.144,96.3,61.8,53.9,67.9,,49.4,,,,,,,, 
2015-03-02 00:00:00,129.980,96.8,63.6,53.9,70.9,,50.7,,,,,,,, 
2015-03-03 00:00:00,131.499,96.8,64.2,54.4,67.2,,50.3,,,,,,,, 
2015-03-04 00:00:00,133.549,96.8,64.8,54.8,62.8,,50.6,,,,,,,, 
2015-03-05 00:00:00,139.716,96.5,65.3,55.3,62.0,,51.6,,,,,,,, 
2015-03-06 00:00:00,149.144,96.0,68.8,58.7,58.4,,52.9,,,,,,,, 
2015-03-07 00:00:00,147.637,95.9,67.5,60.8,60.7,,55.1,,,,,,,, 
2015-03-08 00:00:00,145.067,96.9,62.6,59.9,65.7,,54.2,,,,,,,, 
2015-03-09 00:00:00,146.019,97.0,62.3,60.5,72.1,,55.6,,,,,,,, 
2015-03-10 00:00:00,146.376,96.9,60.1,57.3,77.1,,53.1,,,,,,,, 
2015-03-11 00:00:00,147.372,97.1,60.7,62.3,73.5,,58.6,,,,,,,, 
2015-03-12 00:00:00,149.620,97.2,62.0,62.2,67.9,,58.1,,,,,,,, 
2015-03-13 00:00:00,151.417,97.2,62.7,66.4,64.6,,61.6,,,,,,,, 
2015-03-14 00:00:00,152.040,97.2,62.8,69.9,65.5,,65.8,,,,,,,, 
2015-03-15 00:00:00,152.640,96.8,62.0,64.3,63.1,,61.6,,,,,,,, 
2015-03-16 00:00:00,152.446,96.9,59.6,63.6,71.3,,59.7,,,,,,,, 
2015-03-17 00:00:00,153.072,96.7,60.0,63.1,67.1,,58.5,,,,,,,, 
2015-03-18 00:00:00,153.778,96.2,59.7,61.7,62.2,,57.2,,,,,,,, 
2015-03-19 00:00:00,154.268,96.7,60.0,62.7,60.9,,58.2,,,,,,,, 
2015-03-20 00:00:00,154.718,96.4,59.4,60.5,63.4,,57.5,,,,,,,, 
2015-03-21 00:00:00,155.086,96.6,59.8,63.5,67.1,,59.9,,,,,,,, 
2015-03-22 00:00:00,155.939,96.5,60.0,63.8,70.7,,60.7,,,,,,,, 
2015-03-23 00:00:00,157.259,96.2,61.6,61.8,67.6,,58.1,,,,,,,, 
2015-03-24 00:00:00,157.285,96.1,59.8,62.9,69.0,,58.6,,,,,,,, 
2015-03-25 00:00:00,157.912,96.1,63.8,64.1,62.9,,60.1,,,,,,,, 
2015-03-26 00:00:00,158.194,95.4,66.0,67.1,61.6,,63.4,,,,,,,, 
2015-03-27 00:00:00,158.185,95.0,66.8,61.7,70.4,,58.7,,,,,,,, 
2015-03-28 00:00:00,159.138,95.4,65.0,64.5,61.2,,61.1,,,,,,,, 
2015-03-29 00:00:00,159.626,95.2,66.6,64.4,56.9,,60.8,,,,,,,, 
2015-03-30 00:00:00,159.456,94.0,67.6,62.8,62.3,,59.2,,,,,,,, 
2015-03-31 00:00:00,160.192,94.1,68.0,64.2,50.3,,60.5,,,,,,,, 
2015-04-01 00:00:00,160.361,93.7,66.7,62.0,48.0,,58.1,,,,,,,, 
2015-04-02 00:00:00,160.729,93.7,64.9,63.0,37.3,,59.9,,,,,,,, 
2015-04-03 00:00:00,159.736,94.0,65.2,58.3,51.9,,51.0,,,,,,,, 
2015-04-04 00:00:00,159.499,92.8,64.4,57.6,55.8,,55.0,,,,,,,, 
2015-04-05 00:00:00,156.033,92.7,60.1,52.9,65.5,,59.4,,,,,,,, 
2015-04-06 00:00:00,152.197,93.3,61.0,54.2,61.4,,29.3,,,,,,,, 
2015-04-07 00:00:00,153.673,92.9,55.9,54.3,80.0,,51.6,,,,,,,, 
2015-04-08 00:00:00,154.254,93.6,58.7,55.2,71.5,,51.2,,,,,,,, 
2015-04-09 00:00:00,154.358,94.8,62.4,57.1,67.6,,54.3,,,,,,,, 
2015-04-10 00:00:00,153.974,94.8,63.3,58.8,62.8,,37.3,,,,,,,, 
2015-04-11 00:00:00,153.358,95.0,63.6,59.9,66.9,,20.2,,,,,,,, 
2015-04-12 00:00:00,153.131,95.2,64.9,63.6,66.3,,60.7,,,,,,,, 
2015-04-13 00:00:00,152.930,94.8,65.3,57.8,69.5,,55.4,,,,,,,, 
2015-04-14 00:00:00,153.498,95.0,64.3,59.6,49.8,,56.7,,,,,,,, 
2015-04-15 00:00:00,153.717,95.0,66.1,63.2,42.3,,60.2,,,,,,,, 
2015-04-16 00:00:00,153.697,94.1,66.2,69.3,32.4,,67.4,,,,,,,, 
2015-04-17 00:00:00,152.628,95.1,66.1,64.8,48.1,,61.3,,,,,,,, 
2015-04-18 00:00:00,151.798,95.1,65.5,62.8,62.8,,59.0,,,,,,,, 
2015-04-19 00:00:00,152.222,95.2,64.6,61.8,68.9,,58.5,,,,,,,, 
2015-04-20 00:00:00,145.385,95.4,63.1,62.9,71.7,,60.3,,,,,,,, 
2015-04-21 00:00:00,132.958,95.8,58.5,59.0,77.0,,56.8,,,,,,,, 
2015-04-22 00:00:00,137.905,95.4,66.4,68.8,59.3,,66.2,,,,,,,, 
2015-04-23 00:00:00,142.334,94.9,62.6,61.9,63.1,,59.1,,,,,,,, 
2015-04-24 00:00:00,142.405,95.6,61.2,61.8,61.0,,58.7,,,,,,,, 
2015-04-25 00:00:00,143.648,96.0,60.0,61.1,76.3,,60.1,,,,,,,, 
2015-04-26 00:00:00,144.191,96.0,61.4,64.9,64.8,,62.8,,,,,,,, 
2015-04-27 00:00:00,144.207,95.4,63.6,69.0,66.8,,66.4,,,,,,,, 
2015-04-28 00:00:00,145.058,95.1,64.4,64.7,71.4,,61.4,,,,,,,, 
2015-04-29 00:00:00,145.002,95.8,64.7,65.7,65.7,,62.9,,,,,,,, 
2015-04-30 00:00:00,145.327,96.1,64.4,71.2,57.3,,68.7,,,,,,,, 
2015-05-01 00:00:00,144.785,95.8,66.6,69.9,56.9,,67.3,,,,,,,, 
2015-05-02 00:00:00,143.683,96.1,66.1,65.0,64.8,,62.4,,,,,,,, 
2015-05-03 00:00:00,143.380,96.3,64.1,61.3,70.5,,59.2,,,,,,,, 
2015-05-04 00:00:00,143.957,95.8,64.5,60.0,70.5,,58.0,,,,,,,, 
2015-05-05 00:00:00,145.211,96.1,67.5,61.6,60.9,,58.3,,,,,,,, 
2015-05-06 00:00:00,145.262,95.8,69.1,63.0,56.4,,59.6,,,,,,,, 
2015-05-07 00:00:00,145.123,96.2,65.4,63.5,49.2,,59.1,,,,,,,, 
2015-05-08 00:00:00,143.921,96.4,64.5,63.9,61.1,,60.5,,,,,,,, 
2015-05-09 00:00:00,143.808,96.0,65.6,63.2,65.8,,60.7,,,,,,,, 
2015-05-10 00:00:00,144.087,96.2,64.0,62.7,66.2,,59.7,,,,,,,, 
2015-05-11 00:00:00,145.049,95.9,65.0,61.5,61.5,,58.0,,,,,,,, 
2015-05-12 00:00:00,144.969,96.1,61.8,61.0,53.8,,57.6,,,,,,,, 
2015-05-13 00:00:00,143.434,96.2,57.7,62.0,57.5,,58.2,,,,,,,, 
2015-05-14 00:00:00,144.855,96.0,53.8,62.7,66.2,,57.8,,,,,,,, 
2015-05-15 00:00:00,145.063,96.0,54.6,60.3,71.2,,47.6,,,,,,,, 
2015-05-16 00:00:00,144.587,96.4,57.3,61.7,67.7,,48.0,,,,,,,, 
2015-05-17 00:00:00,144.299,96.4,56.5,60.4,70.1,,48.0,,,,,,,, 
2015-05-18 00:00:00,144.251,95.9,57.8,61.9,68.8,,48.0,,,,,,,, 
2015-05-19 00:00:00,144.153,95.9,58.4,62.6,69.5,,48.0,,,,,,,, 
2015-05-20 00:00:00,144.251,96.3,59.0,62.2,69.4,,48.0,,,,,,,, 
2015-05-21 00:00:00,144.319,96.5,58.9,64.1,68.3,,48.0,,,,,,,, 
2015-05-22 00:00:00,144.231,96.4,60.0,62.8,67.9,,48.0,,,,,,,, 
2015-05-23 00:00:00,144.150,96.6,60.2,65.4,65.6,,48.0,,,,,,,, 
2015-05-24 00:00:00,143.984,96.7,59.7,64.2,67.1,,48.0,,,,,,,, 
2015-05-25 00:00:00,143.790,96.3,57.9,62.2,70.8,,48.0,,,,,,,, 
2015-05-26 00:00:00,144.169,96.9,58.6,63.5,68.3,,48.0,,,,,,,, 
2015-05-27 00:00:00,144.044,97.1,58.7,63.5,69.5,,48.0,,,,,,,, 
2015-05-28 00:00:00,144.145,96.5,60.3,64.8,66.7,,48.0,,,,,,,, 
2015-05-29 00:00:00,144.036,96.6,60.7,65.3,66.0,,48.0,,,,,,,, 
2015-05-30 00:00:00,144.068,97.1,61.5,64.6,66.2,,,,,,,,,, 
2015-05-31 00:00:00,143.975,96.5,59.5,64.6,63.7,,,,,,,,,, 
2015-06-01 00:00:00,144.345,97.1,60.8,68.4,65.6,,,,,,,,,, 
2015-06-02 00:00:00,144.404,97.1,60.8,68.6,59.9,,,,,,,,,, 
2015-06-03 00:00:00,143.902,97.3,57.6,67.7,57.8,,,,,,,,,, 
2015-06-04 00:00:00,143.618,97.3,57.9,69.3,56.3,,,,,,,,,, 
2015-06-05 00:00:00,143.506,97.3,59.7,70.1,60.2,,,,,,,,,, 
2015-06-06 00:00:00,143.903,96.1,60.0,70.8,58.9,,,,,,,,,, 
2015-06-07 00:00:00,144.444,97.4,61.2,75.2,54.9,,,,,,,,,, 
2015-06-08 00:00:00,145.353,97.9,59.0,82.0,45.3,,,,,,,,,, 
2015-06-09 00:00:00,144.971,97.3,59.9,73.3,55.2,,,,,,,,,, 
2015-06-10 00:00:00,146.587,97.3,59.4,69.4,76.6,,,,,,,,,, 
2015-06-11 00:00:00,147.991,97.5,59.4,73.8,61.2,,70.6,,,,,,,, 
2015-06-12 00:00:00,148.211,97.1,58.5,76.4,52.8,,80.4,,,,,,,, 
2015-06-13 00:00:00,147.531,96.7,59.6,69.4,61.6,,96.8,,,,,,,, 
2015-06-14 00:00:00,146.992,97.5,55.7,66.0,65.6,,84.5,,,,,,,, 
2015-06-15 00:00:00,147.250,97.3,55.7,66.4,64.2,,64.8,,,,,,,, 
2015-06-16 00:00:00,147.780,97.2,56.9,68.4,58.8,,72.8,,,,,,,, 
2015-06-17 00:00:00,148.013,96.9,58.8,69.0,56.1,,67.3,,,,,,,, 
2015-06-18 00:00:00,147.919,97.1,57.3,66.4,53.5,,65.3,,,,,,,, 
2015-06-19 00:00:00,147.649,97.2,56.9,69.1,52.2,,67.3,,,,,,,, 
2015-06-20 00:00:00,147.595,96.6,58.6,69.2,54.0,,68.3,,,,,,,, 
2015-06-21 00:00:00,146.725,97.0,56.5,64.0,64.6,,63.5,,,,,,,, 
2015-06-22 00:00:00,147.244,97.0,57.2,65.0,60.1,,63.7,,,,,,,, 
2015-06-23 00:00:00,147.797,97.0,58.1,70.0,52.4,,68.5,,,,,,,, 
2015-06-24 00:00:00,147.590,96.5,58.7,74.4,52.4,,73.6,,,,,,,, 
2015-06-25 00:00:00,147.839,97.4,57.3,77.6,49.3,,76.4,,,,,,,, 
2015-06-26 00:00:00,147.672,97.3,56.8,75.9,47.6,,74.5,,,,,,,, 
2015-06-27 00:00:00,146.726,97.1,55.0,72.6,57.7,,70.4,,,,,,,, 
2015-06-28 00:00:00,147.020,,,72.8,60.7,,71.6,,,,,,,, 
2015-06-29 00:00:00,147.510,,,72.5,59.7,,72.0,,,,,,,, 
2015-06-30 00:00:00,148.730,,,79.9,46.8,,-137.4,,,,,,,, 
2015-07-01 00:00:00,148.267,,,80.4,45.1,,77.9,,,,,,,, 
2015-07-02 00:00:00,147.848,,,75.7,54.1,,74.0,,,,,,,, 
2015-07-03 00:00:00,148.255,,,74.9,57.8,,73.1,,,,,,,, 
2015-07-04 00:00:00,148.741,99.1,49.8,73.5,60.7,,71.8,,,,,,,, 
2015-07-05 00:00:00,148.826,99.0,51.2,71.1,65.8,,69.0,,,,,,,, 
2015-07-06 00:00:00,149.588,98.7,49.4,72.2,60.6,,69.6,,,,,,,, 
2015-07-07 00:00:00,149.839,98.7,50.0,70.6,61.6,,68.9,,,,,,,, 
2015-07-08 00:00:00,149.548,98.6,48.6,67.7,67.7,,66.9,,,,,,,, 
2015-07-09 00:00:00,150.024,98.7,49.7,64.8,76.9,,63.1,,,,,,,, 
2015-07-10 00:00:00,151.110,98.9,53.0,69.6,66.9,,67.1,,,,,,,, 
2015-07-11 00:00:00,151.172,98.6,51.4,70.5,61.7,,69.0,,,,,,,, 
2015-07-12 00:00:00,150.805,98.6,52.7,72.1,60.4,,70.1,,,,,,,, 
2015-07-13 00:00:00,150.859,98.7,53.1,72.5,60.2,,70.2,,,,,,,, 
2015-07-14 00:00:00,150.913,98.7,53.6,70.9,63.4,,68.9,,,,,,,, 
2015-07-15 00:00:00,151.417,98.8,54.2,75.2,59.0,,73.4,,,,,,,, 
2015-07-16 00:00:00,151.476,98.7,55.1,72.9,60.2,,71.0,,,,,,,, 
2015-07-17 00:00:00,151.401,98.8,53.1,75.0,58.1,,72.8,,,,,,,, 
2015-07-18 00:00:00,149.769,99.0,53.2,67.0,68.1,,71.3,,,,,,,, 
2015-07-19 00:00:00,,,,,,,77.7,,,,,,,, 
2015-07-20 00:00:00,156.990,84.8,45.0,97.4,56.4,,76.8,,,,,,,, 
2015-07-21 00:00:00,156.034,92.0,60.1,76.3,59.7,,69.4,,,,,,,, 
2015-07-22 00:00:00,156.502,97.1,56.6,67.6,64.6,,66.1,,,,,,,, 
2015-07-23 00:00:00,156.797,97.2,56.5,69.4,62.6,,67.9,,,,,,,, 
2015-07-24 00:00:00,157.228,97.1,55.8,67.6,59.0,,65.8,,,,,,,, 
2015-07-25 00:00:00,156.528,97.0,55.0,65.0,64.6,,64.1,,,,,,,, 
2015-07-26 00:00:00,156.527,91.1,54.0,69.9,63.5,,69.2,,,,,,,, 
2015-07-27 00:00:00,156.759,75.6,46.0,,,,73.0,,,,,,,, 
2015-07-28 00:00:00,155.719,77.0,40.3,,,,75.3,,,,,,,, 
2015-07-29 00:00:00,154.593,78.2,41.0,71.0,59.4,,74.8,,,,,,,, 
2015-07-30 00:00:00,153.343,,,75.4,59.3,,73.2,,,,,,,, 
2015-07-31 00:00:00,153.633,,,70.9,67.3,,69.4,,,,,,,, 
2015-08-01 00:00:00,154.535,,,73.5,62.2,,70.9,,,,,,,, 
2015-08-02 00:00:00,154.909,,,72.5,63.8,,71.3,,,,,,,, 
2015-08-03 00:00:00,155.279,,,71.8,59.9,,69.5,,,,,,,, 
2015-08-04 00:00:00,155.225,,,67.5,64.0,,65.2,,,,,,,, 
2015-08-05 00:00:00,155.615,,,72.5,60.1,,70.7,,,,,,,, 
2015-08-06 00:00:00,155.116,,,69.1,63.6,,69.5,,,,,,,, 
2015-08-07 00:00:00,154.542,77.1,52.6,61.2,79.8,,70.8,,,,,,,, 
2015-08-08 00:00:00,149.118,70.7,63.3,,,,68.8,,,,,,,, 
2015-08-09 00:00:00,146.114,69.1,60.6,,,,68.3,,,,,,,, 
2015-08-10 00:00:00,145.581,69.8,63.8,,,,68.6,,,,,,,, 
2015-08-11 00:00:00,145.274,69.0,64.5,,,,68.2,,,,,,,, 
2015-08-12 00:00:00,145.387,69.4,59.0,,,,68.5,,,,,,,, 
2015-08-13 00:00:00,144.725,70.6,63.2,,,,69.9,,,,,,,, 
2015-08-14 00:00:00,144.713,71.6,59.3,,,,70.6,,,,,,,, 
2015-08-15 00:00:00,144.781,76.8,46.3,,,,-2.2,,,,,,,, 
2015-08-16 00:00:00,144.039,78.6,41.0,,,,3.2,,,,,,,, 
2015-08-17 00:00:00,143.068,86.5,38.4,,,,85.2,,,,,,,, 
2015-08-18 00:00:00,141.359,70.0,62.1,,,,68.8,,,,,,,, 
2015-08-19 00:00:00,141.801,69.0,65.0,,,,67.1,,,,,,,, 
2015-08-20 00:00:00,142.241,67.5,70.6,,,,67.0,,,,,,,, 
2015-08-21 00:00:00,142.984,68.7,69.1,,,,67.4,,,,,,,, 
2015-08-22 00:00:00,143.633,70.8,65.4,,,,28.5,,,,,,,, 
2015-08-23 00:00:00,143.852,71.6,61.1,,,,70.0,,,,,,,, 
2015-08-24 00:00:00,143.820,69.5,63.2,,,,68.2,,,,,,,, 
2015-08-25 00:00:00,143.885,68.8,62.2,,,,67.6,,,,,,,, 
2015-08-26 00:00:00,143.802,71.4,54.0,,,,70.8,,,,,,,, 
2015-08-27 00:00:00,143.348,75.7,42.8,,,,77.0,,,,,,,, 
2015-08-28 00:00:00,142.070,78.1,48.8,,,,76.1,,,,,,,, 
2015-08-29 00:00:00,140.977,74.8,62.3,,,,72.7,,,,,,,, 
2015-08-30 00:00:00,141.639,71.3,60.5,,,,69.7,,,,,,,, 
2015-08-31 00:00:00,142.072,72.2,55.1,,,,70.9,,,,,,,, 
2015-09-01 00:00:00,141.393,70.6,62.9,,,,69.0,,,,,,,, 
2015-09-02 00:00:00,141.225,66.8,66.7,,,,65.9,,,,,,,, 
2015-09-03 00:00:00,141.983,65.8,59.8,,,,65.2,,,,,,,, 
2015-09-04 00:00:00,141.816,65.2,51.3,,,,64.4,,,,,,,, 
2015-09-05 00:00:00,141.490,65.4,45.6,,,,64.7,,,,,,,, 
2015-09-06 00:00:00,141.353,74.4,28.7,,,,74.2,,,,,,,, 
2015-09-07 00:00:00,140.425,70.9,31.0,,,,70.9,,,,,,,, 
2015-09-08 00:00:00,139.484,75.0,29.9,,,,75.0,,,,,,,, 
2015-09-09 00:00:00,138.666,77.6,28.0,,,,76.9,,,,,,,, 
2015-09-10 00:00:00,137.735,78.6,30.8,,,,77.6,,,,,,,, 
2015-09-11 00:00:00,136.720,73.8,41.2,,,,72.7,,,,,,,, 
2015-09-12 00:00:00,135.942,69.7,59.4,,,,67.7,,,,,,,, 
2015-09-13 00:00:00,137.717,74.4,60.9,,,,74.5,,,,,,,, 
2015-09-14 00:00:00,137.675,66.5,71.9,,,,74.5,,,,,,,, 
2015-09-15 00:00:00,138.999,66.6,59.7,,,,74.5,,,,,,,, 
2015-09-16 00:00:00,139.473,60.6,82.7,,,,74.5,,,,,,,, 
2015-09-17 00:00:00,142.304,66.5,75.9,,,,74.5,,,,,,,, 
2015-09-18 00:00:00,142.911,66.8,62.6,,,,74.5,,,,,,,, 
2015-09-19 00:00:00,142.027,71.0,54.7,,,,74.5,,,,,,,, 
2015-09-20 00:00:00,140.857,74.8,47.4,,,,74.5,,,,,,,, 
2015-09-21 00:00:00,139.479,75.8,43.0,,,,74.5,,,,,,,, 
2015-09-22 00:00:00,137.254,63.7,66.4,,,,74.5,,,,,,,, 
2015-09-23 00:00:00,137.773,65.4,55.9,,,,74.5,,,,,,,, 
2015-09-24 00:00:00,138.496,73.0,44.5,,,,74.5,,,,,,,, 
2015-09-25 00:00:00,137.809,69.6,47.0,,,,74.5,,,,,,,, 
2015-09-26 00:00:00,137.149,70.2,52.6,,,,74.5,,,,,,,, 
2015-09-27 00:00:00,136.773,66.2,60.0,,,,74.5,,,,,,,, 
2015-09-28 00:00:00,136.716,63.4,63.8,,,,,,,,,,,, 
2015-09-29 00:00:00,136.969,63.5,64.0,,,,,,,,,,,, 
2015-09-30 00:00:00,137.375,62.9,67.6,,,,,,,,,,,, 
2015-10-01 00:00:00,137.850,67.4,64.2,,,,,,,,,,,, 
2015-10-02 00:00:00,138.106,68.2,58.1,,,,,,,,,,,, 
2015-10-03 00:00:00,137.735,62.8,61.9,,,,,,,,,,,, 
2015-10-04 00:00:00,137.899,70.2,55.3,,,,,,,,,,,, 
2015-10-05 00:00:00,137.504,66.5,61.7,,,,,,,,,,,, 
2015-10-06 00:00:00,137.599,67.5,65.6,,,,,,,,,,,, 
2015-10-07 00:00:00,138.101,66.3,63.9,,,,,,,,,,,, 
2015-10-08 00:00:00,138.742,71.1,53.4,,,,,,,,,,,, 
2015-10-09 00:00:00,138.476,66.2,56.0,,,,,,,,,,,, 
2015-10-10 00:00:00,137.599,67.3,70.0,,,,,,,,,,,, 
2015-10-11 00:00:00,138.715,67.5,61.4,,,,,,,,,,,, 
2015-10-12 00:00:00,139.204,69.1,54.6,,,,,,,,,,,, 
2015-10-13 00:00:00,139.148,73.0,47.8,,,,,,,,,,,, 
2015-10-14 00:00:00,138.851,73.2,41.5,,,,,,,,,,,, 
2015-10-15 00:00:00,137.669,65.5,67.1,,,,70.2,,,,,,,, 
2015-10-16 00:00:00,127.322,77.3,66.2,,,,,,,,,,,, 
2015-10-17 00:00:00,118.889,93.8,59.0,,,,,,,,,,,, 
2015-10-18 00:00:00,122.418,93.1,55.3,,,,,,,,,,,, 
2015-10-19 00:00:00,123.653,92.1,55.2,,,,70.2,,,,,,,, 
2015-10-20 00:00:00,124.111,92.1,52.0,,,,,,,,,,,, 
2015-10-21 00:00:00,123.191,91.9,50.4,,,,,,,,,,,, 
2015-10-22 00:00:00,122.240,91.6,51.8,,,,,,,,,,,, 
2015-10-23 00:00:00,121.869,91.8,52.4,,,,,,,,,,,, 
2015-10-24 00:00:00,121.825,91.0,52.8,,,,,,,,,,,, 
2015-10-25 00:00:00,121.662,90.6,54.0,,,,,,,,,,,, 
2015-10-26 00:00:00,122.272,90.5,54.8,,,,,,,,,,,, 
2015-10-27 00:00:00,123.001,90.3,56.4,,,,,,,,,,,, 
2015-10-28 00:00:00,122.922,91.1,55.7,,,,,,,,,,,, 
2015-10-29 00:00:00,123.526,90.4,54.9,,,,,,,,,,,, 
2015-10-30 00:00:00,123.523,90.7,54.1,,,,,,,,,,,, 
2015-10-31 00:00:00,122.131,90.5,54.0,,,,,,,,,,,, 
2015-11-01 00:00:00,121.798,90.8,56.3,,,,,,,,,,,, 
2015-11-02 00:00:00,125.136,88.4,54.8,,,,,,,,,,,, 
2015-11-03 00:00:00,126.420,87.6,55.2,,,,,,,,,,,, 
2015-11-04 00:00:00,126.233,83.8,55.6,,,,,,,,,,,, 
2015-11-05 00:00:00,125.856,82.6,55.7,,,,,,,,,,,, 
2015-11-06 00:00:00,125.034,81.9,55.8,,,,,,,,,,,, 
2015-11-07 00:00:00,124.698,81.3,58.5,,,,,,,,,,,, 
2015-11-08 00:00:00,124.206,81.1,59.9,,,,,,,,,,,, 
2015-11-09 00:00:00,124.816,79.2,61.1,,,,70.2,,,,,,,, 
2015-11-10 00:00:00,125.669,81.7,59.8,,,,,,,,,,,, 
2015-11-11 00:00:00,125.674,80.7,60.1,,,,,,,,,,,, 
2015-11-12 00:00:00,125.483,76.0,60.9,,,,,,,,,,,, 
2015-11-13 00:00:00,125.260,77.3,59.8,,,,,,,,,,,, 
2015-11-14 00:00:00,125.127,77.7,60.1,,,,,,,,,,,, 
2015-11-15 00:00:00,,77.6,61.3,,,,,,,,,,,, 
2015-11-16 00:00:00,,77.9,55.8,,,,,,,,,,,, 
2015-11-17 00:00:00,,81.2,57.5,,,,,,,,,,,, 
2015-11-18 00:00:00,,81.7,56.8,,,,,,,,,,,, 
2015-11-19 00:00:00,,82.3,56.9,,,,,,,,,,,, 
2015-11-20 00:00:00,,83.7,57.2,,,,,,,,,,,, 
2015-11-21 00:00:00,,81.1,57.8,,,,,,,,,,,, 
2015-11-22 00:00:00,,79.6,57.9,,,,,,,,,,,, 
2015-11-23 00:00:00,,78.9,57.1,,,,,,,,,,,, 
2015-11-24 00:00:00,,78.8,58.8,,,,,,,,,,,, 
2015-11-25 00:00:00,,77.9,56.8,,,,,,,,,,,, 
2015-11-26 00:00:00,,76.6,55.7,,,,,,,,,,,, 
2015-12-13 00:00:00,,98.6,63.5,,,,65.5,,,,,,,,0.00 
2016-02-09 00:00:00,111.729,98.7,63.4,,,,65.5,,,,,,,,0.00 
2016-02-10 00:00:00,114.591,97.9,60.9,,,,65.5,,,,,,,,0.00 
2016-02-11 00:00:00,115.715,,,,,,65.5,,,,,,,,0.00 
2016-02-12 00:00:00,116.459,96.8,58.9,,,,65.5,,,,,,,,0.00 
2016-02-13 00:00:00,0.000,96.8,55.9,,,,65.5,,,,,,,,0.00 
2016-02-14 00:00:00,0.000,97.0,56.9,,,,65.5,,,,,,,,0.00 
2016-02-15 00:00:00,0.000,97.1,58.6,,,,65.5,,,,,,,,0.00 
2016-02-16 00:00:00,0.000,97.1,58.4,,,,65.5,,,,,,,,0.00 
2017-03-13 00:00:00,0.180,76.6,65.1,,,,83.0,,,,,,,, 
2017-03-17 00:00:00,80.467,65.8,59.0,,,,59.9,,,,,,,, 
2017-03-18 00:00:00,79.539,52.6,78.1,,,,49.4,,,,,,,, 