2015-07-30 00:00:00,56.384,75.8,44.2,77.7,87.5,,,,,,,,,, 
2015-07-31 00:00:00,56.574,74.9,45.1,75.1,84.2,,,,,,,,,, 
2015-08-01 00:00:00,56.220,75.9,42.8,76.1,68.9,,,,,,,,,, 
2015-08-02 00:00:00,55.985,75.4,42.8,75.1,64.9,,82.9,,,,,,,, 
2015-08-03 00:00:00,56.345,74.8,45.0,76.2,73.3,,76.2,,,,,,,, 
2015-08-04 00:00:00,56.404,74.9,45.4,78.8,72.3,,78.8,,,,,,,, 
2015-08-05 00:00:00,56.456,74.7,44.8,74.8,67.0,,74.8,,,,,,,, 
2015-08-06 00:00:00,56.399,74.6,45.2,69.9,66.6,,69.9,,,,,,,, 
2015-08-07 00:00:00,55.992,75.2,44.5,71.7,67.3,,71.7,,,,,,,, 
2015-08-08 00:00:00,3.797,82.5,38.1,68.1,77.8,,68.1,,,,,,,, 
2015-08-09 00:00:00,5.235,75.3,44.7,71.1,72.0,,71.1,,,,,,,, 
2015-08-10 00:00:00,53.192,74.6,45.6,71.8,74.7,,71.8,,,,,,,, 
2015-08-11 00:00:00,54.631,73.7,44.8,72.5,89.0,,72.5,,,,,,,, 
2015-08-12 00:00:00,54.648,74.6,48.0,73.8,79.5,,73.8,,,,,,,, 
2015-08-13 00:00:00,54.627,74.5,45.9,72.0,67.5,,72.0,,,,,,,, 
2015-08-14 00:00:00,55.477,74.8,45.2,71.6,69.3,,71.6,,,,,,,, 
2015-08-15 00:00:00,56.769,74.6,43.7,76.0,72.5,,76.0,,,,,,,, 
2015-08-16 00:00:00,56.470,74.9,44.7,77.7,75.0,,77.7,,,,,,,, 
2015-08-17 00:00:00,55.896,81.1,46.5,78.7,77.5,,78.7,,,,,,,, 
2015-08-18 00:00:00,55.883,82.0,44.9,78.3,76.9,,78.3,,,,,,,, 
2015-08-19 00:00:00,55.846,81.7,44.0,77.9,81.8,,77.9,,,,,,,, 
2015-08-20 00:00:00,56.055,75.1,44.5,78.6,83.0,,78.6,,,,,,,, 
2015-08-21 00:00:00,56.066,74.6,44.4,75.3,87.6,,75.3,,,,,,,, 
2015-08-22 00:00:00,57.042,74.8,44.5,73.5,66.0,,73.5,,,,,,,, 
2015-08-23 00:00:00,56.041,75.0,45.0,72.8,81.1,,72.8,,,,,,,, 
2015-08-24 00:00:00,56.057,74.5,45.1,75.9,80.0,,75.9,,,,,,,, 
2015-08-25 00:00:00,56.061,74.0,44.4,77.0,82.3,,77.0,,,,,,,, 
2015-08-26 00:00:00,55.935,74.7,43.8,73.2,61.4,,73.2,,,,,,,, 
2015-08-27 00:00:00,53.173,74.1,44.8,66.3,76.7,,66.3,,,,,,,, 
2015-08-28 00:00:00,,,,68.7,63.3,,68.7,,,,,,,, 
2015-09-05 00:00:00,,80.6,42.9,72.1,77.3,,72.1,,,,,,,, 
2015-09-06 00:00:00,49.379,91.1,57.0,78.1,52.3,,78.1,,,,,,,, 
2015-09-07 00:00:00,50.276,91.0,56.6,71.7,72.5,,71.7,,,,,,,, 
2015-09-08 00:00:00,50.050,91.4,57.7,79.1,73.6,,79.1,,,,,,,, 
2015-09-09 00:00:00,50.148,91.8,59.8,77.9,81.8,,77.9,,,,,,,, 
2015-09-10 00:00:00,50.915,91.7,60.3,73.0,94.3,,73.0,,,,,,,, 
2015-09-11 00:00:00,50.039,91.1,60.7,69.2,85.4,,69.2,,,,,,,, 
2015-09-12 00:00:00,49.046,91.0,59.5,68.4,87.9,,68.4,,,,,,,, 
2015-09-13 00:00:00,47.517,90.8,59.2,71.3,84.4,,71.3,,,,,,,, 
2015-09-14 00:00:00,48.103,88.9,56.7,63.0,74.9,,63.0,,,,,,,, 
2015-09-15 00:00:00,48.077,87.3,55.9,56.5,86.1,,56.5,,,,,,,, 
2015-09-17 00:00:00,46.087,85.6,60.0,81.7,49.0,,81.7,,,,,,,, 
2015-09-18 00:00:00,47.099,88.4,57.1,67.7,83.7,,67.7,,,,,,,, 
2015-09-19 00:00:00,49.466,92.1,56.0,78.0,65.1,,78.0,,,,,,,, 
2015-09-20 00:00:00,52.557,90.0,54.7,71.1,73.5,,71.1,,,,,,,, 
2015-09-21 00:00:00,66.663,81.5,56.9,61.0,59.7,,61.1,,,,,,,, 
2015-09-22 00:00:00,108.847,90.1,57.7,62.8,54.7,,62.8,,,,,,,, 
2015-09-23 00:00:00,107.131,93.6,56.7,67.5,62.1,,67.6,,,,,,,, 
2015-09-24 00:00:00,106.924,93.6,53.4,64.9,73.3,,64.9,,,,,,,, 
2015-09-25 00:00:00,107.220,93.4,50.5,64.9,71.5,,64.9,,,,,,,, 
2015-09-26 00:00:00,108.066,92.8,48.8,61.5,74.6,,61.5,,,,,,,, 
2015-09-27 00:00:00,108.972,92.3,47.8,59.5,71.8,,59.5,,,,,,,, 
2015-09-28 00:00:00,110.362,92.5,49.6,64.5,89.5,,64.5,,,,,,,, 
2015-09-29 00:00:00,111.220,92.8,52.5,71.1,92.0,,71.1,,,,,,,, 
2015-09-30 00:00:00,112.665,91.5,54.4,71.1,94.3,,71.1,,,,,,,, 
2015-10-01 00:00:00,112.367,80.8,55.2,58.0,78.8,,58.0,,,,,,,, 
2015-10-02 00:00:00,112.689,76.3,58.7,52.9,85.2,,52.9,,,,,,,, 
2015-10-03 00:00:00,112.830,68.7,65.7,51.8,76.5,,51.8,,,,,,,, 
2015-10-04 00:00:00,113.321,72.6,65.4,55.1,65.2,,55.1,,,,,,,, 
2015-10-05 00:00:00,120.788,88.1,59.3,55.1,70.8,,55.1,,,,,,,, 
2015-10-06 00:00:00,119.594,91.5,57.3,56.6,79.8,,56.6,,,,,,,, 
2015-10-07 00:00:00,118.801,89.0,54.8,59.7,82.9,,59.7,,,,,,,, 
2015-10-08 00:00:00,118.716,84.3,54.4,58.2,81.2,,58.2,,,,,,,, 
2015-10-09 00:00:00,118.765,79.1,58.1,60.7,92.5,,60.7,,,,,,,, 
2015-10-10 00:00:00,121.698,79.4,60.0,56.6,71.7,,56.6,,,,,,,, 
2015-10-11 00:00:00,132.497,89.1,57.2,52.9,80.1,,52.9,,,,,,,, 
2015-10-12 00:00:00,130.779,92.2,56.5,58.8,78.3,,58.8,,,,,,,, 
2015-10-13 00:00:00,128.877,92.7,56.4,61.6,88.1,,61.6,,,,,,,, 
2015-10-14 00:00:00,127.234,90.2,53.5,59.5,77.9,,59.6,,,,,,,, 
2015-10-15 00:00:00,126.307,79.4,53.5,50.0,83.2,,49.1,,,,,,,, 
2015-10-16 00:00:00,126.649,73.1,57.7,51.4,78.7,,51.4,,,,,,,, 
2015-10-17 00:00:00,123.503,68.7,59.1,46.9,70.7,,46.8,,,,,,,, 
2015-10-18 00:00:00,126.231,60.3,60.2,41.0,53.3,,46.9,,,,,,,, 
2015-10-19 00:00:00,126.293,52.1,60.7,39.9,61.8,,46.9,,,,,,,, 
2015-10-20 00:00:00,125.663,55.3,64.1,54.6,53.2,,46.9,,,,,,,, 
2015-10-21 00:00:00,125.128,67.3,66.9,58.8,70.2,,46.9,,,,,,,, 
2015-10-22 00:00:00,124.868,72.0,64.9,58.7,81.3,,46.9,,,,,,,, 
2015-10-23 00:00:00,124.681,71.5,62.2,53.9,46.3,,46.9,,,,,,,, 
2015-10-24 00:00:00,124.607,61.5,58.8,44.5,68.5,,46.9,,,,,,,, 
2015-10-25 00:00:00,124.191,62.8,66.3,57.6,78.0,,46.9,,,,,,,, 
2015-10-26 00:00:00,120.485,68.5,63.2,47.6,70.9,,46.9,,,,,,,, 
2015-10-27 00:00:00,120.382,62.8,60.7,46.6,70.7,,46.9,,,,,,,, 
2015-10-28 00:00:00,,62.2,64.6,48.6,85.0,,46.9,,,,,,,, 
2015-11-01 00:00:00,0.000,64.2,64.3,53.8,97.0,,46.9,,,,,,,, 
2015-11-04 00:00:00,0.000,65.1,62.4,52.8,90.7,,46.9,,,,,,,, 
2015-11-05 00:00:00,0.000,65.1,62.2,59.0,95.1,,46.9,,,,,,,, 
2015-11-06 00:00:00,0.000,68.1,64.5,63.4,96.9,,46.9,,,,,,,, 
2015-11-07 00:00:00,0.000,68.9,63.4,52.2,45.0,,46.9,,,,,,,, 
2015-11-15 00:00:00,88.151,68.4,62.5,47.3,55.9,,62.2,,,,,,,, 
2015-11-16 00:00:00,115.319,64.1,60.2,51.2,57.1,,66.9,,,,,,,, 
2015-11-17 00:00:00,114.172,61.5,58.2,41.7,49.4,,66.9,,,,,,,, 
2015-11-18 00:00:00,113.797,54.2,61.8,42.0,72.9,,66.9,,,,,,,, 
2015-11-19 00:00:00,112.612,57.6,64.7,57.0,81.1,,66.9,,,,,,,, 
2015-11-20 00:00:00,116.663,60.1,63.0,57.5,83.3,,66.9,,,,,,,, 
2015-11-21 00:00:00,143.045,32.0,0.0,38.2,58.2,,42.7,,,,,,,, 
2015-11-22 00:00:00,143.193,48.5,45.9,21.6,61.3,,42.6,,,,,,,, 
2015-11-23 00:00:00,144.160,32.0,0.0,35.4,37.4,,42.6,,,,,,,, 
2015-11-24 00:00:00,144.262,32.0,0.0,20.9,39.4,,42.6,,,,,,,, 
2015-11-25 00:00:00,143.010,32.0,0.0,24.5,60.4,,42.6,,,,,,,, 
2015-11-26 00:00:00,142.038,32.0,0.0,34.6,79.7,,42.6,,,,,,,, 
2015-11-27 00:00:00,142.854,32.0,0.0,48.5,87.9,,42.6,,,,,,,, 
2015-11-28 00:00:00,142.453,53.0,53.4,53.3,77.7,,42.6,,,,,,,, 
2015-11-29 00:00:00,142.807,55.0,64.3,41.3,60.7,,42.6,,,,,,,, 
2015-11-30 00:00:00,141.158,49.9,63.0,37.0,53.5,,42.6,,,,,,,, 
2015-12-01 00:00:00,140.559,49.5,60.9,43.4,73.7,,42.6,,,,,,,, 
2015-12-02 00:00:00,142.291,51.2,62.2,44.5,96.4,,42.6,,,,,,,, 
2015-12-03 00:00:00,141.904,53.2,63.8,48.8,73.9,,42.6,,,,,,,, 
2015-12-04 00:00:00,142.151,50.2,62.2,40.5,66.7,,42.6,,,,,,,, 
2015-12-05 00:00:00,142.011,49.0,61.4,39.1,75.8,,42.6,,,,,,,, 
2015-12-06 00:00:00,140.678,47.9,60.4,39.0,76.4,,42.6,,,,,,,, 
2015-12-07 00:00:00,141.104,48.5,60.4,40.6,74.0,,42.6,,,,,,,, 
2015-12-08 00:00:00,140.579,51.2,61.6,44.1,60.1,,42.6,,,,,,,, 
2015-12-09 00:00:00,140.345,50.0,61.0,42.8,76.4,,42.6,,,,,,,, 
2015-12-10 00:00:00,139.740,56.5,63.7,52.0,79.4,,42.6,,,,,,,, 
2015-12-11 00:00:00,139.136,67.8,60.4,47.6,88.2,,42.6,,,,,,,, 
2015-12-12 00:00:00,139.056,66.4,55.9,53.8,70.9,,42.6,,,,,,,, 
2015-12-13 00:00:00,138.643,69.4,55.9,55.8,67.5,,42.6,,,,,,,, 
2015-12-14 00:00:00,138.965,64.7,54.8,53.5,87.4,,42.6,,,,,,,, 
2015-12-15 00:00:00,139.299,64.5,57.6,58.6,70.7,,42.6,,,,,,,, 
2015-12-16 00:00:00,138.308,63.2,54.3,46.5,63.2,,42.6,,,,,,,, 
2015-12-17 00:00:00,135.845,57.7,53.1,49.7,91.3,,42.6,,,,,,,, 
2015-12-18 00:00:00,136.508,58.2,56.2,48.9,79.5,,42.6,,,,,,,, 
2015-12-19 00:00:00,136.107,52.5,52.8,37.2,44.1,,42.6,,,,,,,, 
2015-12-20 00:00:00,136.809,46.7,53.9,36.2,40.7,,42.6,,,,,,,, 
2015-12-22 00:00:00,136.000,59.9,67.4,56.6,96.2,,42.6,,,,,,,, 
2015-12-23 00:00:00,135.537,57.0,62.2,50.6,97.2,,42.6,,,,,,,, 
2015-12-24 00:00:00,134.749,66.3,64.8,60.8,95.4,,42.6,,,,,,,, 
2015-12-25 00:00:00,134.751,78.5,56.6,55.6,87.2,,42.6,,,,,,,, 
2015-12-26 00:00:00,134.211,70.3,51.7,51.8,54.6,,42.6,,,,,,,, 
2015-12-27 00:00:00,133.476,61.0,51.4,31.1,81.1,,42.6,,,,,,,, 
2015-12-28 00:00:00,131.398,57.9,52.3,41.0,54.0,,42.6,,,,,,,, 
2015-12-29 00:00:00,135.143,47.2,49.5,34.2,80.9,,43.3,,,,,,,, 
2015-12-30 00:00:00,133.044,45.3,52.9,35.8,89.0,,50.2,,,,,,,, 
2015-12-31 00:00:00,132.189,49.9,57.1,43.5,66.2,,50.9,,,,,,,, 
2016-01-01 00:00:00,132.360,47.2,57.4,37.6,57.5,,50.9,,,,,,,,0.00 
2016-01-02 00:00:00,132.655,43.9,57.0,34.5,49.9,,50.9,,,,,,,,0.00 
2016-01-03 00:00:00,132.193,44.7,58.8,35.5,54.6,,50.9,,,,,,,,0.00 
2016-01-04 00:00:00,132.666,39.2,58.3,24.1,41.9,,50.9,,,,,,,,0.00 
2016-01-05 00:00:00,132.414,36.1,56.7,17.6,30.5,,50.9,,,,,,,,0.00 
2016-01-06 00:00:00,132.304,41.5,62.6,26.1,43.1,,50.9,,,,,,,,0.00 
2016-01-07 00:00:00,131.998,50.0,62.8,31.2,41.7,,50.9,,,,,,,,0.00 
2016-01-08 00:00:00,131.304,48.8,61.3,37.4,56.8,,50.9,,,,,,,,0.00 
2016-01-09 00:00:00,130.480,51.9,61.1,42.3,75.9,,50.9,,,,,,,,0.00 
2016-01-10 00:00:00,224.084,52.6,62.6,48.8,90.7,,50.9,,,,,,,,0.00 
2016-01-11 00:00:00,105.958,40.6,55.8,26.2,31.2,,50.9,,,,,,,,0.00 
2016-01-12 00:00:00,224.553,41.0,57.7,30.5,56.8,,50.9,,,,,,,,0.00 
2016-01-13 00:00:00,154.900,39.1,60.2,26.3,32.1,,50.9,,,,,,,,0.00 
2016-01-14 00:00:00,131.986,41.6,59.8,28.2,48.6,,50.9,,,,,,,,0.00 
2016-01-15 00:00:00,129.849,47.0,60.3,37.2,69.5,,50.9,,,,,,,,0.00 
2016-01-16 00:00:00,126.267,51.4,62.2,44.9,68.6,,50.8,,,,,,,,0.00 
2016-01-17 00:00:00,125.682,45.5,60.3,34.2,61.2,,50.7,,,,,,,,0.00 
2016-01-18 00:00:00,125.050,40.0,59.8,25.3,45.1,,50.7,,,,,,,,0.00 
2016-01-19 00:00:00,123.945,38.6,58.3,23.4,33.8,,50.7,,,,,,,,0.00 
2016-01-20 00:00:00,123.489,36.9,57.8,28.0,46.7,,50.7,,,,,,,,0.00 
2016-01-22 00:00:00,122.441,39.9,62.2,29.0,32.2,,29.0,,,,,,,,0.00 
2016-01-23 00:00:00,123.952,53.4,63.2,26.9,68.9,,26.9,,,,,,,,0.00 
2016-01-24 00:00:00,124.932,52.5,57.8,27.5,37.6,,27.5,,,,,,,,0.00 
2016-01-25 00:00:00,124.504,42.4,57.4,30.1,55.9,,30.1,,,,,,,,0.00 
2016-01-26 00:00:00,122.543,45.7,67.5,36.2,67.2,,36.2,,,,,,,,0.00 
2016-01-27 00:00:00,121.128,51.8,64.7,40.5,48.4,,40.5,,,,,,,,0.00 
2016-01-28 00:00:00,122.126,51.1,59.1,32.5,61.3,,32.5,,,,,,,,0.00 
2016-01-29 00:00:00,121.995,47.1,60.4,35.2,60.2,,35.2,,,,,,,,0.00 
2016-01-30 00:00:00,121.924,45.0,61.9,33.3,50.9,,33.3,,,,,,,,0.00 
2016-01-31 00:00:00,121.266,49.9,62.8,39.7,61.1,,39.7,,,,,,,,0.00 
2016-02-01 00:00:00,120.572,52.5,62.0,45.7,61.5,,45.7,,,,,,,,0.00 
2016-02-02 00:00:00,120.660,47.2,60.2,38.6,56.3,,38.6,,,,,,,,0.00 
2016-02-03 00:00:00,203.415,48.0,62.4,46.0,86.8,,45.9,,,,,,,,0.00 
2016-02-04 00:00:00,192.282,56.2,64.5,50.7,70.2,,50.7,,,,,,,,0.00 
2016-02-05 00:00:00,180.426,44.6,60.5,32.7,75.3,,32.7,,,,,,,,0.00 
2016-02-06 00:00:00,224.627,36.4,58.4,26.4,71.7,,26.4,,,,,,,,0.00 
2016-02-07 00:00:00,188.507,45.2,59.0,34.4,60.3,,34.4,,,,,,,,0.00 
2016-02-08 00:00:00,164.715,42.0,59.7,29.4,70.3,,29.3,,,,,,,,0.00 
2016-02-09 00:00:00,161.050,45.5,58.4,27.8,74.0,,27.8,,,,,,,,0.00 
2016-02-10 00:00:00,128.096,45.8,59.1,32.5,71.5,,32.5,,,,,,,,0.00 
2016-02-11 00:00:00,127.403,38.7,57.4,22.9,47.0,,22.8,,,,,,,,0.00 
2016-02-12 00:00:00,126.497,33.2,54.4,19.7,51.7,,19.8,,,,,,,,0.00 
2016-02-13 00:00:00,123.875,27.6,54.8,11.4,52.8,,11.4,,,,,,,,0.00 
2016-02-14 00:00:00,123.333,17.1,50.6,4.6,45.7,,4.5,,,,,,,,0.00 
2016-02-15 00:00:00,134.160,23.6,53.2,23.7,75.3,,23.5,,,,,,,,0.00 
2016-02-16 00:00:00,145.640,54.0,61.7,44.2,85.5,,44.1,,,,,,,,0.00 
2016-02-17 00:00:00,131.606,47.2,61.1,35.5,64.3,,35.5,,,,,,,,0.00 
2016-02-18 00:00:00,130.654,40.2,58.1,28.1,47.1,,28.0,,,,,,,,0.00 
2016-02-19 00:00:00,127.631,39.3,56.2,30.2,54.8,,30.0,,,,,,,,0.00 
2016-02-20 00:00:00,114.101,53.5,60.3,45.4,66.4,,45.5,,,,,,,,0.00 
2016-02-21 00:00:00,113.993,54.5,62.3,44.1,63.9,,44.0,,,,,,,,0.00 
2016-02-22 00:00:00,111.040,48.7,62.0,38.2,56.0,,38.3,,,,,,,,0.00 
2016-02-23 00:00:00,116.539,40.9,60.9,35.4,77.3,,35.3,,,,,,,,0.00 
2016-02-24 00:00:00,112.493,46.5,62.9,46.1,89.6,,46.1,,,,,,,,0.00 
2016-02-25 00:00:00,151.938,56.2,66.5,46.0,69.4,,46.1,,,,,,,,0.00 
2016-02-26 00:00:00,127.405,41.9,62.8,31.5,43.0,,31.5,,,,,,,,0.00 
2016-02-27 00:00:00,149.992,34.3,61.2,30.3,48.6,,37.5,,,,,,,,0.00 
2016-02-28 00:00:00,143.868,42.8,64.7,42.7,69.3,,50.3,,,,,,,,0.00 
2016-02-29 00:00:00,171.072,47.2,67.3,47.3,61.4,,45.9,,,,,,,,0.00 
2016-03-01 00:00:00,141.697,45.3,67.7,41.8,46.9,,45.9,,,,,,,,0.00 
2016-03-02 00:00:00,139.259,44.7,67.3,42.2,53.3,,45.9,,,,,,,,0.00 
2016-03-03 00:00:00,82.863,33.1,63.5,29.7,34.6,,45.9,,,,,,,,0.00 
2016-03-04 00:00:00,74.204,31.9,64.4,32.1,55.9,,45.9,,,,,,,,0.00 
2016-03-05 00:00:00,90.673,32.7,65.5,32.0,40.0,,45.9,,,,,,,,0.00 
2016-03-06 00:00:00,88.043,34.9,66.2,34.6,42.3,,45.9,,,,,,,,0.00 
2016-03-07 00:00:00,96.235,39.0,67.0,40.6,67.1,,45.9,,,,,,,,0.00 
2016-03-08 00:00:00,98.868,46.4,68.5,46.1,66.9,,45.9,,,,,,,,0.00 
2016-03-09 00:00:00,97.218,51.9,68.7,53.3,62.8,,45.9,,,,,,,,0.00 
2016-03-10 00:00:00,85.067,62.1,69.6,66.3,49.5,,45.9,,,,,,,,0.00 
2016-03-11 00:00:00,83.713,63.3,69.9,56.6,57.0,,45.9,,,,,,,,0.00 
2016-03-12 00:00:00,,,,45.7,59.3,,45.9,,,,,,,,0.00 
2016-03-13 00:00:00,,,,53.8,46.3,,45.9,,,,,,,,0.00 
2016-03-14 00:00:00,-25.481,32.0,0.0,44.5,73.1,,45.9,,,,,,,,0.00 
2016-03-15 00:00:00,-18.598,32.0,0.0,48.7,78.5,,45.9,,,,,,,,0.00 
2016-03-16 00:00:00,-17.370,32.0,0.0,49.5,75.1,,45.9,,,,,,,,0.00 
2016-03-17 00:00:00,-15.444,32.0,0.0,50.4,66.5,,45.9,,,,,,,,0.00 
2016-03-18 00:00:00,-16.845,32.0,0.0,47.6,45.9,,45.9,,,,,,,,0.00 
2016-03-19 00:00:00,-15.194,32.0,0.0,38.8,36.2,,45.9,,,,,,,,0.00 
2016-03-20 00:00:00,-7.410,32.0,0.0,35.3,42.3,,45.9,,,,,,,,0.00 
2016-03-21 00:00:00,-14.627,32.0,0.0,38.8,58.7,,45.9,,,,,,,,0.00 
2016-03-22 00:00:00,-15.349,32.0,0.0,41.5,46.0,,45.9,,,,,,,,0.00 
2016-03-23 00:00:00,4.460,32.0,0.0,54.0,48.8,,45.9,,,,,,,,0.00 
2016-03-24 00:00:00,2.822,32.0,0.0,45.4,69.3,,45.9,,,,,,,,0.00 
2016-03-25 00:00:00,6.346,32.0,0.0,54.3,79.1,,45.9,,,,,,,,0.00 
2016-03-26 00:00:00,,32.0,0.0,42.4,61.2,,45.9,,,,,,,,0.00 
2016-03-27 00:00:00,10.121,32.0,0.0,43.5,71.7,,45.9,,,,,,,,0.00 
2016-03-28 00:00:00,,32.0,0.0,46.2,81.9,,45.9,,,,,,,,0.00 
2016-03-29 00:00:00,,32.0,0.0,47.0,36.6,,45.9,,,,,,,,0.00 
2016-03-30 00:00:00,,32.0,0.0,42.4,43.9,,45.9,,,,,,,,0.00 
2016-03-31 00:00:00,,32.0,0.0,55.3,65.9,,45.9,,,,,,,,0.00 
2016-04-01 00:00:00,0.000,32.0,0.0,59.9,88.2,,45.9,,,,,,,,0.00 
2016-04-02 00:00:00,0.000,32.0,0.0,49.6,85.0,,45.9,,,,,,,,0.00 
2016-04-03 00:00:00,0.000,32.0,0.0,36.4,54.6,,45.9,,,,,,,,0.00 
2016-04-04 00:00:00,0.000,32.0,0.0,33.3,70.0,,45.9,,,,,,,,0.00 
2016-04-05 00:00:00,0.000,32.0,0.0,31.2,44.1,,45.9,,,,,,,,0.00 
2016-04-06 00:00:00,0.000,32.0,0.0,36.4,45.1,,45.9,,,,,,,,0.00 
2016-04-07 00:00:00,0.000,32.0,0.0,51.4,81.8,,45.9,,,,,,,,0.00 
2016-04-08 00:00:00,0.000,32.0,0.0,45.2,51.8,,45.9,,,,,,,,0.00 
2016-04-09 00:00:00,6.618,32.0,0.0,38.2,59.6,,45.9,,,,,,,,0.00 
2016-04-10 00:00:00,50.237,32.0,0.0,40.2,36.1,,45.9,,,,,,,,0.00 
2016-04-11 00:00:00,56.004,32.0,0.0,49.7,65.0,,45.9,,,,,,,,0.00 
2016-04-12 00:00:00,56.683,32.0,0.0,51.1,68.6,,45.9,,,,,,,,0.00 
2016-04-13 00:00:00,57.578,32.0,0.0,43.8,53.1,,45.9,,,,,,,,0.00 
2016-04-14 00:00:00,57.123,32.0,0.0,46.5,53.9,,45.9,,,,,,,,0.00 
2016-04-15 00:00:00,56.701,32.0,0.0,47.2,51.9,,45.9,,,,,,,,0.00 
2016-04-16 00:00:00,57.445,32.0,0.0,50.3,44.9,,45.9,,,,,,,,0.00 
2016-04-17 00:00:00,58.155,32.0,0.0,52.5,50.7,,45.9,,,,,,,,0.00 
2016-04-18 00:00:00,57.501,32.0,0.0,58.7,48.5,,45.9,,,,,,,,0.00 
2016-04-19 00:00:00,57.440,32.0,0.0,57.2,52.2,,45.9,,,,,,,,0.00 
2016-04-20 00:00:00,57.298,32.0,0.0,54.4,38.7,,45.9,,,,,,,,0.00 
2016-04-21 00:00:00,57.395,32.0,0.0,54.8,65.2,,45.9,,,,,,,,0.00 
2016-04-22 00:00:00,57.072,32.0,0.0,65.3,71.9,,45.9,,,,,,,,0.00 
2016-04-23 00:00:00,60.022,32.0,0.0,61.5,67.3,,45.9,,,,,,,,0.00 
2016-04-24 00:00:00,60.417,32.0,0.0,52.7,40.5,,45.9,,,,,,,,0.00 
2016-04-25 00:00:00,58.827,32.0,0.0,54.0,62.0,,45.9,,,,,,,,0.00 
2016-04-26 00:00:00,60.680,32.0,0.0,49.1,90.6,,45.9,,,,,,,,0.00 
2016-04-27 00:00:00,60.245,32.0,0.0,49.2,69.8,,45.9,,,,,,,,0.00 
2016-04-28 00:00:00,59.800,32.0,0.0,49.9,49.5,,45.9,,,,,,,,0.00 
2016-04-29 00:00:00,58.927,32.0,0.0,49.2,69.4,,45.9,,,,,,,,0.00 
2016-04-30 00:00:00,59.609,32.0,0.0,52.0,71.7,,45.9,,,,,,,,0.00 
2016-05-01 00:00:00,60.170,32.0,0.0,46.3,89.5,,45.9,,,,,,,,0.00 
2016-05-02 00:00:00,59.951,32.0,0.0,50.0,93.9,,45.9,,,,,,,,0.00 
2016-05-03 00:00:00,60.795,32.0,0.0,51.5,98.4,,45.9,,,,,,,,0.00 
2016-05-04 00:00:00,60.283,32.0,0.0,49.9,91.8,,45.9,,,,,,,,0.00 
2016-05-05 00:00:00,60.569,32.0,0.0,49.9,78.8,,45.9,,,,,,,,0.00 
2016-05-06 00:00:00,65.252,32.0,0.0,50.1,92.9,,45.9,,,,,,,,0.00 
2016-05-07 00:00:00,64.607,32.0,0.0,51.7,96.5,,45.9,,,,,,,,0.00 
2016-05-08 00:00:00,63.861,32.0,0.0,53.9,73.5,,45.9,,,,,,,,0.00 
2016-05-09 00:00:00,62.309,32.0,0.0,59.6,44.2,,45.9,,,,,,,,0.00 
2016-05-10 00:00:00,62.788,32.0,0.0,54.3,47.2,,45.9,,,,,,,,0.00 
2016-05-11 00:00:00,62.330,32.0,0.0,59.7,51.6,,45.9,,,,,,,,0.00 
2016-05-12 00:00:00,62.366,32.0,0.0,63.1,51.3,,45.9,,,,,,,,0.00 
2016-05-13 00:00:00,63.540,32.0,0.0,58.9,90.9,,45.9,,,,,,,,0.00 
2016-05-14 00:00:00,65.355,32.0,0.0,62.4,78.6,,45.9,,,,,,,,0.00 
2016-05-15 00:00:00,65.261,32.0,0.0,53.0,51.5,,45.9,,,,,,,,0.00 
2016-05-16 00:00:00,64.203,32.0,0.0,51.9,45.2,,45.9,,,,,,,,0.00 
2016-05-17 00:00:00,65.541,32.0,0.0,56.7,63.1,,45.9,,,,,,,,0.00 
2016-05-18 00:00:00,68.474,32.0,0.0,58.1,57.5,,45.9,,,,,,,,0.00 
2016-05-19 00:00:00,62.398,32.0,0.0,58.9,67.4,,45.9,,,,,,,,0.00 
2016-05-20 00:00:00,57.622,32.0,0.0,60.5,63.5,,45.9,,,,,,,,0.00 
2016-05-21 00:00:00,59.365,32.0,0.0,57.3,74.1,,45.9,,,,,,,,0.00 
2016-05-22 00:00:00,59.903,32.0,0.0,59.8,75.1,,45.9,,,,,,,,0.00 
2016-05-23 00:00:00,60.520,32.0,0.0,62.6,72.0,,45.9,,,,,,,,0.00 
2016-05-24 00:00:00,63.559,32.0,0.0,61.2,93.1,,45.9,,,,,,,,0.00 
2016-05-25 00:00:00,63.099,32.0,0.0,69.9,66.4,,45.9,,,,,,,,0.00 
2016-05-26 00:00:00,63.758,32.0,0.0,73.4,61.0,,45.9,,,,,,,,0.00 
2016-05-27 00:00:00,64.903,32.0,0.0,75.9,68.2,,45.9,,,,,,,,0.00 
2016-05-28 00:00:00,70.986,32.0,0.0,75.5,71.1,,45.9,,,,,,,,0.00 
2016-05-29 00:00:00,79.749,32.0,0.0,73.8,73.2,,45.9,,,,,,,,0.00 
2016-05-30 00:00:00,83.505,32.0,0.0,70.9,93.0,,45.9,,,,,,,,0.00 
2016-05-31 00:00:00,83.273,32.0,0.0,74.1,72.8,,45.9,,,,,,,,0.00 
2016-06-01 00:00:00,80.809,32.0,0.0,70.4,68.5,,45.9,,,,,,,,0.00 
2016-06-02 00:00:00,78.984,32.0,0.0,64.9,80.3,,45.9,,,,,,,,0.00 
2016-06-03 00:00:00,80.787,32.0,0.0,63.6,92.7,,45.9,,,,,,,,0.00 
2016-06-04 00:00:00,81.144,32.0,0.0,69.8,83.7,,45.9,,,,,,,,0.00 
2016-06-05 00:00:00,,32.0,0.0,66.5,96.5,,45.9,,,,,,,,0.00 