2015-11-08 00:00:00,,,,32.0,0.0,,61.4,,,,,,,, 
2015-11-09 00:00:00,,,,32.0,0.0,,49.2,,,,,,,, 
2015-11-10 00:00:00,,,,32.0,0.0,,55.8,,,,,,,, 
2015-11-11 00:00:00,,,,32.0,0.0,,62.5,,,,,,,, 
2015-11-13 00:00:00,,58.1,2.7,60.1,2.7,,49.7,,,,,,,, 
2015-11-14 00:00:00,,60.9,5.2,51.6,5.3,,42.1,,,,,,,, 
2015-11-15 00:00:00,,61.3,,37.2,,,41.5,,,,,,,, 
2015-11-16 00:00:00,40.000,61.0,80.0,40.7,80.0,,41.7,,,,,,,, 
2015-11-17 00:00:00,40.000,59.0,80.0,36.8,80.0,,37.6,,,,,,,, 
2015-11-18 00:00:00,40.000,61.2,80.0,39.0,80.0,,41.8,,,,,,,, 
2015-11-19 00:00:00,40.000,59.6,80.0,36.0,80.0,,39.8,,,,,,,, 
2015-11-20 00:00:00,40.000,56.2,80.0,29.9,80.0,,33.5,,,,,,,, 
2015-11-21 00:00:00,40.000,54.3,80.0,29.1,80.0,,29.8,,,,,,,, 
2015-11-22 00:00:00,40.000,57.9,80.0,26.8,80.0,,26.7,,,,,,,, 
2015-11-23 00:00:00,40.000,55.3,80.0,27.1,80.0,,29.5,,,,,,,, 
2015-11-24 00:00:00,40.000,59.0,80.0,41.5,80.0,,40.3,,,,,,,, 
2015-11-25 00:00:00,40.000,73.8,80.0,66.1,80.0,,37.4,,,,,,,, 
2015-11-26 00:00:00,40.000,73.9,80.0,66.8,80.0,,36.3,,,,,,,, 
2015-11-27 00:00:00,40.000,73.8,80.0,67.8,80.0,,48.1,,,,,,,, 
2015-11-28 00:00:00,40.000,75.9,80.0,70.7,80.0,,43.4,,,,,,,, 
2015-11-29 00:00:00,-1.270,76.1,80.0,63.3,80.0,,34.9,,,,,,,, 
2015-11-30 00:00:00,-4.048,81.8,80.0,67.6,80.0,,35.3,,,,,,,, 
2015-12-06 00:00:00,148.283,78.0,80.0,65.4,80.0,,49.6,,,,,,,, 
2015-12-07 00:00:00,0.000,84.8,80.0,68.4,80.0,,42.9,,,,,,,, 
2015-12-08 00:00:00,0.000,79.1,80.0,68.5,80.0,,45.0,,,,,,,, 
2015-12-09 00:00:00,0.000,79.7,80.0,67.8,80.0,,45.0,,,,,,,, 
2015-12-10 00:00:00,-0.044,86.8,80.0,66.3,80.0,,42.7,,,,,,,, 
2015-12-11 00:00:00,0.126,83.4,80.0,65.0,80.0,,35.5,,,,,,,, 
2015-12-12 00:00:00,-0.003,,80.0,,80.0,,32.0,,,,,,,, 
2015-12-13 00:00:00,0.006,,80.0,,80.0,,30.6,,,,,,,, 
2015-12-14 00:00:00,0.031,,80.0,,80.0,,28.9,,,,,,,, 
2015-12-15 00:00:00,0.040,,80.0,,80.0,,31.8,,,,,,,, 
2015-12-16 00:00:00,0.030,,80.0,,80.0,,36.6,,,,,,,, 
2015-12-17 00:00:00,0.011,,80.0,,80.0,,39.3,,,,,,,, 
2015-12-18 00:00:00,0.006,,80.0,,80.0,,48.0,,,,,,,, 
2015-12-19 00:00:00,0.009,,80.0,,80.0,,48.9,,,,,,,, 
2015-12-20 00:00:00,,,80.0,,80.0,,48.6,,,,,,,, 
2015-12-21 00:00:00,0.004,,80.0,,80.0,,45.8,,,,,,,, 
2015-12-22 00:00:00,0.000,,80.0,,80.0,,43.9,,,,,,,, 
2015-12-23 00:00:00,0.000,,80.0,,80.0,,43.8,,,,,,,, 
2015-12-24 00:00:00,0.002,,80.0,,80.0,,45.7,,,,,,,, 
2015-12-25 00:00:00,0.000,,80.0,,80.0,,40.1,,,,,,,, 
2015-12-26 00:00:00,-53.258,74.9,80.0,65.1,80.0,,32.3,,,,,,,, 
2015-12-27 00:00:00,8.120,74.2,,63.1,,,31.0,,,,,,,, 
2015-12-28 00:00:00,7.083,78.6,,64.2,,,34.1,,,,,,,, 
2015-12-29 00:00:00,7.969,79.9,,65.1,,,38.1,,,,,,,, 
2015-12-30 00:00:00,7.995,81.1,,66.8,,,42.1,,,,,,,, 
2015-12-31 00:00:00,8.032,82.3,,68.6,,,39.9,,,,,,,, 
2016-01-01 00:00:00,8.032,83.6,,69.9,,,41.5,,,,,,,,0.00 
2016-01-02 00:00:00,7.461,83.7,,69.2,,,34.4,,,,,,,,0.00 
2016-01-03 00:00:00,8.353,76.3,43.6,59.1,69.0,,29.1,,,,,,,,0.00 
2016-01-04 00:00:00,33.978,48.7,54.8,36.2,77.5,,26.4,,,,,,,,0.00 
2016-01-05 00:00:00,68.519,58.6,41.5,26.0,86.4,,22.5,,,,,,,,0.00 
2016-01-06 00:00:00,67.136,58.4,38.1,22.5,82.9,,18.1,,,,,,,,0.00 
2016-01-07 00:00:00,68.703,57.5,36.8,20.8,83.6,,15.8,,,,,,,,0.00 
2016-01-08 00:00:00,69.375,56.6,39.5,24.5,85.0,,19.8,,,,,,,,0.00 
2016-01-09 00:00:00,65.880,57.4,39.4,24.2,85.2,,20.3,,,,,,,,0.00 
2016-01-10 00:00:00,60.855,59.9,40.1,28.5,93.2,,25.4,,,,,,,,0.00 
2016-01-11 00:00:00,63.405,60.9,40.7,32.7,98.5,,29.9,,,,,,,,0.00 
2016-01-12 00:00:00,61.510,61.3,40.2,31.1,93.9,,28.3,,,,,,,,0.00 
2016-01-13 00:00:00,61.022,61.9,36.8,27.7,93.0,,24.8,,,,,,,,0.00 
2016-01-14 00:00:00,60.463,59.2,35.4,23.2,91.2,,19.9,,,,,,,,0.00 
2016-01-15 00:00:00,60.250,57.2,34.1,17.9,89.9,,19.3,,,,,,,,0.00 
2016-01-16 00:00:00,58.966,58.0,33.2,17.7,89.2,,19.5,,,,,,,,0.00 
2016-01-17 00:00:00,55.984,58.5,30.6,14.6,81.8,,16.4,,,,,,,,0.00 
2016-01-18 00:00:00,54.585,58.6,29.7,20.9,87.5,,25.7,,,,,,,,0.00 
2016-01-19 00:00:00,52.018,60.9,30.1,20.8,85.6,,19.8,,,,,,,,0.00 
2016-01-20 00:00:00,51.210,58.5,29.4,9.0,88.7,,12.4,,,,,,,,0.00 
2016-01-22 00:00:00,50.127,57.5,35.3,22.1,92.2,,23.1,,,,,,,,0.00 
2016-01-23 00:00:00,50.027,59.9,37.5,29.2,94.3,,29.8,,,,,,,,0.00 
2016-01-24 00:00:00,50.248,63.2,39.0,32.4,99.9,,34.6,,,,,,,,0.00 
2016-01-25 00:00:00,50.852,65.3,38.9,34.6,99.9,,36.5,,,,,,,,0.00 
2016-01-26 00:00:00,51.307,66.9,40.3,37.1,99.5,,38.9,,,,,,,,0.00 
2016-01-27 00:00:00,51.537,68.2,42.8,40.5,99.9,,42.0,,,,,,,,0.00 
2016-01-28 00:00:00,51.562,67.1,40.1,39.3,93.4,,39.3,,,,,,,,0.00 
2016-01-29 00:00:00,51.364,68.1,42.2,39.8,99.7,,40.7,,,,,,,,0.00 
2016-01-30 00:00:00,51.239,66.3,40.5,36.5,96.7,,37.9,,,,,,,,0.00 
2016-01-31 00:00:00,51.043,64.4,39.0,36.2,91.3,,34.4,,,,,,,,0.00 
2016-02-01 00:00:00,49.815,63.7,41.4,35.2,95.8,,35.6,,,,,,,,0.00 
2016-02-02 00:00:00,47.717,65.9,44.3,38.8,97.9,,40.0,,,,,,,,0.00 
2016-02-03 00:00:00,47.775,67.3,38.6,39.4,80.6,,39.2,,,,,,,,0.00 
2016-02-04 00:00:00,47.374,66.6,34.6,36.0,73.5,,35.0,,,,,,,,0.00 
2016-02-05 00:00:00,46.853,65.4,34.6,30.9,92.1,,32.0,,,,,,,,0.00 
2016-02-06 00:00:00,47.032,65.8,45.2,40.6,99.9,,41.8,,,,,,,,0.00 
2016-02-07 00:00:00,46.678,66.5,47.6,40.0,99.9,,41.9,,,,,,,,0.00 
2016-02-08 00:00:00,46.938,65.1,48.2,39.0,99.9,,40.0,,,,,,,,0.00 
2016-02-09 00:00:00,47.167,66.0,48.5,39.8,99.6,,40.6,,,,,,,,0.00 
2016-02-10 00:00:00,47.143,66.5,46.2,37.0,99.8,,38.7,,,,,,,,0.00 
2016-02-11 00:00:00,47.071,64.7,42.3,32.9,93.9,,32.9,,,,,,,,0.00 
2016-02-12 00:00:00,46.629,62.5,37.5,32.3,72.2,,31.2,,,,,,,,0.00 
2016-02-13 00:00:00,46.128,58.6,37.5,27.7,82.6,,25.9,,,,,,,,0.00 
2016-02-14 00:00:00,45.663,56.8,37.7,27.9,80.7,,24.3,,,,,,,,0.00 
2016-02-15 00:00:00,44.754,59.2,35.0,29.5,73.6,,26.1,,,,,,,,0.00 
2016-02-16 00:00:00,44.470,61.2,32.7,29.5,78.5,,28.7,,,,,,,,0.00 
2016-02-17 00:00:00,44.370,62.9,36.9,33.6,90.7,,35.4,,,,,,,,0.00 
2016-02-18 00:00:00,44.404,60.7,38.6,30.6,93.6,,31.7,,,,,,,,0.00 
2016-02-19 00:00:00,44.475,61.1,43.2,35.1,94.7,,33.3,,,,,,,,0.00 
2016-02-20 00:00:00,44.856,61.7,45.8,38.3,97.7,,37.4,,,,,,,,0.00 
2016-02-21 00:00:00,44.994,61.3,44.4,38.6,94.7,,34.8,,,,,,,,0.00 
2016-02-22 00:00:00,44.153,62.6,42.3,36.6,97.1,,31.8,,,,,,,,0.00 
2016-02-23 00:00:00,43.749,63.4,41.5,43.2,85.4,,32.0,,,,,,,,0.00 
2016-02-24 00:00:00,39.163,61.8,44.3,40.3,74.1,,33.8,,,,,,,,0.00 
2016-02-25 00:00:00,39.171,61.8,43.2,41.4,64.5,,34.0,,,,,,,,0.00 
2016-02-26 00:00:00,39.100,62.4,40.2,40.7,52.9,,38.7,,,,,,,,0.00 
2016-02-27 00:00:00,38.865,60.6,38.7,37.6,60.1,,38.7,,,,,,,,0.00 
2016-02-28 00:00:00,38.795,59.6,39.8,38.0,66.4,,36.4,,,,,,,,0.00 
2016-02-29 00:00:00,39.082,57.8,41.5,28.2,90.1,,29.2,,,,,,,,0.00 
2016-03-01 00:00:00,40.153,58.4,42.1,30.7,93.3,,32.0,,,,,,,,0.00 
2016-03-02 00:00:00,40.170,59.2,45.4,30.5,99.9,,31.8,,,,,,,,0.00 
2016-03-03 00:00:00,39.870,61.6,43.7,35.3,99.6,,32.6,,,,,,,,0.00 
2016-03-04 00:00:00,40.186,61.9,44.7,33.4,99.6,,33.8,,,,,,,,0.00 
2016-03-05 00:00:00,40.450,62.2,40.2,29.2,99.9,,29.9,,,,,,,,0.00 
2016-03-06 00:00:00,40.807,60.6,46.1,30.2,99.9,,31.3,,,,,,,,0.00 
2016-03-07 00:00:00,40.996,61.4,46.1,32.8,99.7,,32.9,,,,,,,,0.00 
2016-03-08 00:00:00,41.137,62.7,43.0,32.8,99.7,,34.0,,,,,,,,0.00 
2016-03-09 00:00:00,41.245,60.9,45.9,34.4,99.9,,35.0,,,,,,,,0.00 
2016-03-10 00:00:00,41.501,60.8,46.6,35.0,99.5,,35.5,,,,,,,,0.00 
2016-03-11 00:00:00,41.652,59.9,45.9,32.0,99.9,,33.6,,,,,,,,0.00 
2016-03-12 00:00:00,41.890,59.8,45.8,34.7,99.2,,35.2,,,,,,,,0.00 
2016-03-13 00:00:00,42.048,60.0,47.9,42.2,95.4,,41.4,,,,,,,,0.00 
2016-03-14 00:00:00,42.059,63.5,48.4,45.9,92.3,,36.3,,,,,,,,0.00 
2016-03-15 00:00:00,42.210,65.6,48.8,52.7,79.4,,36.3,,,,,,,,0.00 
2016-03-16 00:00:00,42.203,66.7,48.8,49.7,80.8,,36.3,,,,,,,,0.00 
2016-03-17 00:00:00,42.140,66.1,47.1,45.9,78.7,,36.3,,,,,,,,0.00 
2016-03-18 00:00:00,42.155,65.6,47.7,46.0,74.6,,36.3,,,,,,,,0.00 
2016-03-19 00:00:00,42.557,65.2,42.4,50.9,60.1,,36.3,,,,,,,,0.00 
2016-03-20 00:00:00,42.789,64.9,46.5,51.2,59.2,,36.3,,,,,,,,0.00 
2016-03-21 00:00:00,42.109,63.7,46.1,43.2,71.6,,36.3,,,,,,,,0.00 
2016-03-22 00:00:00,42.127,64.8,48.3,47.6,67.1,,36.3,,,,,,,,0.00 
2016-03-23 00:00:00,42.340,65.9,44.0,46.5,56.5,,36.3,,,,,,,,0.00 
2016-03-24 00:00:00,42.427,64.2,42.7,35.1,93.9,,36.3,,,,,,,,0.00 
2016-03-25 00:00:00,41.625,64.0,47.8,45.8,77.9,,36.3,,,,,,,,0.00 
2016-03-26 00:00:00,39.829,63.1,46.4,41.7,84.6,,36.3,,,,,,,,0.00 
2016-03-27 00:00:00,37.964,63.5,51.2,40.9,90.3,0,36.5,,,,,,,,0.00 
2016-03-28 00:00:00,30.599,69.1,80.2,43.3,99.8,36,42.5,,,,,,,,0.00 
2016-03-29 00:00:00,30.708,66.2,86.8,44.4,98.5,170,44.4,,,,,,,,0.00 
2016-03-30 00:00:00,30.299,60.2,93.6,39.6,94.7,285,40.6,,,,,,,,0.00 
2016-03-31 00:00:00,29.989,68.7,71.1,37.8,82.7,304,33.8,,,,,,,,0.00 
2016-04-01 00:00:00,29.807,67.0,79.0,38.3,84.8,176,34.0,,,,,,,,0.00 
2016-04-02 00:00:00,29.746,68.3,86.1,45.7,95.1,156,44.1,,,,,,,,0.00 
2016-04-03 00:00:00,29.886,68.2,93.8,42.7,99.8,28,42.2,,,,,,,,0.00 
2016-04-04 00:00:00,30.066,67.8,93.6,45.3,99.9,41,42.1,,,,,,,,0.00 
2016-04-05 00:00:00,30.318,68.7,95.2,51.8,103.1,38,46.0,,,,,,,,0.00 
2016-04-06 00:00:00,30.169,68.0,90.9,46.2,99.9,102,45.3,,,,,,,,0.00 
2016-04-07 00:00:00,29.850,70.0,86.6,44.6,99.1,229,41.8,,,,,,,,0.00 
2016-04-08 00:00:00,29.452,70.1,82.6,41.6,99.7,80,38.3,,,,,,,,0.00 
2016-04-09 00:00:00,30.616,74.1,70.9,42.8,92.0,573,44.9,,,,,,,,0.00 
2016-04-10 00:00:00,31.482,75.7,61.0,42.7,94.4,653,41.6,,,,,,,,0.00 
2016-04-11 00:00:00,31.381,78.3,61.4,45.9,88.8,644,39.8,,,,,,,,0.00 
2016-04-12 00:00:00,31.348,76.7,58.8,45.7,83.3,638,39.9,,,,,,,,0.00 
2016-04-13 00:00:00,31.343,75.8,66.0,46.6,91.1,481,44.5,,,,,,,,0.00 
2016-04-14 00:00:00,31.211,76.6,63.9,47.2,89.2,685,46.9,,,,,,,,0.00 
2016-04-15 00:00:00,31.114,75.1,64.1,47.2,93.1,686,42.0,,,,,,,,0.00 
2016-04-16 00:00:00,31.105,74.2,67.0,42.5,92.2,562,41.3,,,,,,,,0.00 
2016-04-17 00:00:00,31.120,71.2,60.8,46.6,84.0,691,46.1,,,,,,,,0.00 
2016-04-18 00:00:00,31.016,73.9,60.1,46.3,90.3,655,45.2,,,,,,,,0.00 
2016-04-19 00:00:00,30.846,73.6,55.4,48.4,73.5,733,37.9,,,,,,,,0.00 
2016-04-20 00:00:00,30.546,78.6,47.0,50.8,62.1,717,40.7,,,,,,,,0.00 
2016-04-21 00:00:00,30.374,82.9,44.2,48.3,71.5,671,43.9,,,,,,,,0.00 
2016-04-22 00:00:00,30.213,82.5,38.8,48.2,54.6,836,48.7,,,,,,,,0.00 
2016-04-23 00:00:00,29.924,82.6,41.1,43.1,61.6,668,36.0,,,,,,,,0.00 
2016-04-24 00:00:00,29.972,81.5,46.8,41.9,73.2,706,41.3,,,,,,,,0.00 
2016-04-25 00:00:00,32.035,76.0,60.2,37.3,92.9,1057,35.5,,,,,,,,0.00 
2016-04-26 00:00:00,30.276,77.9,62.5,39.9,90.5,623,38.5,,,,,,,,0.00 
2016-04-27 00:00:00,29.647,80.1,57.0,45.1,72.3,906,44.3,,,,,,,,0.00 
2016-04-28 00:00:00,29.639,77.2,56.7,37.5,92.3,261,36.2,,,,,,,,0.00 
2016-04-29 00:00:00,29.626,80.7,70.3,44.1,94.5,704,37.3,,,,,,,,0.00 
2016-04-30 00:00:00,29.450,79.4,69.4,43.9,96.1,421,42.6,,,,,,,,0.00 
2016-05-01 00:00:00,29.587,81.2,63.4,45.1,89.8,822,45.4,,,,,,,,0.00 
2016-05-02 00:00:00,30.023,87.5,46.4,47.9,88.9,797,46.6,,,,,,,,0.00 
2016-05-03 00:00:00,30.193,89.7,43.3,51.7,90.2,792,51.5,,,,,,,,0.00 
2016-05-04 00:00:00,29.586,92.2,39.3,50.3,82.1,837,46.0,,,,,,,,0.00 
2016-05-05 00:00:00,29.437,93.4,41.2,50.2,86.2,847,51.5,,,,,,,,0.00 
2016-05-06 00:00:00,29.424,93.8,42.9,53.2,78.5,960,48.9,,,,,,,,0.00 
2016-05-07 00:00:00,29.280,93.7,42.0,54.9,72.2,909,54.7,,,,,,,,0.00 
2016-05-08 00:00:00,29.570,93.8,42.4,59.5,70.5,931,60.7,,,,,,,,0.00 
2016-05-09 00:00:00,30.305,93.7,44.9,63.1,67.4,917,57.4,,,,,,,,0.00 
2016-05-10 00:00:00,30.056,93.4,45.9,63.8,66.4,997,55.5,,,,,,,,0.00 
2016-05-11 00:00:00,29.317,92.7,45.7,61.2,65.9,915,53.4,,,,,,,,0.00 
2016-05-12 00:00:00,29.689,92.3,46.6,59.0,76.2,679,53.8,,,,,,,,0.00 
2016-05-13 00:00:00,29.865,90.6,47.3,53.5,77.2,695,49.7,,,,,,,,0.00 
2016-05-14 00:00:00,30.051,89.3,46.2,52.1,63.4,807,51.6,,,,,,,,0.00 
2016-05-15 00:00:00,32.785,88.8,55.3,54.5,58.1,822,49.8,,,,,,,,0.00 
2016-05-16 00:00:00,36.934,87.1,63.3,56.2,64.3,793,55.8,,,,,,,,0.00 
2016-05-17 00:00:00,37.179,84.3,65.6,56.7,67.7,831,55.8,,,,,,,,0.00 
2016-05-18 00:00:00,37.308,81.4,67.6,55.0,79.8,718,57.4,,,,,,,,0.00 
2016-05-19 00:00:00,37.590,84.0,67.4,60.0,83.7,851,58.1,,,,,,,,0.00 
2016-05-20 00:00:00,37.912,80.8,71.9,55.0,92.5,543,57.0,,,,,,,,0.00 
2016-05-21 00:00:00,39.405,81.0,72.9,50.9,96.9,363,50.2,,,,,,,,0.00 
2016-05-22 00:00:00,39.415,80.8,76.7,55.4,99.9,260,54.7,,,,,,,,0.00 
2016-05-23 00:00:00,39.438,81.6,75.1,57.8,99.9,346,57.4,,,,,,,,0.00 
2016-05-24 00:00:00,39.205,83.1,73.3,60.4,94.9,803,59.6,,,,,,,,0.00 
2016-05-25 00:00:00,38.988,81.9,70.1,59.3,81.9,743,58.2,,,,,,,,0.00 
2016-05-26 00:00:00,38.917,83.0,70.7,59.5,78.4,939,57.9,,,,,,,,0.00 
2016-05-28 00:00:00,38.609,89.5,62.3,62.9,70.8,443,60.8,,,,,,,,0.00 
2016-05-29 00:00:00,38.435,86.0,67.7,59.2,91.2,290,56.5,,,,,,,,0.00 
2016-05-30 00:00:00,38.603,85.8,69.7,57.9,99.6,294,57.0,,,,,,,,0.00 
2016-05-31 00:00:00,37.844,91.4,66.3,66.5,94.0,884,61.9,,,,,,,,0.00 
2016-06-01 00:00:00,36.607,94.2,57.6,75.3,75.0,1190,62.5,,,,,,,,0.00 
2016-06-02 00:00:00,35.332,92.2,61.8,70.6,82.1,898,71.1,,,,,,,,0.00 
2016-06-03 00:00:00,33.801,92.1,60.9,73.1,72.2,784,75.0,,,,,,,,0.00 
2016-06-04 00:00:00,34.027,89.0,60.0,67.9,66.1,797,64.4,,,,,,,,0.00 
2016-06-05 00:00:00,34.519,86.6,63.2,66.5,72.6,777,63.0,,,,,,,,0.00 
2016-06-06 00:00:00,34.785,87.5,65.3,68.0,81.0,902,62.6,,,,,,,,0.00 
2016-06-07 00:00:00,37.021,85.3,61.3,65.7,78.5,618,62.6,,,,,,,,0.00 
2016-06-08 00:00:00,36.954,83.3,63.9,63.6,69.6,715,62.6,,,,,,,,0.00 
2016-06-09 00:00:00,37.248,83.3,63.5,62.8,72.8,807,62.5,,,,,,,,0.00 
2016-06-10 00:00:00,37.800,82.0,64.9,60.4,67.5,894,59.1,,,,,,,,0.00 
2016-06-11 00:00:00,39.443,82.8,64.2,60.5,71.9,848,59.4,,,,,,,,0.00 
2016-06-12 00:00:00,40.056,84.4,67.6,61.4,71.7,777,59.8,,,,,,,,0.00 
2016-06-13 00:00:00,40.811,86.0,66.0,62.7,69.0,797,59.1,,,,,,,,0.00 
2016-06-14 00:00:00,41.614,85.9,62.8,62.7,75.9,782,59.3,,,,,,,,0.00 
2016-06-15 00:00:00,41.927,79.8,71.2,58.9,97.4,220,62.6,,,,,,,,0.00 
2016-06-16 00:00:00,41.729,83.8,73.3,63.7,94.9,717,64.2,,,,,,,,0.00 
2016-06-17 00:00:00,41.873,87.2,67.5,67.0,84.4,839,63.5,,,,,,,,0.00 
2016-06-18 00:00:00,42.316,86.5,66.4,66.8,87.0,871,66.1,,,,,,,,0.00 
2016-06-19 00:00:00,42.479,85.8,66.5,65.1,87.8,880,63.1,,,,,,,,0.00 
2016-06-20 00:00:00,42.552,79.6,77.2,56.8,95.4,229,54.7,,,,,,,,0.00 
2016-06-21 00:00:00,41.110,84.0,73.7,62.7,89.6,798,63.6,,,,,,,,0.00 
2016-06-22 00:00:00,33.812,86.6,67.1,61.4,91.9,687,59.8,,,,,,,,0.00 
2016-06-23 00:00:00,33.782,84.7,69.9,61.6,96.4,503,59.7,,,,,,,,0.00 
2016-06-24 00:00:00,33.754,84.5,72.6,62.4,99.9,321,59.2,,,,,,,,0.00 
2016-06-25 00:00:00,33.329,87.2,69.9,65.4,95.0,783,60.0,,,,,,,,0.00 
2016-06-26 00:00:00,37.605,83.3,75.1,62.2,97.6,574,61.0,,,,,,,,0.00 
2016-06-27 00:00:00,39.118,80.4,78.8,60.2,96.8,766,59.1,,,,,,,,0.00 
2016-06-28 00:00:00,38.891,79.1,78.9,60.2,87.4,859,51.5,,,,,,,,0.00 
2016-06-29 00:00:00,38.733,79.3,80.0,59.0,94.3,563,55.1,,,,,,,,0.00 
2016-06-30 00:00:00,38.607,79.9,79.4,61.2,92.9,767,56.1,,,,,,,,0.00 
2016-07-01 00:00:00,38.454,78.8,80.0,57.6,97.3,458,52.6,,,,,,,,0.00 
2016-07-02 00:00:00,38.318,79.6,79.8,58.8,94.1,830,56.7,,,,,,,,0.00 
2016-07-03 00:00:00,37.779,81.1,78.6,60.1,89.4,730,58.6,,,,,,,,0.00 
2016-07-04 00:00:00,36.925,84.6,73.5,62.0,81.4,855,62.8,,,,,,,,0.00 
2016-07-05 00:00:00,36.666,84.9,72.0,63.0,82.2,817,59.6,,,,,,,,0.00 
2016-07-06 00:00:00,36.358,87.6,71.2,66.2,72.0,870,66.2,,,,,,,,0.00 
2016-07-07 00:00:00,36.249,85.2,71.3,61.1,78.0,780,56.3,,,,,,,,0.00 
2016-07-08 00:00:00,36.205,86.2,72.1,64.7,83.2,901,61.4,,,,,,,,0.00 
2016-07-09 00:00:00,36.082,87.8,69.2,66.4,74.3,813,65.9,,,,,,,,0.00 
2016-07-10 00:00:00,36.313,84.7,70.4,62.6,91.4,495,60.6,,,,,,,,0.00 
2016-07-11 00:00:00,36.346,86.7,71.2,64.7,94.4,753,63.9,,,,,,,,0.00 
2016-07-12 00:00:00,36.390,86.7,71.5,65.8,89.3,787,65.3,,,,,,,,0.00 
2016-07-13 00:00:00,37.133,86.5,68.5,64.1,88.5,670,63.3,,,,,,,,0.00 
2016-07-14 00:00:00,37.577,85.9,72.9,64.2,95.4,744,62.7,,,,,,,,0.00 
2016-07-15 00:00:00,37.396,87.9,74.1,66.8,88.9,838,68.2,,,,,,,,0.00 
2016-07-16 00:00:00,37.430,87.4,72.4,66.0,78.4,812,67.9,,,,,,,,0.00 
2016-07-17 00:00:00,37.523,84.9,72.6,61.8,79.6,797,60.1,,,,,,,,0.00 
2016-07-18 00:00:00,37.339,86.4,73.6,65.0,80.0,777,63.7,,,,,,,,0.00 
2016-07-19 00:00:00,37.514,88.7,75.0,68.4,82.9,912,65.7,,,,,,,,0.00 
2016-07-20 00:00:00,38.014,90.4,74.1,69.3,85.7,825,72.0,,,,,,,,0.00 
2016-07-21 00:00:00,38.533,87.5,76.4,67.3,93.6,653,71.7,,,,,,,,0.00 
2016-07-22 00:00:00,38.470,88.9,77.3,70.3,91.3,877,68.2,,,,,,,,0.00 
2016-07-23 00:00:00,38.785,88.5,77.2,69.5,95.6,709,68.6,,,,,,,,0.00 
2016-07-24 00:00:00,38.399,89.0,76.8,70.6,91.0,851,69.5,,,,,,,,0.00 
2016-07-25 00:00:00,37.495,86.4,81.2,68.7,95.4,579,66.7,,,,,,,,0.00 
2016-07-26 00:00:00,37.378,85.4,81.1,65.4,93.1,733,65.4,,,,,,,,0.00 
2016-07-27 00:00:00,37.432,84.7,82.1,63.6,95.3,691,61.6,,,,,,,,0.00 
2016-07-28 00:00:00,37.493,83.0,85.3,61.8,97.7,616,62.3,,,,,,,,0.00 
2016-07-29 00:00:00,37.489,83.3,84.5,61.2,99.7,325,58.7,,,,,,,,0.00 
2016-07-30 00:00:00,37.319,83.7,84.4,62.6,93.2,732,62.3,,,,,,,,0.00 
2016-07-31 00:00:00,37.604,83.5,82.6,61.7,89.2,559,61.5,,,,,,,,0.00 
2016-08-01 00:00:00,38.072,81.8,84.5,61.8,86.6,686,60.8,,,,,,,,0.00 
2016-08-02 00:00:00,38.462,83.6,79.5,62.9,81.1,761,61.7,,,,,,,,0.00 
2016-08-03 00:00:00,40.078,83.5,80.6,60.6,93.1,463,54.9,,,,,,,,0.00 
2016-08-04 00:00:00,41.471,86.3,80.3,63.8,98.4,635,63.1,,,,,,,,0.00 
2016-08-05 00:00:00,41.655,86.6,81.5,65.0,97.2,572,61.2,,,,,,,,0.00 
2016-08-06 00:00:00,41.879,85.6,81.8,64.8,84.6,648,64.1,,,,,,,,0.00 
2016-08-07 00:00:00,42.475,83.0,83.8,61.1,91.0,453,59.4,,,,,,,,0.00 
2016-08-08 00:00:00,42.439,82.5,83.4,60.3,93.3,737,57.5,,,,,,,,0.00 
2016-08-09 00:00:00,42.348,79.0,85.3,57.0,85.4,591,56.4,,,,,,,,0.00 
2016-08-10 00:00:00,43.273,81.0,86.6,57.5,94.7,650,56.4,,,,,,,,0.00 
2016-08-11 00:00:00,45.261,82.0,85.0,57.5,88.2,662,58.5,,,,,,,,0.00 
2016-08-12 00:00:00,46.593,79.7,85.9,57.5,97.0,350,55.6,,,,,,,,0.00 
2016-08-13 00:00:00,47.036,83.6,85.6,62.2,95.1,629,62.2,,,,,,,,0.00 
2016-08-14 00:00:00,48.620,85.6,81.0,63.9,86.1,613,64.8,,,,,,,,0.00 
2016-08-15 00:00:00,50.742,84.8,74.2,62.0,81.0,601,63.3,,,,,,,,0.00 
2016-08-16 00:00:00,53.746,85.3,68.6,63.0,87.0,592,64.1,,,,,,,,0.00 
2016-08-17 00:00:00,56.922,86.1,64.5,64.3,83.4,587,58.0,,,,,,,,0.00 
2016-08-18 00:00:00,59.983,87.8,62.4,66.2,85.1,598,64.9,,,,,,,,0.00 
2016-08-19 00:00:00,62.666,88.0,62.7,64.8,87.6,670,63.8,,,,,,,,0.00 
2016-08-20 00:00:00,63.803,83.8,67.1,59.8,97.9,285,53.8,,,,,,,,0.00 
2016-08-21 00:00:00,63.374,85.6,74.6,62.1,99.1,426,58.9,,,,,,,,0.00 
2016-08-22 00:00:00,63.484,84.9,78.9,62.7,98.4,539,58.8,,,,,,,,0.00 
2016-08-23 00:00:00,63.915,85.7,76.6,62.6,96.8,542,57.2,,,,,,,,0.00 
2016-08-24 00:00:00,64.562,82.5,76.0,60.4,99.9,340,59.1,,,,,,,,0.00 
2016-08-25 00:00:00,64.266,84.0,77.1,63.7,99.9,228,60.6,,,,,,,,0.00 
2016-08-26 00:00:00,63.676,84.8,78.2,65.5,98.4,476,65.0,,,,,,,,0.00 
2016-08-27 00:00:00,63.140,83.3,79.4,63.0,93.6,549,64.5,,,,,,,,0.00 
2016-08-28 00:00:00,63.536,77.5,83.8,56.3,99.8,253,63.1,,,,,,,,0.00 
2016-08-29 00:00:00,63.266,78.7,85.7,60.8,92.3,512,57.8,,,,,,,,0.00 
2016-08-30 00:00:00,63.418,79.2,85.8,60.9,91.9,721,62.6,,,,,,,,0.00 
2016-09-05 00:00:00,51.287,81.7,82.1,63.0,85.8,680,64.8,,,,,,,,0.00 
2016-09-06 00:00:00,22.052,83.2,76.3,60.1,99.3,250,59.0,,,,,,,,0.00 
2016-09-07 00:00:00,22.221,87.6,72.6,67.7,98.0,515,71.3,,,,,,,,0.00 
2016-09-08 00:00:00,22.350,86.2,73.2,64.8,99.9,337,77.7,,,,,,,,0.00 
2016-09-09 00:00:00,22.464,85.7,73.5,66.1,94.3,471,72.6,,,,,,,,0.00 
2016-09-10 00:00:00,22.377,83.3,75.6,64.4,99.9,263,63.4,,,,,,,,0.00 
2016-09-11 00:00:00,22.378,84.2,75.5,62.7,92.2,449,62.6,,,,,,,,0.00 
2016-09-12 00:00:00,22.239,83.1,76.7,58.8,98.8,367,58.0,,,,,,,,0.00 
2016-09-13 00:00:00,22.110,86.1,74.8,65.7,98.7,484,65.8,,,,,,,,0.00 
2016-09-14 00:00:00,22.045,87.0,73.9,66.2,98.3,460,67.4,,,,,,,,0.00 
2016-09-15 00:00:00,22.233,86.2,73.9,65.7,97.4,439,67.0,,,,,,,,0.00 
2016-09-16 00:00:00,22.608,82.6,73.9,62.9,99.9,148,61.8,,,,,,,,0.00 
2016-09-17 00:00:00,22.457,83.0,74.1,59.5,97.3,463,58.9,,,,,,,,0.00 
2016-09-18 00:00:00,22.112,81.3,78.5,56.9,97.1,399,57.7,,,,,,,,0.00 
2016-09-19 00:00:00,22.206,81.2,77.4,59.6,96.1,428,58.8,,,,,,,,0.00 
2016-09-20 00:00:00,22.459,79.5,77.7,58.5,97.2,433,59.2,,,,,,,,0.00 
2016-09-21 00:00:00,22.951,79.2,76.4,61.0,99.6,351,59.8,,,,,,,,0.00 
2016-09-22 00:00:00,23.060,78.7,76.1,60.7,97.9,375,60.4,,,,,,,,0.00 
2016-09-23 00:00:00,22.941,76.9,78.7,58.2,95.0,357,57.8,,,,,,,,0.00 
2016-09-24 00:00:00,22.522,76.2,83.5,56.7,98.0,352,55.9,,,,,,,,0.00 
2016-09-25 00:00:00,27.727,84.0,75.1,64.0,98.0,382,63.4,,,,,,,,0.00 
2016-09-26 00:00:00,38.213,88.3,58.4,60.7,97.0,258,60.0,,,,,,,,0.00 
2016-09-27 00:00:00,36.410,90.3,53.2,56.0,99.6,278,53.5,,,,,,,,0.00 
2016-09-28 00:00:00,36.427,89.1,51.8,58.5,95.7,318,58.1,,,,,,,,0.00 
2016-09-29 00:00:00,42.454,91.6,52.0,58.1,96.1,297,56.7,,,,,,,,0.00 
2016-09-30 00:00:00,41.102,93.2,47.2,52.5,91.2,359,51.6,,,,,,,,0.00 
2016-10-01 00:00:00,39.908,93.3,45.1,52.8,95.6,308,51.8,,,,,,,,0.00 
2016-10-02 00:00:00,39.302,86.5,47.3,51.4,93.1,264,50.1,,,,,,,,0.00 
2016-10-03 00:00:00,38.967,81.9,52.6,50.7,83.8,355,50.5,,,,,,,, 
2016-10-04 00:00:00,38.705,77.4,58.7,49.2,91.2,282,48.7,,,,,,,, 
2016-10-05 00:00:00,38.574,74.5,58.8,48.3,78.4,345,48.7,,,,,,,, 
2016-10-06 00:00:00,38.349,74.5,55.7,50.8,57.4,315,51.1,,,,,,,, 
2016-10-07 00:00:00,38.122,73.9,56.6,51.8,79.4,264,51.4,,,,,,,, 
2016-10-08 00:00:00,38.068,69.1,59.7,49.4,80.8,242,48.1,,,,,,,, 
2016-10-09 00:00:00,38.046,63.1,70.0,45.2,88.1,169,43.6,,,,,,,, 
2016-10-10 00:00:00,38.021,60.7,75.1,46.3,95.7,75,44.9,,,,,,,, 
2016-10-11 00:00:00,38.001,58.9,75.4,44.4,90.4,108,42.7,,,,,,,, 
2016-10-12 00:00:00,37.964,56.7,74.3,43.4,89.9,90,41.8,,,,,,,, 
2016-10-13 00:00:00,37.932,55.4,72.3,43.2,93.0,48,41.5,,,,,,,, 
2016-10-14 00:00:00,37.907,54.0,68.6,40.7,93.1,76,39.0,,,,,,,, 
2016-10-15 00:00:00,37.864,53.6,65.3,43.6,92.1,160,41.4,,,,,,,, 
2016-10-16 00:00:00,37.886,55.1,70.2,47.1,98.4,72,45.6,,,,,,,, 
2016-10-17 00:00:00,37.998,57.2,75.6,49.4,99.9,17,48.3,,,,,,,, 
2016-10-18 00:00:00,38.046,58.7,79.3,50.6,99.9,41,49.5,,,,,,,, 
2016-10-19 00:00:00,38.166,58.4,81.0,47.6,99.9,59,46.4,,,,,,,, 
2016-10-20 00:00:00,38.094,56.9,79.7,46.7,99.9,40,45.9,,,,,,,, 
2016-10-21 00:00:00,38.020,55.1,76.3,43.4,99.9,104,42.1,,,,,,,, 
2016-10-22 00:00:00,37.963,52.9,71.2,41.3,99.7,49,39.9,,,,,,,, 
2016-10-23 00:00:00,37.966,51.5,68.9,40.2,99.9,144,37.9,,,,,,,, 
2016-10-24 00:00:00,38.041,53.1,73.4,44.1,99.9,97,42.8,,,,,,,, 
2016-10-25 00:00:00,37.996,53.1,74.1,43.0,99.9,128,41.4,,,,,,,, 
2016-10-26 00:00:00,37.926,53.9,77.7,44.0,99.9,86,41.4,,,,,,,, 
2016-10-27 00:00:00,37.826,63.9,78.5,49.1,99.9,159,41.4,,,,,,,, 
2016-10-28 00:00:00,37.635,66.8,72.8,48.8,97.2,232,41.4,,,,,,,, 
2016-10-29 00:00:00,37.525,60.0,79.2,44.4,93.9,232,41.4,,,,,,,, 
2016-10-30 00:00:00,37.436,56.4,80.8,43.4,99.1,157,41.4,,,,,,,, 
2016-10-31 00:00:00,37.395,60.0,83.7,47.5,99.9,167,41.4,,,,,,,, 
2016-11-01 00:00:00,37.362,61.9,84.1,46.7,94.5,187,41.4,,,,,,,, 
2016-11-02 00:00:00,37.266,54.6,83.4,38.8,93.8,145,41.4,,,,,,,, 
2016-11-03 00:00:00,37.241,51.3,79.2,36.1,99.9,109,41.4,,,,,,,, 
2016-11-04 00:00:00,37.339,50.9,76.0,37.3,99.9,57,41.4,,,,,,,, 
2016-11-05 00:00:00,38.125,50.6,75.5,39.8,99.9,22,41.4,,,,,,,, 
2016-11-06 00:00:00,43.164,46.8,67.0,30.2,99.9,253,41.4,,,,,,,, 
2016-11-07 00:00:00,42.779,46.1,63.6,25.2,99.9,349,41.4,,,,,,,, 
2016-11-08 00:00:00,42.843,44.7,62.5,25.1,99.9,329,41.4,,,,,,,, 
2016-11-09 00:00:00,42.844,45.0,61.0,27.9,99.9,228,41.4,,,,,,,, 
2016-11-10 00:00:00,42.791,45.8,62.6,30.1,99.7,333,41.4,,,,,,,, 
2016-11-11 00:00:00,42.519,47.6,70.4,31.6,99.9,273,41.4,,,,,,,, 
2016-11-12 00:00:00,41.436,48.4,72.2,36.3,99.9,128,43.5,,,,,,,, 
2016-11-13 00:00:00,36.817,55.1,75.0,40.4,99.9,49,57.0,,,,,,,, 
2016-11-14 00:00:00,36.247,57.6,80.3,44.8,99.9,30,56.0,,,,,,,, 
2016-11-15 00:00:00,36.091,68.4,78.5,44.3,99.9,106,51.9,,,,,,,, 
2016-11-16 00:00:00,35.862,61.5,77.1,42.4,99.9,58,46.0,,,,,,,, 
2016-11-17 00:00:00,35.885,53.5,81.1,38.4,99.9,74,51.0,,,,,,,, 
2016-11-18 00:00:00,35.801,52.2,81.5,41.3,99.9,76,56.1,,,,,,,, 
2016-11-19 00:00:00,35.775,48.8,80.5,36.7,99.9,40,55.7,,,,,,,, 
2016-11-20 00:00:00,35.829,47.9,78.9,38.3,99.9,36,54.8,,,,,,,, 
2016-11-21 00:00:00,35.709,48.8,79.1,39.3,99.9,80,48.7,,,,,,,, 
2016-11-22 00:00:00,35.672,50.1,78.9,43.6,99.9,22,44.5,,,,,,,, 
2016-11-23 00:00:00,35.585,50.6,79.2,43.8,99.9,68,44.2,,,,,,,, 
2016-11-24 00:00:00,35.379,49.0,77.2,41.6,99.9,61,43.6,,,,,,,, 
2016-11-25 00:00:00,35.224,50.0,77.9,43.9,99.9,36,44.8,,,,,,,, 
2016-11-26 00:00:00,35.063,51.2,77.5,43.6,98.7,59,44.2,,,,,,,, 
2016-11-27 00:00:00,34.959,48.5,75.2,36.7,91.9,80,44.5,,,,,,,, 
2016-11-28 00:00:00,34.879,45.4,74.6,32.6,96.6,85,44.0,,,,,,,, 
2016-11-29 00:00:00,34.783,46.1,75.5,36.9,98.6,82,41.6,,,,,,,, 
2016-11-30 00:00:00,34.775,45.5,76.5,34.1,99.9,52,41.4,,,,,,,, 
2016-12-01 00:00:00,34.754,46.3,77.0,40.8,95.0,60,41.4,,,,,,,, 
2016-12-02 00:00:00,34.683,45.0,69.4,34.5,85.4,72,41.4,,,,,,,, 
2016-12-03 00:00:00,34.530,43.6,72.9,33.8,99.7,88,41.5,,,,,,,, 
2016-12-04 00:00:00,34.483,46.8,75.8,40.9,99.9,72,41.6,,,,,,,, 
2016-12-05 00:00:00,34.485,47.1,77.0,38.9,99.8,83,41.7,,,,,,,, 
2016-12-06 00:00:00,34.346,45.5,76.2,32.4,99.9,63,41.5,,,,,,,, 
2016-12-07 00:00:00,34.048,47.1,79.6,42.4,99.9,13,41.6,,,,,,,, 
2016-12-08 00:00:00,33.970,53.5,82.7,48.7,99.9,58,41.6,,,,,,,, 
2016-12-09 00:00:00,33.826,54.6,85.0,42.7,99.9,27,41.5,,,,,,,, 
2016-12-10 00:00:00,33.880,49.4,86.1,41.2,99.9,83,41.4,,,,,,,, 
2016-12-11 00:00:00,33.863,47.5,85.3,38.4,99.9,51,41.4,,,,,,,, 
2016-12-12 00:00:00,33.735,45.7,82.5,33.0,99.9,62,41.4,,,,,,,, 
2016-12-13 00:00:00,33.722,46.3,83.3,37.5,99.9,52,41.6,,,,,,,, 
2016-12-14 00:00:00,33.836,42.5,82.0,28.5,99.9,54,41.4,,,,,,,, 
2016-12-15 00:00:00,33.819,42.1,82.3,30.9,99.9,58,41.4,,,,,,,, 
2016-12-16 00:00:00,33.705,44.6,84.1,35.3,99.9,18,41.4,,,,,,,, 
2016-12-17 00:00:00,33.684,45.9,84.5,38.9,99.9,24,41.5,,,,,,,, 
2016-12-18 00:00:00,33.720,43.6,83.7,33.4,99.9,58,41.5,,,,,,,, 
2016-12-19 00:00:00,33.708,44.0,84.8,37.3,99.9,44,41.4,,,,,,,, 
2016-12-20 00:00:00,33.680,47.3,85.9,43.1,99.9,18,41.4,,,,,,,, 
2016-12-21 00:00:00,33.638,46.3,83.8,41.9,99.9,29,41.4,,,,,,,, 
2016-12-22 00:00:00,33.701,44.7,83.6,40.5,99.9,58,41.4,,,,,,,, 
2016-12-23 00:00:00,33.689,44.4,84.0,39.8,99.9,48,41.6,,,,,,,, 
2016-12-24 00:00:00,33.697,44.1,83.9,38.7,99.9,39,41.4,,,,,,,, 
2016-12-25 00:00:00,33.662,44.2,84.2,41.0,99.9,31,41.4,,,,,,,, 
2016-12-26 00:00:00,33.556,44.8,81.6,40.7,99.0,45,41.5,,,,,,,, 
2016-12-27 00:00:00,33.432,45.6,72.3,40.9,87.8,52,41.4,,,,,,,, 
2016-12-28 00:00:00,33.277,44.6,78.5,37.5,99.9,66,41.4,,,,,,,, 
2016-12-29 00:00:00,33.260,47.5,81.3,43.5,99.9,51,41.4,,,,,,,, 
2016-12-30 00:00:00,33.193,51.1,80.6,47.4,99.9,51,41.4,,,,,,,, 
2016-12-31 00:00:00,33.118,54.5,82.7,49.8,99.9,67,41.4,,,,,,,, 
2017-01-01 00:00:00,33.029,52.5,83.3,38.2,97.1,48,41.4,,,,,,,, 
2017-01-02 00:00:00,32.949,45.7,79.2,30.9,94.7,47,41.6,,,,,,,, 
2017-01-03 00:00:00,32.909,45.5,78.4,37.6,96.8,54,41.5,,,,,,,, 
2017-01-04 00:00:00,32.865,43.7,66.3,35.0,74.8,57,41.6,,,,,,,, 
2017-01-05 00:00:00,32.746,40.0,67.3,22.8,85.9,64,41.5,,,,,,,, 
2017-01-06 00:00:00,32.766,40.3,74.9,32.7,98.0,33,41.7,,,,,,,, 
2017-01-07 00:00:00,32.882,43.6,80.6,37.1,99.9,64,41.4,,,,,,,, 
2017-01-08 00:00:00,32.901,42.4,80.5,35.3,99.9,67,41.4,,,,,,,, 
2017-01-09 00:00:00,32.910,45.1,83.1,40.7,99.9,25,41.4,,,,,,,, 
2017-01-10 00:00:00,32.996,45.4,82.9,41.8,99.9,26,41.6,,,,,,,, 
2017-01-11 00:00:00,32.970,45.2,82.3,42.0,99.9,60,41.5,,,,,,,, 
2017-01-12 00:00:00,32.834,42.2,77.5,36.9,99.9,63,41.4,,,,,,,, 
2017-01-13 00:00:00,32.733,42.1,80.1,31.2,99.9,91,41.4,,,,,,,, 
2017-01-14 00:00:00,32.980,41.5,79.9,31.2,99.9,91,41.6,,,,,,,, 
2017-01-15 00:00:00,33.279,38.5,78.0,24.6,99.3,151,41.4,,,,,,,, 
2017-01-16 00:00:00,33.248,36.8,78.6,22.9,98.9,154,41.4,,,,,,,, 
2017-01-17 00:00:00,32.974,40.5,82.1,34.5,99.9,149,41.4,,,,,,,, 
2017-01-18 00:00:00,32.619,45.1,85.4,41.6,99.9,82,41.6,,,,,,,, 
2017-01-19 00:00:00,32.590,45.6,85.1,42.1,99.9,108,41.5,,,,,,,, 
2017-01-20 00:00:00,32.478,48.6,85.3,41.4,99.9,99,41.6,,,,,,,, 
2017-01-21 00:00:00,32.411,47.0,86.1,34.4,99.9,101,41.4,,,,,,,, 
2017-01-22 00:00:00,32.448,44.4,84.4,35.0,99.9,108,41.4,,,,,,,, 
2017-01-23 00:00:00,32.390,44.3,83.3,35.9,99.9,111,41.5,,,,,,,, 
2017-01-24 00:00:00,32.322,44.1,83.0,34.0,99.9,111,41.5,,,,,,,, 
2017-01-25 00:00:00,32.306,47.2,84.7,42.8,99.9,57,41.4,,,,,,,, 
2017-01-26 00:00:00,32.262,46.5,81.8,40.1,99.9,70,41.5,,,,,,,, 
2017-01-27 00:00:00,32.164,45.1,81.4,36.4,99.9,89,41.5,,,,,,,, 
2017-01-28 00:00:00,32.128,45.3,81.5,37.8,99.9,97,41.6,,,,,,,, 
2017-01-29 00:00:00,32.221,45.0,81.7,38.0,99.9,95,41.4,,,,,,,, 
2017-01-30 00:00:00,32.172,44.4,83.7,36.5,99.9,115,41.5,,,,,,,, 
2017-01-31 00:00:00,32.142,44.9,84.2,36.2,99.9,68,51.9,,,,,,,, 
2017-02-01 00:00:00,32.041,44.8,83.5,36.4,99.9,20,41.5,,,,,,,, 
2017-02-02 00:00:00,32.087,44.7,83.8,35.9,99.9,31,41.5,,,,,,,, 
2017-02-03 00:00:00,32.117,45.1,84.5,37.6,99.9,19,41.7,,,,,,,, 
2017-02-04 00:00:00,33.093,43.1,82.0,34.7,99.9,38,41.5,,,,,,,, 
2017-02-05 00:00:00,35.860,42.5,81.2,33.9,99.9,126,41.4,,,,,,,, 
2017-02-06 00:00:00,35.884,42.5,78.8,34.7,99.9,142,41.4,,,,,,,, 
2017-02-07 00:00:00,36.150,40.8,72.1,27.8,99.9,166,41.4,,,,,,,, 
2017-02-08 00:00:00,37.819,38.4,68.4,22.7,99.9,30,41.6,,,,,,,, 
2017-02-09 00:00:00,38.033,37.5,70.0,24.1,99.9,184,41.9,,,,,,,, 
2017-02-10 00:00:00,39.094,39.0,72.6,28.2,99.9,7,41.5,,,,,,,, 
2017-02-11 00:00:00,39.322,39.9,71.7,30.1,99.9,155,41.4,,,,,,,, 
2017-02-12 00:00:00,37.575,41.4,71.5,29.2,99.9,233,41.7,,,,,,,, 
2017-02-13 00:00:00,35.042,41.7,73.1,24.1,99.9,563,41.4,,,,,,,, 
2017-02-14 00:00:00,34.715,41.2,76.2,25.3,99.9,574,41.4,,,,,,,, 
2017-02-15 00:00:00,34.285,41.6,77.5,26.8,99.9,602,41.4,,,,,,,, 
2017-02-16 00:00:00,33.931,43.7,80.8,34.1,99.9,415,41.5,,,,,,,, 
2017-02-17 00:00:00,32.471,44.3,83.3,32.9,99.9,639,41.5,,,,,,,, 
2017-02-18 00:00:00,31.721,44.8,82.4,34.2,99.9,689,41.4,,,,,,,, 
2017-02-19 00:00:00,31.292,51.7,83.0,41.3,99.9,470,41.4,,,,,,,, 
2017-02-20 00:00:00,31.089,54.5,82.6,42.7,99.9,281,41.4,,,,,,,, 
2017-02-21 00:00:00,31.042,52.2,75.9,43.1,96.9,324,41.4,,,,,,,, 
2017-02-22 00:00:00,31.040,47.7,75.6,40.6,99.9,217,41.4,,,,,,,, 
2017-02-23 00:00:00,30.962,45.6,71.6,36.3,93.9,269,41.4,,,,,,,, 
2017-02-24 00:00:00,30.839,45.1,67.8,33.2,78.1,337,41.4,,,,,,,, 
2017-02-25 00:00:00,30.840,43.4,73.9,32.7,96.7,204,41.4,,,,,,,, 
2017-02-26 00:00:00,30.876,47.8,81.5,39.8,99.9,269,41.4,,,,,,,, 
2017-02-27 00:00:00,30.931,49.1,81.6,42.0,99.9,204,41.5,,,,,,,, 
2017-02-28 00:00:00,30.991,47.0,79.4,39.9,99.9,176,41.4,,,,,,,, 
2017-03-01 00:00:00,30.938,46.9,80.2,37.0,99.9,317,41.6,,,,,,,, 
2017-03-02 00:00:00,30.949,45.4,79.9,35.1,99.9,317,41.4,,,,,,,, 
2017-03-03 00:00:00,30.858,46.8,80.2,39.8,99.9,280,41.5,,,,,,,, 
2017-03-04 00:00:00,30.819,44.2,79.0,35.5,99.9,91,41.4,,,,,,,, 
2017-03-05 00:00:00,33.870,40.6,76.1,32.5,99.9,478,41.4,,,,,,,, 
2017-03-06 00:00:00,37.120,39.3,72.8,29.0,99.9,492,41.4,,,,,,,, 
2017-03-07 00:00:00,36.664,39.4,70.2,27.0,99.0,816,41.5,,,,,,,, 
2017-03-08 00:00:00,37.262,40.9,76.0,26.4,99.9,567,41.4,,,,,,,, 
2017-03-09 00:00:00,36.962,44.3,81.4,37.8,99.9,933,41.4,,,,,,,, 
2017-03-10 00:00:00,32.879,48.4,80.6,37.5,98.8,928,,,,,,,,, 
2017-03-11 00:00:00,30.718,50.1,80.0,35.6,99.9,876,,,,,,,,, 
2017-03-12 00:00:00,30.450,47.9,80.2,36.8,99.9,632,,,,,,,,, 
2017-03-13 00:00:00,30.385,46.6,81.0,36.4,99.9,414,,,,,,,,, 
2017-03-14 00:00:00,30.383,48.6,80.4,42.7,99.9,604,,,,,,,,, 
2017-03-15 00:00:00,30.228,50.4,70.7,44.2,95.8,480,,,,,,,,, 
2017-03-16 00:00:00,30.099,50.7,76.4,44.2,99.9,342,,,,,,,,, 
2017-03-17 00:00:00,30.080,49.0,73.0,41.3,97.9,406,,,,,,,,, 
2017-03-18 00:00:00,29.975,50.5,69.6,38.7,85.3,459,,,,,,,,, 
2017-03-19 00:00:00,29.864,47.1,68.9,33.7,98.6,260,,,,,,,,, 
2017-03-20 00:00:00,29.981,47.8,76.4,39.0,99.9,303,,,,,,,,, 
2017-03-21 00:00:00,29.989,47.1,76.3,40.1,99.9,332,,,,,,,,, 
2017-03-22 00:00:00,29.941,51.3,74.2,41.6,94.3,471,,,,,,,,, 
2017-03-23 00:00:00,29.759,53.5,72.2,38.4,89.7,456,,,,,,,,, 
2017-03-24 00:00:00,29.623,52.7,70.0,41.5,91.6,394,,,,,,,,, 
2017-03-25 00:00:00,29.533,56.3,73.8,46.7,93.8,485,,,,,,,,, 
2017-03-26 00:00:00,29.403,70.4,75.3,49.5,94.1,499,,,,,,,,, 
2017-03-27 00:00:00,29.337,80.0,65.5,52.1,89.7,496,,,,,,,,, 
2017-03-28 00:00:00,29.464,70.8,62.6,41.6,99.9,335,,,,,,,,, 
2017-03-29 00:00:00,29.539,64.6,70.3,42.3,99.4,443,,,,,,,,, 
2017-03-30 00:00:00,29.581,63.2,71.9,43.7,99.9,217,,,,,,,,, 
2017-03-31 00:00:00,29.656,62.2,78.6,44.8,99.9,222,,,,,,,,, 
2017-04-01 00:00:00,29.580,65.4,81.0,48.0,99.9,567,,,,,,,,, 
2017-04-02 00:00:00,29.407,72.1,71.4,50.0,98.1,480,,,,,,,,, 
2017-04-03 00:00:00,29.263,72.3,62.3,42.7,99.9,567,,,,,,,,, 
2017-04-04 00:00:00,29.293,65.7,63.1,44.3,99.9,290,,,,,,,,, 
2017-04-05 00:00:00,29.260,66.4,56.2,46.7,87.3,557,,,,,,,,, 
2017-04-06 00:00:00,29.083,67.7,58.0,46.4,92.6,423,,,,,,,,, 
2017-04-07 00:00:00,29.072,79.8,57.9,53.8,86.2,538,,,,,,,,, 
2017-04-08 00:00:00,29.189,90.1,52.4,50.0,87.0,628,,,,,,,,, 
2017-04-09 00:00:00,29.194,82.6,52.1,48.8,96.8,639,,,,,,,,, 
2017-04-10 00:00:00,29.179,79.2,50.0,49.5,86.3,615,,,,,,,,, 
2017-04-11 00:00:00,29.022,81.1,43.2,45.4,80.1,563,,,,,,,,, 
2017-04-12 00:00:00,28.955,77.2,53.7,47.8,93.5,700,,,,,,,,, 
2017-04-13 00:00:00,28.892,73.5,56.9,46.5,95.0,625,,,,,,,,, 
2017-04-14 00:00:00,28.801,73.3,51.3,44.4,79.4,638,,,,,,,,, 
2017-04-15 00:00:00,28.644,69.3,50.7,38.7,96.9,485,,,,,,,,, 
2017-04-16 00:00:00,28.636,71.7,58.3,39.6,92.7,743,,,,,,,,, 
2017-04-17 00:00:00,30.511,66.6,61.4,35.8,99.9,390,,,,,,,,, 
2017-04-18 00:00:00,30.177,67.8,64.1,39.4,95.2,848,,,,,,,,, 
2017-04-19 00:00:00,28.457,71.2,65.1,42.0,89.3,686,,,,,,,,, 
2017-04-20 00:00:00,28.244,73.9,58.4,49.0,99.0,652,,,,,,,,, 
2017-04-21 00:00:00,28.089,73.8,51.2,48.2,81.7,677,,,,,,,,, 
2017-04-22 00:00:00,27.894,74.1,47.0,47.7,65.2,693,,,,,,,,, 
2017-04-23 00:00:00,27.725,73.8,41.1,45.7,61.6,713,,,,,,,,, 
2017-04-24 00:00:00,27.604,75.9,50.8,44.4,83.1,700,,,,,,,,, 
2017-04-25 00:00:00,27.182,83.7,51.8,41.6,83.5,564,,,,,,,,, 
2017-04-26 00:00:00,26.979,81.7,50.5,44.3,77.3,720,,,,,,,,, 
2017-04-27 00:00:00,26.779,77.1,49.3,42.5,88.0,761,,,,,,,,, 
2017-04-28 00:00:00,26.802,68.1,53.5,37.6,99.9,227,,,,,,,,, 
2017-04-29 00:00:00,26.723,71.1,51.3,45.2,91.3,665,,,,,,,,, 
2017-04-30 00:00:00,26.374,77.4,49.5,45.2,94.9,728,,,,,,,,, 
2017-05-01 00:00:00,26.217,79.0,47.5,46.7,88.9,736,,,,,,,,, 
2017-05-02 00:00:00,26.035,82.3,47.9,51.4,77.7,772,,,,,,,,, 
2017-05-03 00:00:00,25.924,84.0,50.9,53.2,71.0,810,,,,,,,,, 
2017-05-04 00:00:00,25.832,84.4,48.7,52.9,70.5,796,,,,,,,,, 
2017-05-05 00:00:00,25.858,88.8,49.5,55.5,64.8,795,,,,,,,,, 
2017-05-06 00:00:00,26.060,90.8,50.4,57.8,76.9,838,,,,,,,,, 
2017-05-07 00:00:00,26.259,89.8,50.4,51.2,96.7,830,,,,,,,,, 
2017-05-08 00:00:00,26.171,88.1,43.6,48.3,70.1,766,,,,,,,,, 
2017-05-09 00:00:00,26.069,86.0,54.2,46.9,91.9,857,,,,,,,,, 
2017-05-10 00:00:00,26.133,81.2,62.8,45.3,99.9,558,,,,,,,,, 
2017-05-11 00:00:00,26.038,80.4,60.9,45.8,99.0,755,,,,,,,,, 
2017-05-12 00:00:00,25.789,81.8,58.7,47.6,97.4,657,,,,,,,,, 
2017-05-13 00:00:00,25.630,81.2,58.3,49.4,96.3,531,,,,,,,,, 
2017-05-14 00:00:00,25.574,83.3,66.2,51.2,99.9,746,,,,,,,,, 
2017-05-15 00:00:00,25.624,89.9,60.2,58.1,91.6,843,,,,,,,,, 
2017-05-16 00:00:00,25.881,87.8,60.2,51.9,99.8,201,,,,,,,,, 
2017-05-17 00:00:00,25.887,89.7,59.6,55.0,99.9,772,,,,,,,,, 
2017-05-18 00:00:00,25.858,89.9,59.5,57.2,99.9,645,,,,,,,,, 
2017-05-19 00:00:00,25.656,90.6,62.0,55.2,99.9,726,,,,,,,,, 
2017-05-20 00:00:00,25.632,90.8,58.6,58.1,99.9,397,,,,,,,,, 
2017-05-21 00:00:00,27.250,90.4,60.2,55.5,95.7,868,,,,,,,,, 
2017-05-22 00:00:00,33.852,89.5,66.5,58.0,95.5,1014,,,,,,,,, 
2017-05-23 00:00:00,33.870,88.5,67.7,56.6,91.5,787,,,,,,,,, 
2017-05-24 00:00:00,33.871,89.4,65.5,62.3,83.4,847,,,,,,,,, 
2017-05-25 00:00:00,34.189,89.5,64.0,65.4,75.9,982,,,,,,,,, 
2017-05-27 00:00:00,34.355,91.8,61.2,72.6,78.5,986,,,,,,,,, 
2017-05-28 00:00:00,34.204,86.1,66.8,60.2,99.5,462,,,,,,,,, 
2017-05-29 00:00:00,34.104,86.4,68.1,59.7,99.4,809,,,,,,,,, 
2017-05-30 00:00:00,34.026,86.0,68.1,63.4,88.9,682,,,,,,,,, 
2017-05-31 00:00:00,34.069,85.4,66.1,61.6,80.9,788,,,,,,,,, 
2017-06-01 00:00:00,33.932,85.9,64.2,62.5,57.6,807,,,,,,,,, 
2017-06-02 00:00:00,33.883,81.4,68.5,54.9,88.8,361,,,,,,,,, 
2017-06-03 00:00:00,33.810,82.9,72.3,56.0,99.7,669,,,,,,,,, 
2017-06-04 00:00:00,33.745,86.3,69.6,61.2,95.0,683,,,,,,,,, 
2017-06-05 00:00:00,33.818,84.6,69.1,59.1,91.3,777,,,,,,,,, 
2017-06-06 00:00:00,34.116,86.5,70.4,61.1,98.0,694,,,,,,,,, 
2017-06-07 00:00:00,34.250,81.9,76.0,56.4,99.9,373,,,,,,,,, 
2017-06-08 00:00:00,33.684,85.7,72.6,57.9,96.8,768,,,,,,,,, 
2017-06-09 00:00:00,32.639,83.0,70.9,56.9,99.9,273,,,,,,,,, 
2017-06-10 00:00:00,32.790,85.7,71.3,61.8,98.2,853,,,,,,,,, 
2017-06-11 00:00:00,32.974,82.9,72.7,59.8,99.9,576,,,,,,,,, 
2017-06-12 00:00:00,32.883,82.6,74.3,60.2,97.3,716,,,,,,,,, 
2017-06-13 00:00:00,31.635,89.7,72.0,67.0,80.6,1326,,,,,,,,, 
2017-06-20 00:00:00,32.844,83.5,66.7,63.1,71.1,903,,,,,,,,, 
2017-06-21 00:00:00,32.348,85.0,66.5,62.0,75.1,778,,,,,,,,, 
2017-06-22 00:00:00,32.133,86.7,64.4,62.3,91.1,715,,,,,,,,, 
2017-06-23 00:00:00,32.114,85.1,69.7,59.5,99.9,0,,,,,,,,, 
2017-06-25 00:00:00,31.276,83.0,65.5,59.5,88.3,827,,,,,,,,, 
2017-06-26 00:00:00,31.208,84.6,65.1,61.4,74.0,745,,,,,,,,, 
2017-06-27 00:00:00,31.184,85.5,64.1,59.5,71.1,776,,,,,,,,, 
2017-06-28 00:00:00,30.955,85.3,66.4,60.4,82.6,808,,,,,,,,, 
2017-06-29 00:00:00,30.752,80.3,70.2,61.4,84.8,462,,,,,,,,, 
2017-06-30 00:00:00,30.221,86.0,65.0,68.7,59.4,786,,,,,,,,, 
2017-07-01 00:00:00,29.716,88.8,65.1,67.8,73.9,797,,,,,,,,, 
2017-07-02 00:00:00,29.542,85.2,66.5,63.5,74.1,766,,,,,,,,, 
2017-07-03 00:00:00,29.379,81.9,66.5,60.8,74.7,764,,,,,,,,, 
2017-07-04 00:00:00,29.202,84.3,67.9,62.1,80.4,780,,,,,,,,, 
2017-07-05 00:00:00,29.067,85.4,68.1,62.8,78.7,754,,,,,,,,, 
2017-07-06 00:00:00,29.036,84.7,69.4,62.4,82.8,943,,,,,,,,, 
2017-07-07 00:00:00,29.056,81.6,70.2,61.0,89.5,679,,,,,,,,, 
2017-07-08 00:00:00,28.332,87.2,68.5,67.9,76.3,829,,,,,,,,, 
2017-07-09 00:00:00,27.179,86.1,66.3,62.7,77.8,951,,,,,,,,, 
2017-07-10 00:00:00,27.373,81.9,72.8,61.0,99.7,321,,,,,,,,, 
2017-07-11 00:00:00,27.495,82.5,76.3,61.8,99.2,665,,,,,,,,, 
2017-07-12 00:00:00,27.257,84.7,75.2,64.1,71.0,788,,,,,,,,, 
2017-07-13 00:00:00,27.230,84.1,73.1,64.8,57.9,786,,,,,,,,, 
2017-07-14 00:00:00,27.680,82.0,72.9,63.5,73.9,845,,,,,,,,, 
2017-07-15 00:00:00,28.848,84.4,72.3,64.2,85.3,785,,,,,,,,, 
2017-07-16 00:00:00,29.346,82.8,73.6,65.5,82.6,771,,,,,,,,, 
2017-07-17 00:00:00,29.504,78.4,75.0,59.8,80.8,787,,,,,,,,, 
2017-08-22 00:00:00,39.715,86.4,68.5,55.3,99.9,0,,,,,,,,, 
2017-08-23 00:00:00,40.042,86.0,67.4,60.3,99.3,515,,,,,,,,, 
2017-08-24 00:00:00,40.889,79.8,70.6,58.5,99.9,345,,,,,,,,, 
2017-08-25 00:00:00,41.135,83.4,72.7,63.2,99.9,506,,,,,,,,, 
2017-08-26 00:00:00,42.252,82.3,72.0,59.5,99.9,477,,,,,,,,, 
2017-08-27 00:00:00,43.025,85.0,70.1,61.7,99.8,550,,,,,,,,, 
2017-08-28 00:00:00,44.597,84.7,66.5,60.1,99.9,426,,,,,,,,, 
2017-08-29 00:00:00,44.635,81.3,68.4,63.7,99.9,351,,,,,,,,, 
2017-08-30 00:00:00,44.556,80.6,68.1,58.2,99.9,491,,,,,,,,, 
2017-08-31 00:00:00,44.598,77.2,69.1,58.0,99.9,462,,,,,,,,, 
2017-09-03 00:00:00,46.375,80.2,66.8,58.0,99.9,450,,,,,,,,, 
2017-09-04 00:00:00,46.233,75.8,67.5,56.0,99.9,346,,,,,,,,, 
2017-09-05 00:00:00,45.917,74.2,71.3,57.6,99.9,508,,,,,,,,, 
2017-09-12 00:00:00,22.953,82.1,68.8,54.5,99.9,2,,,,,,,,, 
2017-09-13 00:00:00,22.764,77.0,71.8,53.9,99.9,390,,,,,,,,, 
2017-09-14 00:00:00,22.437,75.9,73.7,54.0,99.9,339,,,,,,,,, 
2017-09-15 00:00:00,22.066,75.2,74.7,54.2,99.9,380,,,,,,,,, 
2017-09-16 00:00:00,21.846,73.8,75.1,54.2,99.9,403,,,,,,,,, 
2017-09-17 00:00:00,21.930,73.9,75.2,54.2,99.9,355,,,,,,,,, 
2017-09-18 00:00:00,21.822,73.9,74.5,56.6,99.9,363,,,,,,,,, 
2017-09-19 00:00:00,21.850,69.5,76.2,54.7,99.9,265,,,,,,,,, 
2017-09-20 00:00:00,21.756,67.6,76.4,55.4,99.9,334,,,,,,,,, 
2017-09-21 00:00:00,21.734,64.5,79.1,53.5,99.9,156,,,,,,,,, 
2017-09-22 00:00:00,21.630,65.0,78.9,55.0,99.9,279,,,,,,,,, 
2017-09-23 00:00:00,21.362,72.2,77.2,56.3,99.9,270,,,,,,,,, 
2017-09-24 00:00:00,28.953,76.8,70.5,57.5,99.9,75,,,,,,,,, 
2017-09-25 00:00:00,33.796,81.6,66.0,58.0,99.9,168,,,,,,,,, 
2017-09-26 00:00:00,32.804,84.0,65.1,56.9,99.9,53,,,,,,,,, 
2017-09-27 00:00:00,31.613,85.8,62.6,58.2,99.9,59,,,,,,,,, 
2017-09-28 00:00:00,33.866,82.2,62.4,58.2,99.9,151,,,,,,,,, 
2017-09-29 00:00:00,41.235,87.4,64.8,57.2,99.9,35,,,,,,,,, 
2017-09-30 00:00:00,40.317,88.1,63.2,56.0,99.9,24,,,,,,,,, 
2017-10-01 00:00:00,39.148,90.9,62.3,57.6,99.9,297,,,,,,,,, 
2017-10-02 00:00:00,37.942,87.5,59.4,56.1,99.9,283,,,,,,,,, 
2017-10-03 00:00:00,38.033,76.2,63.1,54.7,99.9,328,,,,,,,,, 
2017-10-04 00:00:00,39.608,79.0,60.4,50.7,99.9,284,,,,,,,,, 
2017-10-05 00:00:00,38.949,75.9,60.9,49.2,99.7,306,,,,,,,,, 
2017-10-06 00:00:00,38.420,75.9,63.6,53.0,97.5,305,,,,,,,,, 
2017-10-07 00:00:00,38.132,68.4,63.5,48.1,99.9,231,,,,,,,,, 
2017-10-08 00:00:00,38.060,62.2,67.1,46.0,95.4,302,,,,,,,,, 
2017-10-09 00:00:00,37.919,60.7,69.6,44.5,99.8,301,,,,,,,,, 
2017-10-10 00:00:00,37.888,54.8,71.9,43.2,99.9,136,,,,,,,,, 
2017-10-11 00:00:00,37.957,55.7,74.0,49.3,99.9,96,,,,,,,,, 
2017-10-12 00:00:00,37.987,60.5,74.9,51.3,99.9,284,,,,,,,,, 
2017-10-13 00:00:00,37.852,57.0,75.2,49.1,99.9,137,,,,,,,,, 
2017-10-14 00:00:00,37.853,65.2,76.2,56.2,99.9,264,,,,,,,,, 
2017-10-15 00:00:00,37.690,63.8,75.7,52.8,99.9,83,,,,,,,,, 
2017-10-16 00:00:00,37.679,65.0,75.4,54.8,99.9,206,,,,,,,,, 
2017-10-17 00:00:00,37.009,65.2,75.1,54.2,99.9,139,,,,,,,,, 
2017-10-18 00:00:00,35.297,60.8,74.1,48.8,99.9,251,,,,,,,,, 
2017-10-19 00:00:00,35.202,56.6,76.1,46.4,99.9,154,,,,,,,,, 
2017-10-20 00:00:00,35.391,57.6,78.2,51.1,99.9,21,,,,,,,,, 
2017-10-21 00:00:00,35.439,57.3,78.8,51.1,99.9,24,,,,,,,,, 
2017-10-22 00:00:00,35.456,58.0,79.8,50.6,99.9,96,,,,,,,,, 
2017-10-23 00:00:00,35.490,53.1,79.1,43.1,99.9,87,,,,,,,,, 
2017-10-24 00:00:00,35.382,56.3,80.4,50.9,99.9,40,,,,,,,,, 
2017-10-25 00:00:00,35.293,62.1,81.5,50.3,99.9,154,,,,,,,,, 
2017-10-26 00:00:00,35.152,65.1,79.5,47.4,99.9,214,,,,,,,,, 
2017-10-27 00:00:00,35.016,60.2,78.4,46.4,99.9,196,,,,,,,,, 
2017-10-28 00:00:00,34.878,58.8,79.6,50.1,99.9,167,,,,,,,,, 
2017-10-29 00:00:00,34.771,55.5,77.7,46.3,86.7,205,,,,,,,,, 
2017-10-30 00:00:00,34.571,53.5,76.9,42.1,84.9,175,,,,,,,,, 
2017-10-31 00:00:00,34.426,54.3,79.4,45.3,99.9,148,,,,,,,,, 
2017-11-01 00:00:00,34.391,61.3,81.5,51.0,99.9,136,,,,,,,,, 
2017-11-02 00:00:00,34.302,64.4,80.1,49.3,99.9,198,,,,,,,,, 
2017-11-03 00:00:00,34.159,59.3,78.9,43.8,99.9,136,,,,,,,,, 
2017-11-04 00:00:00,34.177,54.9,81.1,46.9,99.9,79,,,,,,,,, 
2017-11-05 00:00:00,34.285,53.6,82.1,46.3,99.9,145,,,,,,,,, 
2017-11-06 00:00:00,34.138,50.9,81.4,39.3,99.9,163,,,,,,,,, 
2017-11-07 00:00:00,34.057,50.0,81.6,42.1,99.9,112,,,,,,,,, 
2017-11-08 00:00:00,34.027,52.1,82.3,44.9,99.9,143,,,,,,,,, 
2017-11-09 00:00:00,33.985,52.6,81.2,46.6,99.9,97,,,,,,,,, 
2017-11-10 00:00:00,33.938,49.6,80.9,40.4,99.9,121,,,,,,,,, 
2017-11-11 00:00:00,33.851,49.1,78.5,39.1,99.9,122,,,,,,,,, 
2017-11-12 00:00:00,33.779,47.9,78.5,36.4,99.9,118,,,,,,,,, 
2017-11-13 00:00:00,33.692,48.2,78.6,36.1,99.9,106,,,,,,,,, 
2017-11-14 00:00:00,33.677,47.2,79.6,36.7,99.9,99,,,,,,,,, 
2017-11-15 00:00:00,33.686,46.9,80.5,38.7,99.9,102,,,,,,,,, 
2017-11-16 00:00:00,33.630,47.7,80.6,39.9,99.9,46,,,,,,,,, 
2017-11-17 00:00:00,33.620,47.8,78.6,40.7,99.9,91,,,,,,,,, 
2017-11-18 00:00:00,33.592,46.7,78.7,37.7,99.9,78,,,,,,,,, 
2017-11-19 00:00:00,33.507,45.7,79.1,33.2,99.9,88,,,,,,,,, 
2017-11-20 00:00:00,33.438,44.9,79.2,32.0,99.9,100,,,,,,,,, 
2017-11-21 00:00:00,33.744,44.9,77.5,32.5,99.9,58,,,,,,,,, 
2017-11-22 00:00:00,34.850,45.5,76.0,36.5,99.9,42,,,,,,,,, 
2017-11-23 00:00:00,33.488,50.8,79.7,47.3,99.9,16,,,,,,,,, 
2017-11-24 00:00:00,33.455,46.1,78.6,37.3,99.9,67,,,,,,,,, 
2017-11-25 00:00:00,33.449,44.8,78.8,35.0,99.9,68,,,,,,,,, 
2017-11-26 00:00:00,33.419,45.5,80.2,37.1,99.9,72,,,,,,,,, 
2017-11-27 00:00:00,33.438,44.3,79.8,34.0,99.9,43,,,,,,,,, 
2017-11-28 00:00:00,33.371,44.8,78.0,34.7,99.9,87,,,,,,,,, 
2017-11-29 00:00:00,33.261,45.5,77.7,33.9,99.9,64,,,,,,,,, 
2017-11-30 00:00:00,33.147,44.0,76.3,31.2,99.9,69,,,,,,,,, 
2017-12-01 00:00:00,33.088,44.2,75.7,30.7,99.9,77,,,,,,,,, 
2017-12-02 00:00:00,32.957,46.8,79.5,41.5,99.9,0,,,,,,,,, 
2017-12-03 00:00:00,33.242,47.9,77.9,37.4,99.9,56,,,,,,,,, 
2017-12-04 00:00:00,33.484,49.3,76.2,35.8,99.9,69,,,,,,,,, 
2017-12-05 00:00:00,33.280,52.7,79.1,44.4,99.9,56,,,,,,,,, 
2017-12-06 00:00:00,33.113,56.6,80.5,46.4,99.9,59,,,,,,,,, 
2017-12-07 00:00:00,33.054,55.1,76.5,46.5,99.9,23,,,,,,,,, 
2017-12-08 00:00:00,32.938,49.0,69.0,39.8,99.9,55,,,,,,,,, 
2017-12-09 00:00:00,32.773,48.0,66.3,37.3,99.9,59,,,,,,,,, 
2017-12-10 00:00:00,32.777,46.0,75.5,29.0,99.9,55,,,,,,,,, 
2017-12-11 00:00:00,33.897,46.0,73.6,30.9,99.9,131,,,,,,,,, 
2017-12-12 00:00:00,34.188,46.2,73.6,27.2,99.9,110,,,,,,,,, 
2017-12-13 00:00:00,34.128,47.2,78.5,33.6,99.9,42,,,,,,,,, 
2017-12-14 00:00:00,33.370,47.6,77.8,35.2,99.9,37,,,,,,,,, 
2017-12-15 00:00:00,33.708,46.7,79.2,30.6,99.9,60,,,,,,,,, 
2017-12-16 00:00:00,33.740,43.9,76.8,27.1,99.9,65,,,,,,,,, 
2017-12-17 00:00:00,33.599,43.8,78.0,26.1,99.9,80,,,,,,,,, 
2017-12-18 00:00:00,33.675,47.3,81.5,33.3,99.9,63,,,,,,,,, 
2017-12-19 00:00:00,33.592,47.5,82.4,32.8,99.9,64,,,,,,,,, 
2017-12-20 00:00:00,32.616,49.4,83.6,39.7,99.9,42,,,,,,,,, 
2017-12-21 00:00:00,32.166,48.2,83.2,36.1,99.9,48,,,,,,,,, 
2017-12-22 00:00:00,32.103,48.3,82.1,38.8,99.9,40,,,,,,,,, 
2017-12-23 00:00:00,31.890,53.8,80.6,49.4,99.9,55,,,,,,,,, 
2017-12-24 00:00:00,31.658,53.7,82.1,41.5,99.9,29,,,,,,,,, 
2017-12-25 00:00:00,31.644,51.4,83.5,44.2,99.9,51,,,,,,,,, 
2017-12-26 00:00:00,31.730,48.9,80.2,42.5,99.9,19,,,,,,,,, 
2017-12-27 00:00:00,31.694,45.8,79.0,36.5,99.9,49,,,,,,,,, 
2017-12-28 00:00:00,31.970,45.0,82.3,34.4,99.9,53,,,,,,,,, 
2017-12-29 00:00:00,31.983,42.3,81.9,29.4,99.9,48,,,,,,,,, 
2017-12-30 00:00:00,32.380,41.9,82.5,30.8,99.9,41,,,,,,,,, 
2017-12-31 00:00:00,34.329,43.0,83.3,34.3,99.9,24,,,,,,,,, 
2018-01-01 00:00:00,32.326,44.4,85.1,38.4,99.9,68,,,,,,,,, 
2018-01-02 00:00:00,31.730,43.0,84.4,34.4,99.9,56,,,,,,,,, 
2018-01-03 00:00:00,32.260,43.6,83.4,37.0,99.9,17,,,,,,,,, 
2018-01-04 00:00:00,34.086,43.3,81.5,34.9,99.9,60,,,,,,,,, 
2018-01-05 00:00:00,32.688,43.1,80.3,34.1,99.9,65,,,,,,,,, 
2018-01-06 00:00:00,32.192,41.9,79.8,30.2,99.9,64,,,,,,,,, 
2018-01-07 00:00:00,32.125,39.4,79.8,27.7,99.9,92,,,,,,,,, 
2018-01-08 00:00:00,32.097,41.3,81.3,31.7,99.9,75,,,,,,,,, 
2018-01-09 00:00:00,32.026,41.0,80.9,31.7,99.9,60,,,,,,,,, 
2018-01-10 00:00:00,32.600,41.2,76.3,33.2,99.9,28,,,,,,,,, 
2018-01-11 00:00:00,34.391,42.8,79.1,33.7,99.9,127,,,,,,,,, 
2018-01-12 00:00:00,34.408,42.6,77.0,31.2,99.9,114,,,,,,,,, 
2018-01-13 00:00:00,35.108,42.9,77.8,33.6,99.9,118,,,,,,,,, 
2018-01-14 00:00:00,35.420,42.8,76.2,34.1,99.9,34,,,,,,,,, 
2018-01-15 00:00:00,34.931,41.6,76.3,35.1,99.9,24,,,,,,,,, 
2018-01-16 00:00:00,32.231,42.6,80.8,34.3,99.9,103,,,,,,,,, 
2018-01-17 00:00:00,32.476,42.3,81.3,29.7,99.9,155,,,,,,,,, 
2018-01-18 00:00:00,34.234,41.8,79.9,29.2,99.9,193,,,,,,,,, 
2018-01-19 00:00:00,36.117,43.3,80.1,31.9,99.9,224,,,,,,,,, 
2018-01-20 00:00:00,36.511,43.5,81.8,34.8,99.9,137,,,,,,,,, 
2018-01-21 00:00:00,35.961,43.2,80.7,32.2,99.9,245,,,,,,,,, 
2018-01-22 00:00:00,36.557,43.8,81.2,34.6,99.9,113,,,,,,,,, 
2018-01-23 00:00:00,34.584,43.9,82.2,37.1,99.9,51,,,,,,,,, 
2018-01-24 00:00:00,31.230,45.8,84.6,42.0,99.9,25,,,,,,,,, 
2018-01-25 00:00:00,31.206,45.4,83.4,39.6,99.9,95,,,,,,,,, 
2018-01-26 00:00:00,31.180,44.3,83.7,34.1,99.9,102,,,,,,,,, 
2018-01-27 00:00:00,31.148,43.3,82.4,31.5,99.9,74,,,,,,,,, 
2018-01-28 00:00:00,31.131,45.8,82.3,40.2,99.9,100,,,,,,,,, 
2018-01-29 00:00:00,31.097,45.9,82.7,37.3,99.9,98,,,,,,,,, 
2018-01-30 00:00:00,31.078,45.3,82.0,36.0,99.9,125,,,,,,,,, 
2018-01-31 00:00:00,31.089,45.7,82.6,38.4,99.9,40,,,,,,,,, 
2018-02-01 00:00:00,31.129,44.4,83.3,34.1,99.9,100,,,,,,,,, 
2018-02-02 00:00:00,31.099,42.4,76.5,28.1,99.9,145,,,,,,,,, 
2018-02-03 00:00:00,30.934,39.7,73.5,24.5,99.9,150,,,,,,,,, 
2018-02-04 00:00:00,30.822,39.2,71.3,24.7,97.3,169,,,,,,,,, 
2018-02-05 00:00:00,30.710,40.2,75.3,23.6,99.8,184,,,,,,,,, 
2018-02-06 00:00:00,30.668,40.3,77.6,22.9,99.9,185,,,,,,,,, 
2018-02-07 00:00:00,30.618,42.4,78.3,28.5,99.9,139,,,,,,,,, 
2018-02-08 00:00:00,30.614,43.4,79.5,31.7,99.9,152,,,,,,,,, 
2018-02-09 00:00:00,35.106,44.8,81.5,34.1,99.9,81,,,,,,,,, 
2018-02-10 00:00:00,40.141,44.4,81.9,34.1,99.9,89,,,,,,,,, 
2018-02-11 00:00:00,39.319,43.7,80.8,34.8,99.9,83,,,,,,,,, 
2018-02-12 00:00:00,39.892,45.2,78.0,33.7,99.9,397,,,,,,,,, 
2018-02-13 00:00:00,39.203,45.5,80.5,31.7,99.9,434,,,,,,,,, 
2018-02-14 00:00:00,37.297,45.2,81.4,36.2,99.9,408,,,,,,,,, 
2018-02-15 00:00:00,36.423,44.1,78.2,34.7,99.9,109,,,,,,,,, 
2018-02-16 00:00:00,38.714,45.5,81.1,33.3,99.9,405,,,,,,,,, 
2018-02-17 00:00:00,37.911,45.5,81.3,29.0,99.9,540,,,,,,,,, 
2018-02-18 00:00:00,36.444,45.6,83.1,35.0,99.9,425,,,,,,,,, 
2018-02-19 00:00:00,34.870,45.2,82.2,33.7,99.9,339,,,,,,,,, 
2018-02-20 00:00:00,35.309,44.8,78.7,31.0,99.9,235,,,,,,,,, 
2018-02-21 00:00:00,35.334,45.3,80.6,32.2,99.9,418,,,,,,,,, 
2018-02-22 00:00:00,34.680,45.9,80.7,32.5,99.9,286,,,,,,,,, 
2018-02-23 00:00:00,34.334,46.1,80.5,30.5,99.9,499,,,,,,,,, 
2018-02-24 00:00:00,34.238,46.1,79.4,31.7,99.9,571,,,,,,,,, 
2018-02-25 00:00:00,34.148,45.1,78.0,26.9,99.9,439,,,,,,,,, 
2018-02-26 00:00:00,34.113,43.0,72.9,21.7,96.5,499,,,,,,,,, 
2018-02-27 00:00:00,34.009,39.0,65.0,19.9,97.0,386,,,,,,,,, 
2018-02-28 00:00:00,36.116,39.0,66.4,14.3,99.9,134,,,,,,,,, 
2018-03-01 00:00:00,39.284,41.3,71.0,16.0,99.9,5,,,,,,,,, 
2018-03-02 00:00:00,38.876,41.5,65.1,21.9,99.9,12,,,,,,,,, 
2018-03-03 00:00:00,38.367,43.2,65.3,25.5,99.9,13,,,,,,,,, 
2018-03-04 00:00:00,38.502,45.6,68.8,27.5,99.9,14,,,,,,,,, 
2018-03-05 00:00:00,38.999,44.9,68.1,29.2,99.9,10,,,,,,,,, 
2018-03-06 00:00:00,39.276,46.0,68.4,27.9,99.9,16,,,,,,,,, 
2018-03-07 00:00:00,39.109,46.5,70.2,31.4,99.9,14,,,,,,,,, 
2018-03-08 00:00:00,39.413,47.8,71.7,31.3,99.9,33,,,,,,,,, 
2018-03-09 00:00:00,38.972,48.6,77.2,30.1,99.9,40,,,,,,,,, 
2018-03-10 00:00:00,37.626,47.6,77.4,29.7,99.9,104,,,,,,,,, 
2018-03-11 00:00:00,37.775,46.8,72.5,30.3,99.9,19,,,,,,,,, 
2018-03-12 00:00:00,39.147,48.5,77.1,32.9,99.9,35,,,,,,,,, 
2018-03-13 00:00:00,34.881,49.9,77.5,35.7,99.9,178,,,,,,,,, 
2018-03-14 00:00:00,29.476,50.1,74.8,32.6,99.9,225,,,,,,,,, 
2018-03-15 00:00:00,29.615,47.0,72.8,30.2,99.9,442,,,,,,,,, 
2018-03-16 00:00:00,29.780,44.2,60.9,27.2,97.0,440,,,,,,,,, 
2018-03-17 00:00:00,29.779,43.9,59.2,25.0,92.2,416,,,,,,,,, 
2018-03-18 00:00:00,29.569,48.6,66.6,25.6,85.2,316,,,,,,,,, 
2018-03-19 00:00:00,29.239,48.3,73.5,29.1,98.2,669,,,,,,,,, 
2018-03-20 00:00:00,28.988,50.4,73.9,34.2,88.8,461,,,,,,,,, 
2018-03-21 00:00:00,28.782,49.4,76.4,35.5,97.2,836,,,,,,,,, 
2018-03-22 00:00:00,28.705,49.5,79.3,34.9,99.9,691,,,,,,,,, 
2018-03-23 00:00:00,28.708,48.9,81.9,36.1,99.9,565,,,,,,,,, 
2018-03-24 00:00:00,28.816,54.9,82.9,40.2,99.9,1037,,,,,,,,, 
2018-03-25 00:00:00,28.561,59.2,79.3,39.1,99.8,894,,,,,,,,, 
2018-03-26 00:00:00,28.305,50.7,74.2,33.4,99.9,703,,,,,,,,, 
2018-03-27 00:00:00,28.281,46.6,66.0,32.9,90.7,1101,,,,,,,,, 
2018-03-28 00:00:00,28.330,47.6,65.8,33.2,85.5,1000,,,,,,,,, 
2018-03-29 00:00:00,28.535,45.3,66.2,32.5,88.0,1096,,,,,,,,, 
2018-03-30 00:00:00,28.497,47.1,71.9,31.8,81.7,1062,,,,,,,,, 
2018-03-31 00:00:00,28.514,56.4,71.1,33.0,71.1,1071,,,,,,,,, 
2018-04-01 00:00:00,28.503,58.0,76.4,34.7,77.3,931,,,,,,,,, 
2018-04-02 00:00:00,28.433,54.7,76.6,33.7,76.5,887,,,,,,,,, 
2018-04-03 00:00:00,28.853,49.3,76.7,33.3,98.7,469,,,,,,,,, 
2018-04-04 00:00:00,28.968,50.0,80.8,38.3,99.9,809,,,,,,,,, 
2018-04-05 00:00:00,28.657,50.7,81.7,39.6,99.9,727,,,,,,,,, 
2018-04-06 00:00:00,28.605,56.2,79.2,41.0,85.0,839,,,,,,,,, 
2018-04-07 00:00:00,28.394,60.2,79.4,40.3,98.9,771,,,,,,,,, 
2018-04-08 00:00:00,28.369,56.5,81.8,40.5,99.9,325,,,,,,,,, 
2018-04-09 00:00:00,28.361,64.6,78.5,44.3,99.6,565,,,,,,,,, 
2018-04-10 00:00:00,28.193,61.1,66.3,42.2,83.7,662,,,,,,,,, 
2018-04-11 00:00:00,28.109,57.2,68.6,44.7,53.3,628,,,,,,,,, 
2018-04-12 00:00:00,27.959,55.0,65.4,45.6,43.4,624,,,,,,,,, 
2018-04-13 00:00:00,27.856,54.5,61.4,48.5,40.9,492,,,,,,,,, 
2018-04-14 00:00:00,27.532,62.6,67.6,53.2,42.3,697,,,,,,,,, 
2018-04-15 00:00:00,27.333,67.2,71.9,51.8,72.9,618,,,,,,,,, 
2018-04-16 00:00:00,27.363,63.2,76.1,46.5,99.9,416,,,,,,,,, 
2018-04-17 00:00:00,27.517,61.5,80.0,47.6,99.9,538,,,,,,,,, 
2018-04-18 00:00:00,27.440,66.1,79.3,51.4,99.2,656,,,,,,,,, 
2018-04-19 00:00:00,27.071,71.9,73.0,51.4,99.7,725,,,,,,,,, 
2018-04-20 00:00:00,26.993,74.9,69.2,52.3,93.3,689,,,,,,,,, 
2018-04-21 00:00:00,26.903,76.1,64.2,53.7,69.0,657,,,,,,,,, 
2018-04-22 00:00:00,26.832,73.1,64.5,46.3,84.1,606,,,,,,,,, 
2018-04-23 00:00:00,27.232,68.9,66.9,47.8,99.9,656,,,,,,,,, 
2018-04-24 00:00:00,27.271,67.9,69.6,48.1,99.2,507,,,,,,,,, 
2018-04-25 00:00:00,26.963,71.1,66.7,49.4,82.3,669,,,,,,,,, 
2018-04-26 00:00:00,26.695,72.5,67.1,47.9,94.4,752,,,,,,,,, 
2018-04-27 00:00:00,26.654,73.1,68.0,47.8,89.9,639,,,,,,,,, 
2018-04-28 00:00:00,26.617,74.7,67.2,48.7,73.3,729,,,,,,,,, 
2018-04-29 00:00:00,26.542,74.8,67.6,46.3,95.3,752,,,,,,,,, 
2018-04-30 00:00:00,26.694,71.3,68.1,44.7,97.1,399,,,,,,,,, 
2018-05-01 00:00:00,27.148,69.0,69.4,42.2,99.9,239,,,,,,,,, 
2018-05-02 00:00:00,26.991,73.1,70.9,48.1,99.9,745,,,,,,,,, 
2018-05-03 00:00:00,26.805,73.9,71.2,50.5,87.8,678,,,,,,,,, 
2018-05-04 00:00:00,26.334,74.9,70.9,47.5,99.4,729,,,,,,,,, 
2018-05-05 00:00:00,26.248,79.5,71.9,55.1,97.5,907,,,,,,,,, 
2018-05-06 00:00:00,25.656,82.5,63.7,57.5,78.8,823,,,,,,,,, 
2018-05-07 00:00:00,25.105,84.2,60.9,55.5,91.8,806,,,,,,,,, 
2018-05-08 00:00:00,25.227,84.8,61.1,58.0,88.6,799,,,,,,,,, 
2018-05-09 00:00:00,25.352,86.0,61.9,59.6,91.7,805,,,,,,,,, 
2018-05-10 00:00:00,25.752,84.5,62.8,57.6,94.7,502,,,,,,,,, 
2018-05-11 00:00:00,25.951,84.6,64.4,58.9,91.9,724,,,,,,,,, 
2018-05-12 00:00:00,28.699,86.3,63.8,55.9,92.2,824,,,,,,,,, 
2018-05-13 00:00:00,32.527,87.7,61.9,60.5,93.1,749,,,,,,,,, 
2018-05-14 00:00:00,32.985,88.8,61.1,64.9,75.8,750,,,,,,,,, 
2018-05-15 00:00:00,33.475,88.5,60.4,65.3,73.2,786,,,,,,,,, 
2018-05-16 00:00:00,34.114,88.8,57.8,67.6,69.1,734,,,,,,,,, 
2018-05-17 00:00:00,34.455,86.4,56.9,61.4,53.3,740,,,,,,,,, 
2018-05-18 00:00:00,34.679,86.2,59.0,60.0,50.1,696,,,,,,,,, 
2018-05-19 00:00:00,34.899,86.3,59.8,59.2,58.0,735,,,,,,,,, 
2018-05-20 00:00:00,34.989,86.4,58.2,61.3,71.7,717,,,,,,,,, 
2018-05-21 00:00:00,35.484,86.8,60.3,61.8,87.1,757,,,,,,,,, 
2018-05-22 00:00:00,35.934,86.9,58.4,64.9,63.9,760,,,,,,,,, 
2018-05-23 00:00:00,36.450,85.9,58.0,63.5,75.6,732,,,,,,,,, 
2018-05-24 00:00:00,37.023,85.5,57.7,64.1,69.5,731,,,,,,,,, 
2018-05-25 00:00:00,37.630,87.0,55.3,69.0,60.4,761,,,,,,,,, 
2018-05-26 00:00:00,38.091,87.4,51.8,69.9,51.4,773,,,,,,,,, 
2018-05-27 00:00:00,38.328,87.4,52.3,69.6,70.2,776,,,,,,,,, 
2018-05-28 00:00:00,38.603,83.2,55.8,64.5,85.6,624,,,,,,,,, 
2018-05-29 00:00:00,38.458,86.7,53.8,66.8,84.6,1025,,,,,,,,, 
2018-05-30 00:00:00,46.412,92.7,61.9,77.2,56.9,1221,,,,,,,,, 
2018-05-31 00:00:00,46.861,86.8,66.0,72.4,67.2,904,,,,,,,,, 
2018-06-01 00:00:00,47.713,85.3,66.0,69.7,55.2,343,,,,,,,,, 
2018-06-02 00:00:00,47.992,86.3,67.4,71.7,84.2,848,,,,,,,,, 
2018-06-03 00:00:00,48.816,87.8,67.3,75.9,64.9,788,,,,,,,,, 
2018-06-04 00:00:00,49.630,86.8,64.5,73.5,50.0,817,,,,,,,,, 
2018-06-05 00:00:00,49.706,80.4,60.1,63.1,29.7,931,,,,,,,,, 
2018-06-06 00:00:00,49.604,82.3,61.3,63.7,52.0,898,,,,,,,,, 
2018-06-07 00:00:00,48.762,85.0,60.8,70.8,45.6,1092,,,,,,,,, 
2018-06-08 00:00:00,48.160,86.0,63.4,68.6,50.8,574,,,,,,,,, 
2018-06-09 00:00:00,47.984,86.6,64.2,70.0,65.0,1099,,,,,,,,, 
2018-06-10 00:00:00,48.213,86.1,66.6,64.4,90.0,970,,,,,,,,, 
2018-06-11 00:00:00,48.024,84.1,67.6,63.8,86.2,1117,,,,,,,,, 
2018-06-12 00:00:00,47.640,86.8,66.1,65.7,72.8,1162,,,,,,,,, 
2018-06-13 00:00:00,47.280,87.5,62.7,64.7,68.6,568,,,,,,,,, 
2018-06-14 00:00:00,47.358,80.8,66.4,57.6,97.0,476,,,,,,,,, 
2018-06-15 00:00:00,47.184,81.5,67.2,59.8,70.9,1077,,,,,,,,, 
2018-06-16 00:00:00,46.800,82.8,67.2,58.9,71.0,923,,,,,,,,, 
2018-06-17 00:00:00,47.064,79.9,71.5,57.6,99.9,811,,,,,,,,, 
2018-06-18 00:00:00,46.734,78.1,73.6,56.5,99.9,844,,,,,,,,, 
2018-06-19 00:00:00,45.917,81.9,67.3,60.0,50.4,1089,,,,,,,,, 
2018-06-20 00:00:00,45.944,77.9,69.4,52.4,95.3,519,,,,,,,,, 
2018-06-21 00:00:00,45.613,76.9,70.9,56.5,56.3,985,,,,,,,,, 
2018-06-22 00:00:00,44.577,82.9,65.5,61.6,21.8,966,,,,,,,,, 
2018-06-23 00:00:00,43.954,86.4,61.0,65.2,6.9,1212,,,,,,,,, 
2018-06-24 00:00:00,42.898,86.8,60.7,65.6,20.7,1278,,,,,,,,, 
2018-06-25 00:00:00,42.188,88.8,60.5,71.1,48.1,1105,,,,,,,,, 
2018-06-26 00:00:00,38.688,88.7,61.5,69.7,63.6,1103,,,,,,,,, 
2018-06-27 00:00:00,30.674,89.3,61.0,69.8,66.2,1569,,,,,,,,, 
2018-06-28 00:00:00,30.489,89.2,58.5,73.7,39.7,1337,,,,,,,,, 
2018-06-29 00:00:00,30.393,86.1,56.5,67.2,9.4,1108,,,,,,,,, 
2018-06-30 00:00:00,30.301,83.2,59.3,64.9,32.6,862,,,,,,,,, 
2018-07-01 00:00:00,30.099,83.6,59.9,66.6,33.2,1091,,,,,,,,, 
2018-07-02 00:00:00,30.097,85.4,59.3,71.1,25.2,1148,,,,,,,,, 
2018-07-03 00:00:00,30.653,87.7,62.5,71.7,20.7,1199,,,,,,,,, 
2018-07-04 00:00:00,30.836,84.3,64.9,68.5,50.4,1162,,,,,,,,, 
2018-07-05 00:00:00,30.870,81.4,65.6,66.5,60.6,1101,,,,,,,,, 
2018-07-06 00:00:00,30.838,83.1,66.8,69.5,62.9,1365,,,,,,,,, 
2018-07-07 00:00:00,30.635,84.3,62.8,72.4,4.5,1166,,,,,,,,, 
2018-07-08 00:00:00,30.480,83.2,63.3,70.9,36.3,1143,,,,,,,,, 
2018-07-09 00:00:00,30.451,80.0,62.6,69.3,14.7,962,,,,,,,,, 
2018-07-10 00:00:00,30.322,82.2,64.4,73.2,35.7,1128,,,,,,,,, 
2018-07-11 00:00:00,29.841,88.4,59.8,75.8,26.7,1025,,,,,,,,, 
2018-07-12 00:00:00,29.779,86.9,57.6,74.8,16.1,1168,,,,,,,,, 
2018-07-13 00:00:00,29.788,86.5,60.1,75.3,31.3,1037,,,,,,,,, 
2018-07-14 00:00:00,29.790,84.8,61.3,71.2,47.3,983,,,,,,,,, 
2018-07-15 00:00:00,29.815,84.0,62.9,71.7,50.4,999,,,,,,,,, 
2018-07-16 00:00:00,29.812,84.3,62.9,71.9,44.6,1037,,,,,,,,, 
2018-07-17 00:00:00,29.852,82.3,63.2,71.5,48.5,982,,,,,,,,, 
2018-07-18 00:00:00,29.911,86.2,63.7,74.0,51.4,1000,,,,,,,,, 
2018-07-19 00:00:00,29.964,85.3,63.3,72.0,51.6,1123,,,,,,,,, 
2018-07-20 00:00:00,29.982,84.2,62.6,73.1,47.5,1060,,,,,,,,, 
2018-07-21 00:00:00,29.926,83.2,58.9,72.6,14.7,1089,,,,,,,,, 
2018-07-22 00:00:00,29.881,84.4,57.4,75.8,12.7,1008,,,,,,,,, 
2018-07-23 00:00:00,29.911,86.6,57.7,77.9,8.1,1084,,,,,,,,, 
2018-07-24 00:00:00,29.946,86.1,59.4,75.5,33.0,1087,,,,,,,,, 
2018-07-25 00:00:00,29.984,85.7,59.0,76.9,45.2,1103,,,,,,,,, 
2018-07-26 00:00:00,29.914,86.0,55.0,77.3,1.1,1030,,,,,,,,, 
2018-07-27 00:00:00,29.912,87.4,58.4,76.7,29.1,1061,,,,,,,,, 
2018-07-28 00:00:00,29.961,86.5,60.8,75.7,39.1,1058,,,,,,,,, 
2018-07-29 00:00:00,30.052,84.1,60.9,72.9,48.1,992,,,,,,,,, 
2018-07-30 00:00:00,30.234,80.3,64.9,71.9,86.3,839,,,,,,,,, 
2018-07-31 00:00:00,31.016,81.6,67.5,70.8,90.4,779,,,,,,,,, 
2018-08-01 00:00:00,32.254,81.5,67.4,70.4,51.7,926,,,,,,,,, 
2018-08-02 00:00:00,31.805,82.5,63.9,69.8,17.5,918,,,,,,,,, 
2018-08-03 00:00:00,31.804,81.1,66.2,69.8,85.1,948,,,,,,,,, 
2018-08-04 00:00:00,31.744,84.2,65.3,74.9,43.9,920,,,,,,,,, 
2018-08-05 00:00:00,31.647,81.5,59.3,70.1,2.1,937,,,,,,,,, 
2018-08-06 00:00:00,31.695,73.8,63.2,62.2,21.2,637,,,,,,,,, 
2018-08-07 00:00:00,31.672,77.9,68.3,67.9,82.0,917,,,,,,,,, 
2018-08-08 00:00:00,32.104,78.2,68.9,67.4,99.7,563,,,,,,,,, 
2018-08-09 00:00:00,32.180,75.7,68.0,66.3,63.6,881,,,,,,,,, 
2018-08-10 00:00:00,32.243,73.2,66.2,62.7,64.0,705,,,,,,,,, 
2018-08-11 00:00:00,31.666,73.2,63.5,61.6,46.5,867,,,,,,,,, 
2018-08-12 00:00:00,31.432,74.6,58.8,62.8,12.6,801,,,,,,,,, 
2018-08-13 00:00:00,31.321,74.7,60.5,62.5,42.0,926,,,,,,,,, 
2018-08-14 00:00:00,31.214,76.3,62.6,67.4,36.8,810,,,,,,,,, 
2018-08-15 00:00:00,31.245,73.4,64.7,64.0,91.9,810,,,,,,,,, 
2018-08-16 00:00:00,31.682,73.9,68.4,64.2,99.9,335,,,,,,,,, 
2018-08-17 00:00:00,31.694,71.1,67.2,62.6,71.3,805,,,,,,,,, 
2018-08-18 00:00:00,31.495,69.8,67.3,60.3,99.3,509,,,,,,,,, 
2018-08-25 00:00:00,29.036,79.6,73.1,56.7,65.7,436,,,,,,,,, 
2018-08-26 00:00:00,29.033,75.0,72.1,58.5,48.5,740,,,,,,,,, 
2018-08-27 00:00:00,29.131,71.7,73.5,57.7,86.2,216,,,,,,,,, 
2018-08-28 00:00:00,29.363,71.9,76.0,60.4,99.1,778,,,,,,,,, 
2018-08-29 00:00:00,29.172,69.9,78.6,59.5,99.9,511,,,,,,,,, 
2018-08-30 00:00:00,29.330,71.8,78.0,61.6,90.4,666,,,,,,,,, 
2018-08-31 00:00:00,28.821,70.2,75.5,60.5,60.7,716,,,,,,,,, 
2018-09-01 00:00:00,28.579,73.1,72.6,60.3,67.0,755,,,,,,,,, 
2018-09-02 00:00:00,28.504,72.4,71.9,60.0,72.2,791,,,,,,,,, 
2018-09-03 00:00:00,28.460,75.6,72.0,64.1,77.4,755,,,,,,,,, 
2018-09-04 00:00:00,28.483,77.2,74.8,62.8,98.8,506,,,,,,,,, 
2018-09-05 00:00:00,28.486,78.0,75.6,64.1,99.9,584,,,,,,,,, 
2018-09-06 00:00:00,29.313,74.7,78.6,63.5,99.9,429,,,,,,,,, 
2018-09-07 00:00:00,29.271,70.5,78.5,61.5,99.9,161,,,,,,,,, 
2018-09-08 00:00:00,29.717,66.8,78.2,57.2,99.9,592,,,,,,,,, 
2018-09-09 00:00:00,29.606,67.5,79.3,60.3,99.9,579,,,,,,,,, 
2018-09-10 00:00:00,29.661,67.8,78.9,58.6,99.9,556,,,,,,,,, 
2018-09-11 00:00:00,29.511,64.1,78.9,57.0,99.9,437,,,,,,,,, 
2018-09-12 00:00:00,29.083,63.3,76.1,56.7,71.8,643,,,,,,,,, 
2018-09-13 00:00:00,28.728,63.8,74.5,55.2,83.8,582,,,,,,,,, 
2018-09-14 00:00:00,29.009,62.3,76.3,54.3,99.1,448,,,,,,,,, 
2018-09-15 00:00:00,29.179,61.8,75.4,54.2,69.3,553,,,,,,,,, 
2018-09-16 00:00:00,29.114,58.5,77.7,51.5,99.3,260,,,,,,,,, 
2018-09-17 00:00:00,29.308,62.1,78.4,55.9,99.9,551,,,,,,,,, 
2018-09-18 00:00:00,29.103,70.7,79.2,63.7,97.9,571,,,,,,,,, 
2018-09-19 00:00:00,28.619,69.4,79.0,61.9,99.9,429,,,,,,,,, 
2018-09-20 00:00:00,30.150,72.7,84.6,56.9,68.9,519,,,,,,,,, 
2018-09-21 00:00:00,29.586,68.5,86.8,54.3,99.7,253,,,,,,,,, 
2018-09-22 00:00:00,28.716,65.9,86.9,52.2,69.9,474,,,,,,,,, 
2018-09-23 00:00:00,27.887,70.9,87.6,52.2,46.5,519,,,,,,,,, 
2018-09-24 00:00:00,30.724,69.4,88.0,50.4,1.8,507,,,,,,,,, 
2018-09-25 00:00:00,40.391,67.6,88.9,48.8,30.1,409,,,,,,,,, 
2018-09-26 00:00:00,39.637,71.7,90.5,58.5,54.8,632,,,,,,,,, 
2018-09-27 00:00:00,38.939,72.2,90.5,54.7,64.3,541,,,,,,,,, 
2018-09-28 00:00:00,38.205,70.3,90.7,51.2,4.7,521,,,,,,,,, 
2018-09-29 00:00:00,37.735,66.9,90.6,50.4,51.4,355,,,,,,,,, 
2018-09-30 00:00:00,37.372,66.4,91.0,52.0,51.6,401,,,,,,,,, 
2018-10-01 00:00:00,37.007,66.5,91.1,47.5,49.4,471,,,,,,,,, 
2018-10-02 00:00:00,36.870,65.1,90.7,48.3,58.7,377,,,,,,,,, 
2018-10-03 00:00:00,36.469,62.0,90.9,47.4,30.0,399,,,,,,,,, 
2018-10-04 00:00:00,36.098,63.8,90.7,48.4,84.0,328,,,,,,,,, 
2018-10-05 00:00:00,35.809,68.0,90.7,52.2,69.4,412,,,,,,,,, 
2018-10-06 00:00:00,35.441,67.3,89.7,46.4,81.9,300,,,,,,,,, 
2018-10-07 00:00:00,35.115,66.7,89.2,46.3,39.8,377,,,,,,,,, 
2018-10-08 00:00:00,35.111,69.8,90.4,54.0,99.7,280,,,,,,,,, 
2018-10-09 00:00:00,34.410,71.9,92.2,55.8,99.9,214,,,,,,,,, 
2018-10-10 00:00:00,33.485,75.9,91.9,57.2,99.7,418,,,,,,,,, 
2018-10-11 00:00:00,32.932,73.7,91.1,55.4,99.9,325,,,,,,,,, 
2018-10-12 00:00:00,32.472,73.4,91.0,55.9,99.9,189,,,,,,,,, 
2018-10-13 00:00:00,32.143,74.7,91.4,59.2,99.9,194,,,,,,,,, 
2018-10-14 00:00:00,30.790,80.5,84.5,58.0,99.9,386,,,,,,,,, 
2018-10-15 00:00:00,29.093,81.4,65.8,55.1,99.9,260,,,,,,,,, 
2018-10-16 00:00:00,29.411,67.7,67.9,48.0,99.9,157,,,,,,,,, 
2018-10-17 00:00:00,29.369,66.4,74.4,53.7,99.9,176,,,,,,,,, 
2018-10-18 00:00:00,29.274,61.3,73.2,47.2,97.5,360,,,,,,,,, 
2018-10-19 00:00:00,28.899,59.8,74.9,45.8,85.7,306,,,,,,,,, 
2018-10-20 00:00:00,28.841,60.2,77.4,48.5,91.8,269,,,,,,,,, 
2018-10-21 00:00:00,28.641,64.1,76.9,54.5,99.3,168,,,,,,,,, 
2018-10-22 00:00:00,28.600,59.9,71.0,48.1,56.9,294,,,,,,,,, 
2018-10-23 00:00:00,28.497,59.0,73.7,51.1,49.1,305,,,,,,,,, 
2018-10-24 00:00:00,28.365,57.6,72.7,44.9,12.3,254,,,,,,,,, 
2018-10-25 00:00:00,28.248,59.4,74.8,47.7,38.6,275,,,,,,,,, 
2018-10-26 00:00:00,28.247,55.0,73.8,40.7,60.2,139,,,,,,,,, 
2018-10-27 00:00:00,28.292,49.5,67.7,38.4,8.8,243,,,,,,,,, 
2018-10-28 00:00:00,28.045,47.8,63.0,34.9,1.0,160,,,,,,,,, 
2018-10-29 00:00:00,29.662,46.2,64.3,33.7,83.4,127,,,,,,,,, 
2018-10-30 00:00:00,31.405,44.7,68.3,36.1,99.9,111,,,,,,,,, 
2018-10-31 00:00:00,28.361,50.7,75.1,41.6,99.9,182,,,,,,,,, 
2018-11-01 00:00:00,28.292,52.9,77.8,46.2,99.9,87,,,,,,,,, 
2018-11-02 00:00:00,28.394,54.4,80.2,45.7,99.9,133,,,,,,,,, 
2018-11-03 00:00:00,28.212,52.3,80.2,44.1,99.9,180,,,,,,,,, 
2018-11-04 00:00:00,27.984,56.0,81.1,48.4,99.9,96,,,,,,,,, 
2018-11-05 00:00:00,28.046,54.4,82.8,46.6,99.9,39,,,,,,,,, 
2018-11-06 00:00:00,28.340,53.9,84.0,47.4,99.9,32,,,,,,,,, 
2018-11-07 00:00:00,28.291,53.4,83.5,48.0,99.9,48,,,,,,,,, 
2018-11-08 00:00:00,28.363,55.2,85.9,49.5,99.9,36,,,,,,,,, 
2018-11-09 00:00:00,28.343,55.4,85.7,48.6,99.9,77,,,,,,,,, 
2018-11-10 00:00:00,28.351,53.7,84.9,49.3,99.9,17,,,,,,,,, 
2018-11-11 00:00:00,28.373,54.2,85.2,50.8,99.9,48,,,,,,,,, 
2018-11-12 00:00:00,28.278,55.4,85.5,49.6,99.9,112,,,,,,,,, 
2018-11-13 00:00:00,28.211,57.0,85.2,47.8,99.9,129,,,,,,,,, 
2018-11-14 00:00:00,28.176,51.2,86.0,44.9,99.9,108,,,,,,,,, 
2018-11-15 00:00:00,28.196,54.9,88.3,50.0,99.9,85,,,,,,,,, 
2018-11-16 00:00:00,28.134,52.3,87.2,45.3,99.9,100,,,,,,,,, 
2018-11-17 00:00:00,28.046,50.3,85.6,44.0,99.9,112,,,,,,,,, 
2018-11-18 00:00:00,27.909,46.7,81.0,40.9,99.5,116,,,,,,,,, 
2018-11-19 00:00:00,27.816,45.9,76.3,39.9,90.6,0,,,,,,,,, 