2016-08-30 00:00:00,7.747,73.4,86.2,72.8,78.7,20,72.7,,,,,,,,0.00 
2016-08-31 00:00:00,7.953,74.1,86.7,73.4,79.2,12,73.4,,,,,,,,0.00 
2016-09-01 00:00:00,7.942,74.2,91.0,73.5,83.8,10,71.4,,,,,,,,0.00 
2016-09-02 00:00:00,8.060,72.2,89.6,71.7,82.0,10,68.4,,,,,,,,0.00 
2016-09-03 00:00:00,8.150,69.0,82.4,68.5,74.4,13,67.1,,,,,,,,0.00 
2016-09-04 00:00:00,8.123,70.2,86.4,69.7,78.6,14,69.9,,,,,,,,0.00 
2016-09-05 00:00:00,8.122,69.8,85.7,69.2,78.1,14,69.0,,,,,,,,0.00 
2016-09-06 00:00:00,8.118,69.2,83.6,68.6,75.7,16,69.2,,,,,,,,0.00 
2016-09-07 00:00:00,8.115,70.0,83.0,69.2,75.4,17,70.5,,,,,,,,0.00 
2016-09-08 00:00:00,8.107,70.5,85.0,69.8,77.5,14,71.5,,,,,,,,0.00 
2016-09-09 00:00:00,8.080,71.9,87.5,71.3,79.9,14,72.3,,,,,,,,0.00 
2016-09-10 00:00:00,8.065,72.6,86.8,71.9,79.1,11,73.3,,,,,,,,0.00 
2016-09-11 00:00:00,8.050,73.3,82.4,72.6,74.4,13,72.6,,,,,,,,0.00 
2016-09-12 00:00:00,8.081,71.7,85.9,70.9,78.3,13,70.5,,,,,,,,0.00 
2016-09-13 00:00:00,8.053,73.0,87.0,72.3,79.3,13,71.8,,,,,,,,0.00 
2016-09-14 00:00:00,8.099,70.3,86.1,69.8,78.0,12,63.4,,,,,,,,0.00 
2016-09-17 00:00:00,7.800,73.4,84.0,72.4,76.6,22,73.6,,,,,,,,0.00 
2016-09-18 00:00:00,7.847,72.0,88.9,71.1,81.7,17,68.6,,,,,,,,0.00 
2016-09-19 00:00:00,7.839,73.0,89.9,72.2,82.3,51,71.6,,,,,,,,0.00 
2016-09-20 00:00:00,7.934,71.2,83.4,70.5,75.8,18,70.2,,,,,,,,0.00 
2016-09-21 00:00:00,7.796,70.2,84.4,69.2,77.4,14,72.1,,,,,,,,0.00 
2016-09-22 00:00:00,7.571,70.9,86.8,69.9,80.0,19,79.1,,,,,,,,0.00 
2016-09-23 00:00:00,7.529,72.5,84.5,71.5,77.7,21,73.5,,,,,,,,0.00 
2016-09-24 00:00:00,7.545,71.8,79.8,70.8,72.8,19,71.1,,,,,,,,0.00 
2016-09-25 00:00:00,7.570,71.5,83.5,70.5,76.9,17,70.5,,,,,,,,0.00 
2016-09-26 00:00:00,7.572,72.6,88.2,71.7,81.8,19,69.5,,,,,,,,0.00 
2016-09-27 00:00:00,7.587,71.6,89.6,70.7,83.2,19,68.4,,,,,,,,0.00 
2016-09-28 00:00:00,7.546,69.7,88.1,68.8,81.7,21,68.0,,,,,,,,0.00 
2016-10-03 00:00:00,6.977,67.3,80.5,66.4,73.3,74,67.6,,,,,,,, 
2016-10-04 00:00:00,7.142,67.0,80.1,61.5,64.8,66,62.6,,,,,,,, 
2016-10-05 00:00:00,7.852,68.1,66.9,49.0,36.0,55,62.2,,,,,,,, 
2016-10-06 00:00:00,7.855,66.9,65.9,48.4,35.7,58,59.9,,,,,,,, 
2016-10-07 00:00:00,7.862,69.1,73.0,49.6,39.8,33,64.2,,,,,,,, 
2016-10-08 00:00:00,7.875,70.3,73.6,50.2,40.1,49,65.2,,,,,,,, 
2016-10-09 00:00:00,7.681,65.4,56.7,48.1,29.7,43,57.4,,,,,,,, 
2016-10-10 00:00:00,7.639,65.3,59.9,48.3,31.2,35,55.3,,,,,,,, 
2016-10-11 00:00:00,7.614,64.9,61.4,48.2,32.0,31,53.5,,,,,,,, 
2016-10-12 00:00:00,7.552,66.8,57.9,49.0,30.1,32,52.8,,,,,,,, 
2016-10-13 00:00:00,7.550,66.1,59.9,48.8,31.1,39,56.7,,,,,,,, 
2016-10-14 00:00:00,7.548,66.6,65.4,49.0,34.1,24,59.2,,,,,,,, 
2016-10-15 00:00:00,7.531,68.2,67.9,49.6,35.8,30,64.7,,,,,,,, 
2016-10-16 00:00:00,7.534,69.0,69.3,50.0,36.7,21,64.1,,,,,,,, 
2016-10-17 00:00:00,7.567,68.7,67.2,49.8,35.4,28,62.6,,,,,,,, 
2016-10-18 00:00:00,7.558,69.1,65.6,50.0,34.8,30,62.9,,,,,,,, 
2016-10-19 00:00:00,7.556,69.8,68.2,50.4,36.1,28,65.5,,,,,,,, 
2016-10-20 00:00:00,7.599,68.6,68.4,49.9,36.2,19,66.4,,,,,,,, 
2016-10-21 00:00:00,7.566,69.3,61.5,50.1,32.7,27,55.4,,,,,,,, 
2016-10-22 00:00:00,7.535,67.1,45.3,49.1,24.7,32,47.9,,,,,,,, 
2016-10-23 00:00:00,7.523,66.0,48.7,48.6,26.2,37,49.0,,,,,,,, 
2016-10-24 00:00:00,7.470,66.6,53.4,48.8,28.4,31,56.9,,,,,,,, 
2016-10-25 00:00:00,7.489,66.7,52.5,48.8,27.9,49,53.9,,,,,,,, 
2016-10-26 00:00:00,7.461,66.7,53.0,48.8,28.2,22,53.2,,,,,,,, 
2016-10-27 00:00:00,6.985,66.8,57.5,55.5,42.2,18,56.6,,,,,,,, 
2016-10-28 00:00:00,6.711,69.0,58.0,67.9,61.4,16,60.6,,,,,,,, 
2016-10-29 00:00:00,8.230,70.0,57.0,68.5,60.5,22,66.2,,,,,,,, 
2016-10-30 00:00:00,8.247,68.0,58.4,66.5,62.4,14,59.7,,,,,,,, 
2016-10-31 00:00:00,8.135,67.8,60.3,66.2,64.0,13,61.3,,,,,,,, 
2016-11-01 00:00:00,8.090,69.2,62.1,67.5,66.1,26,58.6,,,,,,,, 
2017-02-21 00:00:00,-15.920,71.8,36.6,73.2,25.4,1,,,,,,,,, 
2017-02-24 00:00:00,-15.920,72.0,36.8,73.2,25.2,1,59.5,,,,,,,, 
2017-06-10 00:00:00,-17.793,73.4,52.8,70.1,38.2,12,80.5,,,,,,,, 
2017-06-17 00:00:00,90.348,93.3,27.9,77.5,71.9,433,75.8,,,,,,,, 
2017-06-18 00:00:00,95.575,92.3,28.8,74.6,80.8,302,73.4,,,,,,,, 
2017-06-19 00:00:00,94.179,88.7,27.1,73.4,86.2,257,72.7,,,,,,,, 
2017-06-20 00:00:00,92.711,84.2,27.2,69.8,80.5,284,69.1,,,,,,,, 
2017-06-21 00:00:00,91.306,86.8,26.9,71.3,89.1,226,70.1,,,,,,,, 
2017-06-22 00:00:00,96.845,88.9,27.3,69.4,99.9,112,68.2,,,,,,,, 
2017-06-23 00:00:00,104.885,91.4,25.8,76.6,84.0,305,71.6,,,,,,,, 
2017-06-24 00:00:00,102.197,91.4,23.5,74.0,88.4,295,73.4,,,,,,,, 
2017-06-25 00:00:00,100.011,88.6,17.8,66.5,83.7,292,66.2,,,,,,,, 
2017-06-26 00:00:00,98.832,87.5,17.0,63.9,75.5,300,64.1,,,,,,,, 
2017-06-27 00:00:00,97.762,86.7,16.7,63.4,74.3,299,63.3,,,,,,,, 
2017-06-28 00:00:00,97.088,84.8,18.9,63.8,77.8,286,63.2,,,,,,,, 
2017-06-29 00:00:00,96.831,86.5,19.5,70.3,80.6,324,69.9,,,,,,,, 
2017-06-30 00:00:00,97.203,90.0,22.3,72.6,98.4,258,71.7,,,,,,,, 
2017-07-01 00:00:00,97.049,89.9,22.4,73.4,90.7,241,73.2,,,,,,,, 
2017-07-02 00:00:00,96.906,86.9,23.2,73.5,88.6,314,73.2,,,,,,,, 
2017-07-03 00:00:00,96.199,87.9,23.3,72.3,93.4,219,71.7,,,,,,,,12.83 
2017-07-04 00:00:00,96.692,87.8,23.6,73.8,89.9,299,73.3,,,,,,,,12.77 
2017-07-05 00:00:00,96.765,86.0,24.6,72.3,93.6,272,72.0,,,,,,,,12.76 
2017-07-06 00:00:00,96.361,83.1,27.8,72.8,91.4,295,65.7,,,,,,,,12.77 
2017-07-07 00:00:00,95.999,84.9,26.6,74.4,93.1,259,67.9,,,,,,,,12.78 
2017-07-08 00:00:00,96.048,82.0,25.9,71.2,90.8,232,67.4,,,,,,,,12.73 
2017-07-09 00:00:00,95.697,81.5,23.2,72.1,79.1,287,67.3,,,,,,,,12.79 
2017-07-10 00:00:00,95.405,81.4,23.2,74.1,75.8,329,72.0,,,,,,,,12.77 
2017-07-11 00:00:00,95.127,83.1,22.2,75.7,74.4,301,75.7,,,,,,,,12.74 
2017-07-12 00:00:00,103.558,86.7,24.9,75.9,83.3,243,75.7,,,,,,,,12.71 
2017-07-13 00:00:00,116.177,95.4,24.3,76.2,86.3,215,68.8,,,,,,,,12.67 
2017-07-14 00:00:00,114.974,95.5,21.6,76.2,85.3,232,75.8,,,,,,,,12.70 
2017-07-15 00:00:00,113.621,95.5,18.6,71.7,99.0,151,71.4,,,,,,,,12.75 
2017-07-16 00:00:00,111.621,95.2,17.5,75.2,84.7,233,74.7,,,,,,,,12.73 
2017-07-17 00:00:00,109.531,94.9,16.9,74.5,85.9,190,74.5,,,,,,,,12.77 
2017-07-18 00:00:00,107.876,94.9,15.2,73.2,79.2,251,72.8,,,,,,,,12.70 
2017-07-19 00:00:00,106.601,94.8,15.3,74.6,77.8,253,74.7,,,,,,,,12.68 
2017-07-20 00:00:00,105.815,94.6,15.3,75.1,77.9,249,75.1,,,,,,,,12.69 
2017-07-21 00:00:00,114.362,94.6,17.3,78.0,75.4,254,78.3,,,,,,,,12.65 
2017-07-22 00:00:00,120.170,94.3,21.8,77.3,83.9,201,77.2,,,,,,,,12.68 
2017-07-23 00:00:00,118.653,94.0,21.7,74.4,95.6,156,74.0,,,,,,,,12.72 
2017-07-24 00:00:00,116.488,94.1,18.9,76.3,81.5,219,75.7,,,,,,,,12.76 
2017-07-25 00:00:00,114.619,94.6,17.0,76.5,77.0,221,76.4,,,,,,,,12.65 
2017-07-26 00:00:00,113.274,94.5,17.4,75.2,85.4,222,74.1,,,,,,,,12.73 
2017-07-27 00:00:00,112.561,94.5,18.9,74.9,95.0,164,74.3,,,,,,,,12.72 
2017-07-28 00:00:00,112.141,94.2,18.8,73.0,99.9,119,72.5,,,,,,,,12.75 
2017-07-29 00:00:00,111.524,93.5,14.2,73.0,78.6,196,73.0,,,,,,,,12.73 
2017-07-30 00:00:00,110.631,92.9,10.8,70.5,74.2,216,71.5,,,,,,,,12.71 
2017-07-31 00:00:00,109.966,92.2,9.7,69.9,72.1,216,74.2,,,,,,,,12.71 
2017-08-01 00:00:00,109.669,91.2,9.4,67.3,87.4,134,67.3,,,,,,,,12.70 
2017-08-02 00:00:00,109.208,90.3,11.8,70.1,92.2,152,69.8,,,,,,,,12.79 
2017-08-03 00:00:00,108.557,91.6,8.8,70.0,80.7,208,69.7,,,,,,,,12.75 
2017-08-04 00:00:00,108.370,90.5,9.0,69.0,86.1,156,69.0,,,,,,,,12.70 
2017-08-05 00:00:00,107.964,89.4,7.7,69.5,78.4,201,69.7,,,,,,,,12.73 
2017-08-06 00:00:00,107.358,90.4,8.0,69.6,80.1,200,69.3,,,,,,,,12.69 
2017-08-07 00:00:00,114.213,91.4,11.1,71.3,99.9,89,76.3,,,,,,,,12.72 
2017-08-08 00:00:00,124.469,93.0,9.8,71.1,89.9,145,71.4,,,,,,,,12.76 
2017-08-09 00:00:00,122.671,92.2,9.0,70.5,85.4,200,69.6,,,,,,,,12.74 
2017-08-10 00:00:00,121.309,92.7,9.7,69.5,99.8,109,68.6,,,,,,,,12.75 
2017-08-11 00:00:00,120.210,93.2,10.8,72.1,98.9,108,71.3,,,,,,,,12.72 
2017-08-12 00:00:00,119.003,93.5,11.4,74.3,93.8,147,74.0,,,,,,,,12.68 
2017-08-13 00:00:00,117.613,93.0,10.4,74.1,90.8,170,73.6,,,,,,,,12.68 
2017-08-14 00:00:00,116.642,93.1,11.3,75.7,93.2,175,74.7,,,,,,,,12.69 
2017-08-15 00:00:00,115.490,93.2,10.5,76.5,88.1,201,76.6,,,,,,,,12.72 
2017-08-16 00:00:00,114.517,92.4,9.1,74.7,87.6,175,74.6,,,,,,,,12.66 
2017-08-17 00:00:00,113.648,93.3,10.1,76.6,87.4,169,76.5,,,,,,,,12.63 
2017-08-18 00:00:00,112.958,92.8,9.9,75.3,87.8,171,75.5,,,,,,,,12.67 
2017-08-19 00:00:00,112.321,91.7,7.4,72.1,78.7,171,35.8,,,,,,,,12.66 
2017-08-20 00:00:00,111.741,91.7,9.0,73.2,80.8,167,73.4,,,,,,,,12.63 
2017-08-21 00:00:00,111.319,92.0,9.1,73.7,84.7,114,74.0,,,,,,,,12.64 
2017-08-22 00:00:00,110.907,92.4,8.8,75.0,79.1,240,75.5,,,,,,,,12.63 
2017-08-23 00:00:00,110.539,91.8,7.6,71.7,83.3,298,72.4,,,,,,,,12.66 
2017-08-24 00:00:00,110.180,91.5,5.4,70.0,72.7,180,70.4,,,,,,,,12.68 
2017-08-25 00:00:00,110.030,91.2,5.9,67.3,84.2,106,67.0,,,,,,,,12.68 
2017-08-26 00:00:00,109.767,91.7,7.1,69.6,90.7,113,70.0,,,,,,,,12.72 
2017-08-27 00:00:00,109.215,92.0,7.0,68.7,89.8,128,68.5,,,,,,,,12.75 
2017-08-28 00:00:00,109.232,90.9,4.2,59.3,99.9,10,59.7,,,,,,,,12.38 
2017-08-30 00:00:00,129.707,94.3,1.0,67.1,99.9,0,66.5,,,,,,,,12.39 
2017-08-31 00:00:00,129.272,96.1,1.0,67.5,99.9,18,66.9,,,,,,,,12.71 
2017-09-01 00:00:00,128.496,95.1,1.0,69.5,99.4,51,70.2,,,,,,,,12.74 
2017-09-02 00:00:00,127.164,90.2,1.0,63.4,94.5,36,63.9,,,,,,,,12.80 
2017-09-03 00:00:00,126.227,86.4,1.0,63.3,80.7,75,64.4,,,,,,,,12.73 
2017-09-04 00:00:00,125.409,84.5,1.0,64.7,84.5,75,65.2,,,,,,,,12.72 
2017-09-05 00:00:00,125.042,85.1,1.0,64.7,90.8,57,65.2,,,,,,,,12.69 
2017-09-06 00:00:00,124.926,81.3,1.0,59.1,93.6,43,59.6,,,,,,,,12.65 
2017-09-07 00:00:00,123.997,76.0,1.0,55.1,83.6,73,55.9,,,,,,,,12.81 
2017-09-08 00:00:00,123.303,77.6,1.0,58.2,80.7,80,59.0,,,,,,,,12.81 
2017-09-09 00:00:00,122.872,80.0,1.0,58.7,87.0,53,59.5,,,,,,,,12.78 
2017-09-10 00:00:00,122.485,76.3,1.0,56.2,87.7,45,57.5,,,,,,,,12.80 
2017-09-11 00:00:00,122.529,72.4,1.0,55.7,96.2,9,57.2,,,,,,,,12.44 
2017-09-12 00:00:00,123.064,75.5,1.0,60.3,99.9,20,61.0,,,,,,,,12.59 
2017-09-13 00:00:00,122.101,78.6,1.0,63.1,91.4,54,64.1,,,,,,,,12.81 
2017-09-14 00:00:00,121.480,81.4,1.0,63.5,96.8,41,63.8,,,,,,,,12.76 
2017-09-15 00:00:00,121.101,78.6,1.8,63.3,95.4,48,64.1,,,,,,,,12.78 
2017-09-16 00:00:00,120.922,75.0,2.0,60.1,98.3,43,60.9,,,,,,,,12.67 
2017-09-23 00:00:00,119.243,83.7,3.2,68.9,99.9,11,68.4,,,,,,,,12.61 
2017-09-24 00:00:00,119.031,77.9,5.0,66.6,91.6,52,67.2,,,,,,,,12.65 
2017-09-25 00:00:00,118.784,72.7,6.4,64.0,90.8,64,64.7,,,,,,,,12.73 
2017-09-26 00:00:00,118.187,81.3,5.9,75.7,62.6,78,77.1,,,,,,,,12.76 
2017-09-27 00:00:00,118.543,74.4,1.7,58.9,99.9,0,59.5,,,,,,,,12.36 
2017-10-01 00:00:00,117.690,65.3,1.0,48.8,95.4,0,49.8,,,,,,,,12.49 
2017-10-02 00:00:00,117.800,56.4,3.7,44.1,99.5,6,45.1,,,,,,,,12.41 
2017-10-03 00:00:00,117.661,57.3,9.1,49.7,96.8,37,50.5,,,,,,,,12.68 
2017-10-04 00:00:00,117.337,63.2,8.0,56.7,82.0,62,58.9,,,,,,,,12.63 
2017-10-05 00:00:00,117.174,63.6,7.6,56.9,79.6,65,59.3,,,,,,,,12.64 
2017-10-06 00:00:00,117.023,64.6,8.8,58.8,83.3,65,60.6,,,,,,,,12.62 
2017-10-07 00:00:00,116.943,72.4,10.6,67.9,94.2,40,68.3,,,,,,,,12.68 
2017-10-08 00:00:00,118.429,76.3,8.7,68.1,99.9,3,68.7,,,,,,,,12.24 
2017-10-09 00:00:00,117.937,79.2,10.2,72.5,97.9,54,74.0,,,,,,,,12.65 
2017-10-10 00:00:00,117.628,81.3,7.6,72.1,98.9,45,73.0,,,,,,,,12.62 
2017-10-11 00:00:00,117.179,78.9,7.4,70.3,91.2,66,72.0,,,,,,,,12.67 
2017-10-12 00:00:00,116.965,74.9,6.3,68.1,87.8,73,69.5,,,,,,,,12.61 
2017-10-13 00:00:00,116.985,73.1,7.9,64.4,99.9,2,65.1,,,,,,,,12.30 
2017-10-14 00:00:00,116.701,74.3,8.6,69.1,86.8,82,69.8,,,,,,,,12.71 
2017-10-15 00:00:00,116.695,70.7,9.9,66.5,89.3,72,67.0,,,,,,,,12.67 
2017-10-17 00:00:00,116.562,55.1,9.3,53.7,73.1,95,55.2,,,,,,,,12.95 
2017-10-18 00:00:00,116.736,51.5,8.3,48.3,84.9,67,49.5,,,,,,,,12.68 
2017-10-19 00:00:00,116.946,46.5,4.0,38.1,99.9,17,39.0,,,,,,,,12.33 
2018-06-02 00:00:00,41.159,94.6,64.2,74.3,99.9,0,68.7,,,,,,,,12.20 
2018-06-03 00:00:00,40.429,95.1,19.2,74.2,95.4,0,68.7,,,,,,,,12.12 
2018-06-04 00:00:00,38.809,93.5,1.0,70.8,82.3,0,68.7,,,,,,,,12.01 
2018-06-05 00:00:00,37.692,94.7,1.0,69.9,78.8,0,68.7,,,,,,,,11.83 
2018-06-06 00:00:00,36.957,,,69.6,80.5,0,68.7,,,,,,,,11.64 
2018-06-07 00:00:00,36.575,,,73.2,78.5,0,68.7,,,,,,,,11.43 
2018-06-08 00:00:00,36.409,,,77.4,93.3,0,75.5,,,,,,,,11.17 
2018-06-09 00:00:00,36.346,,,75.5,93.3,0,73.0,,,,,,,,10.91 
2018-06-10 00:00:00,36.277,,,74.2,99.9,0,71.8,,,,,,,,9.82 
2018-06-11 00:00:00,36.523,,,65.4,99.9,0,66.3,,,,,,,,5.44 
2018-06-30 00:00:00,72.557,96.9,65.1,82.1,15.7,895,81.2,,,,,,,,12.69 
2018-07-01 00:00:00,69.999,95.6,63.4,76.2,64.0,657,74.6,,,,,,,,12.61 
2018-07-02 00:00:00,68.510,95.5,63.6,76.1,63.5,893,74.8,,,,,,,,12.60 
2018-07-03 00:00:00,66.823,94.7,63.6,78.9,44.3,637,78.2,,,,,,,,12.59 
2018-07-04 00:00:00,65.349,94.3,61.2,78.1,43.0,736,77.6,,,,,,,,12.58 
2018-07-05 00:00:00,64.234,94.1,60.5,77.5,45.8,936,77.6,,,,,,,,12.60 
2018-07-06 00:00:00,63.731,94.1,60.6,72.9,66.6,753,77.0,,,,,,,,12.60 
2018-07-07 00:00:00,63.632,93.6,62.1,70.0,76.9,857,77.0,,,,,,,,12.67 
2018-07-08 00:00:00,63.176,92.3,60.6,70.9,40.6,567,77.0,,,,,,,,12.66 
2018-07-09 00:00:00,62.681,90.8,59.0,70.2,39.6,451,77.0,,,,,,,,12.64 
2018-07-10 00:00:00,67.471,90.1,61.4,72.9,39.9,764,77.0,,,,,,,,12.63 
2018-07-11 00:00:00,76.118,90.1,60.6,75.5,47.9,868,77.0,,,,,,,,12.63 
2018-07-12 00:00:00,75.339,92.6,59.2,75.2,49.0,1169,77.0,,,,,,,,12.35 
2018-07-13 00:00:00,74.236,93.4,59.8,75.7,47.4,1369,77.0,,,,,,,,12.59 
2018-07-14 00:00:00,73.905,93.6,61.0,76.4,44.1,1320,77.0,,,,,,,,12.38 
2018-07-15 00:00:00,73.440,93.6,59.8,74.7,60.6,1108,76.4,,,,,,,,12.31 
2018-07-16 00:00:00,73.610,93.7,63.2,73.9,80.9,1222,73.6,,,,,,,,11.48 
2018-07-17 00:00:00,73.291,93.0,62.5,75.1,60.7,1080,75.0,,,,,,,,11.44 
2018-07-18 00:00:00,73.093,91.8,58.0,75.0,41.6,594,75.4,,,,,,,,12.20 
2018-07-19 00:00:00,72.520,90.1,61.1,69.6,59.1,1254,68.6,,,,,,,,11.26 
2018-07-20 00:00:00,72.056,90.1,61.8,72.5,43.7,1564,71.7,,,,,,,,11.06 
2018-07-21 00:00:00,72.535,90.8,60.3,62.8,97.3,124,62.7,,,,,,,,9.97 
2018-07-23 00:00:00,795.920,89.1,62.8,68.9,4.9,15,68.1,,,,,,,,12.24 
2018-07-24 00:00:00,795.920,88.7,62.5,66.0,40.6,7,64.9,,,,,,,,10.67 
2018-07-25 00:00:00,80.844,95.4,60.7,75.1,1.0,348,74.3,,,,,,,,12.89 
2018-07-26 00:00:00,77.043,95.1,59.1,72.3,8.9,192,71.6,,,,,,,,12.89 
2018-07-27 00:00:00,74.750,94.6,56.7,72.3,1.9,317,71.6,,,,,,,,12.88 
2018-07-28 00:00:00,89.935,94.4,53.8,72.0,9.4,220,71.9,,,,,,,,12.86 
2018-07-29 00:00:00,73.092,93.2,53.7,73.2,1.7,278,71.7,,,,,,,,12.87 
2018-07-30 00:00:00,72.873,93.7,57.8,75.6,17.1,296,74.7,,,,,,,,12.84 
2018-07-31 00:00:00,73.428,92.5,57.6,72.4,68.1,300,71.6,,,,,,,,12.76 
2018-08-01 00:00:00,73.597,91.8,57.2,68.1,99.9,247,67.7,,,,,,,,12.52 
2018-08-02 00:00:00,74.422,92.1,57.1,68.4,99.9,245,68.1,,,,,,,,12.40 
2018-08-03 00:00:00,79.021,93.6,57.8,71.0,60.8,344,71.3,,,,,,,,12.69 
2018-08-04 00:00:00,88.194,94.2,59.2,73.0,46.0,299,73.0,,,,,,,,12.81 
2018-08-05 00:00:00,88.291,95.6,57.1,74.5,30.7,187,74.4,,,,,,,,12.80 
2018-08-06 00:00:00,87.515,95.6,57.5,74.3,24.2,304,73.7,,,,,,,,12.78 
2018-08-07 00:00:00,88.229,95.6,58.6,74.6,39.2,200,73.7,,,,,,,,12.75 
2018-08-08 00:00:00,88.670,95.4,57.0,72.8,30.0,207,72.3,,,,,,,,12.76 
2018-08-09 00:00:00,86.937,95.3,57.6,73.2,45.8,228,72.8,,,,,,,,12.78 
2018-08-10 00:00:00,86.379,95.2,60.2,71.9,55.1,360,71.1,,,,,,,,12.77 
2018-08-11 00:00:00,85.423,95.3,58.2,72.9,47.1,254,72.8,,,,,,,,12.80 
2018-08-12 00:00:00,84.337,95.4,57.5,73.1,26.0,331,72.7,,,,,,,,12.84 
2018-08-13 00:00:00,83.351,95.2,55.0,71.7,28.7,230,71.4,,,,,,,,12.92 
2018-08-14 00:00:00,82.151,95.8,54.3,76.5,5.5,363,75.9,,,,,,,,13.20 
2018-08-15 00:00:00,81.761,95.2,55.4,72.2,10.8,314,74.2,,,,,,,,12.81 
2018-08-16 00:00:00,81.080,95.9,54.9,75.1,14.3,200,82.2,,,,,,,,12.84 
2018-08-17 00:00:00,80.507,95.5,55.8,73.4,11.4,378,81.1,,,,,,,,12.82 
2018-08-18 00:00:00,80.078,95.5,57.3,72.8,46.1,391,79.8,,,,,,,,12.70 
2018-08-19 00:00:00,79.835,95.4,57.8,73.6,49.5,357,77.9,,,,,,,,12.78 
2018-08-20 00:00:00,79.292,95.4,57.4,75.3,78.0,276,75.1,,,,,,,,12.78 
2018-08-21 00:00:00,78.966,95.3,58.6,73.8,99.7,293,73.2,,,,,,,,12.78 
2018-08-22 00:00:00,263.881,94.8,57.2,69.7,70.5,367,69.4,,,,,,,,12.78 
2018-08-23 00:00:00,249.936,94.3,55.7,67.6,40.8,121,67.2,,,,,,,,12.83 
2018-08-24 00:00:00,105.909,94.5,52.1,65.2,36.0,168,63.9,,,,,,,,12.84 
2018-08-25 00:00:00,98.520,94.6,52.6,67.9,40.0,236,66.3,,,,,,,,12.85 
2018-08-26 00:00:00,100.058,94.9,54.8,72.7,52.0,230,71.3,,,,,,,,12.81 
2018-08-27 00:00:00,99.991,95.3,56.3,75.1,53.9,256,73.7,,,,,,,,12.80 
2018-08-28 00:00:00,110.620,95.6,56.4,74.3,48.4,170,73.4,,,,,,,,12.80 
2018-08-29 00:00:00,113.378,95.3,56.5,73.9,52.1,258,73.0,,,,,,,,12.80 
2018-08-30 00:00:00,103.011,95.4,57.0,73.9,53.8,324,72.9,,,,,,,,12.82 
2018-08-31 00:00:00,103.699,95.3,57.6,73.5,58.1,312,72.1,,,,,,,,12.79 
2018-09-01 00:00:00,101.135,95.4,57.3,74.3,50.8,179,72.8,,,,,,,,12.78 
2018-09-02 00:00:00,96.365,95.2,58.8,74.4,74.6,263,73.6,,,,,,,,12.75 
2018-09-03 00:00:00,94.574,95.1,57.9,74.4,60.1,193,73.9,,,,,,,,12.71 
2018-09-04 00:00:00,93.153,95.0,58.0,74.7,62.9,286,73.7,,,,,,,,12.75 
2018-09-05 00:00:00,91.415,94.8,59.9,74.5,80.2,393,73.8,,,,,,,,12.79 
2018-09-06 00:00:00,90.835,94.9,59.6,75.0,59.9,424,74.4,,,,,,,,12.79 
2018-09-07 00:00:00,90.933,94.6,58.3,72.6,61.3,206,72.8,,,,,,,,12.75 
2018-09-08 00:00:00,91.528,94.6,58.8,72.5,65.1,282,72.2,,,,,,,,12.77 
2018-09-09 00:00:00,97.672,94.6,59.1,73.6,75.9,231,73.5,,,,,,,,12.74 
2018-09-10 00:00:00,110.793,94.6,59.5,73.7,87.0,333,72.5,,,,,,,,12.66 
2018-09-11 00:00:00,108.698,94.6,60.5,73.4,95.0,311,72.2,,,,,,,,12.72 
2018-09-12 00:00:00,110.255,94.9,60.3,74.8,76.9,291,74.0,,,,,,,,12.72 
2018-09-13 00:00:00,101.264,94.6,60.5,75.0,72.0,256,74.4,,,,,,,,12.72 
2018-09-14 00:00:00,100.547,94.5,60.0,74.9,53.8,247,74.9,,,,,,,,12.72 
2018-09-15 00:00:00,98.942,94.1,59.4,71.0,89.0,0,70.8,,,,,,,,12.25 
2018-10-04 00:00:00,97.639,94.4,58.3,75.6,16.5,149,75.6,,,,,,,,12.84 
2018-10-05 00:00:00,96.814,94.1,57.1,70.5,55.7,104,70.2,,,,,,,,12.47 
2018-10-06 00:00:00,96.245,94.1,56.7,70.5,67.8,146,70.7,,,,,,,,12.39 
2018-10-07 00:00:00,95.330,94.2,56.9,72.0,59.6,149,72.3,,,,,,,,12.40 
2018-10-08 00:00:00,94.667,93.9,57.0,70.8,75.8,175,70.4,,,,,,,,12.50 
2018-10-09 00:00:00,94.584,93.4,57.7,68.9,93.1,197,68.8,,,,,,,,12.48 
2018-10-10 00:00:00,95.144,93.5,58.3,70.1,99.9,143,69.9,,,,,,,,12.35 
2018-10-11 00:00:00,100.356,92.6,59.0,65.7,75.3,136,67.0,,,,,,,,12.31 
2018-10-12 00:00:00,107.564,89.9,58.5,54.7,15.1,81,59.5,,,,,,,,12.32 
2018-10-13 00:00:00,92.763,89.0,57.5,54.3,28.2,110,65.6,,,,,,,,12.40 
2018-10-14 00:00:00,90.646,89.5,57.4,57.6,72.0,178,65.3,,,,,,,,12.36 
2018-10-15 00:00:00,90.864,91.6,57.8,65.0,57.9,135,70.1,,,,,,,,12.31 
2018-10-16 00:00:00,92.525,91.4,57.5,63.6,93.3,162,63.2,,,,,,,,12.25 
2018-10-17 00:00:00,95.126,88.8,58.4,57.9,47.6,150,58.8,,,,,,,,12.30 
2018-10-18 00:00:00,101.070,86.7,57.6,53.1,6.1,56,53.5,,,,,,,,12.13 
2018-10-19 00:00:00,98.115,85.5,56.1,54.5,32.4,36,53.6,,,,,,,,12.04 
2018-10-20 00:00:00,95.621,89.2,55.1,58.1,54.5,73,58.5,,,,,,,,12.05 
2018-10-21 00:00:00,93.002,88.2,51.9,44.3,1.0,52,44.7,,,,,,,,11.93 
2018-10-22 00:00:00,91.447,91.0,49.1,45.3,7.0,55,45.7,,,,,,,,11.80 
2018-10-23 00:00:00,90.127,89.3,49.4,47.7,18.9,104,48.0,,,,,,,,11.86 
2018-10-24 00:00:00,89.347,85.0,51.9,48.1,21.1,45,49.3,,,,,,,,11.65 
2018-10-25 00:00:00,88.968,82.8,53.8,45.9,10.3,100,45.4,,,,,,,,11.70 
2018-10-26 00:00:00,89.534,81.7,56.6,46.6,97.3,76,46.1,,,,,,,,11.57 
2018-10-27 00:00:00,89.220,81.9,60.1,48.7,70.1,92,49.4,,,,,,,,11.51 
2018-10-28 00:00:00,88.363,83.2,62.9,52.0,18.4,71,53.9,,,,,,,,11.33 
2018-10-29 00:00:00,87.838,84.6,59.7,48.0,1.0,43,50.1,,,,,,,,11.17 
2018-11-01 00:00:00,84.667,76.3,60.7,40.3,1.0,183,41.1,,,,,,,,12.35 
2018-11-10 00:00:00,84.584,76.4,60.5,35.1,1.0,61,36.2,,,,,,,,12.25 
2018-11-11 00:00:00,84.555,77.7,60.0,36.1,14.7,81,36.9,,,,,,,,12.11 
2018-11-12 00:00:00,84.689,76.6,60.6,38.2,38.9,100,38.4,,,,,,,,11.96 
2018-11-13 00:00:00,84.885,77.6,63.5,43.8,99.9,116,44.8,,,,,,,,11.70 
2018-11-14 00:00:00,84.823,77.1,64.1,40.8,99.9,112,41.3,,,,,,,,11.58 
2018-11-15 00:00:00,85.251,76.8,65.1,38.6,99.9,170,38.8,,,,,,,,11.50 
2018-11-16 00:00:00,84.726,75.7,65.3,36.1,53.7,102,38.0,,,,,,,,11.24 
2018-11-17 00:00:00,84.428,77.0,65.1,37.7,52.9,72,41.3,,,,,,,,10.95 
2018-11-18 00:00:00,84.201,78.9,64.4,39.6,50.1,125,42.0,,,,,,,,9.65 