2017-10-02 00:00:00,79.856,,,,,,53.8,,,,,,,, 
2017-10-03 00:00:00,79.823,,,,,0,54.3,,,,,,,, 
2017-10-04 00:00:00,80.023,,,,,0,55.8,,,,,,,, 
2017-10-05 00:00:00,80.261,,,,,0,56.7,,,,,,,, 
2017-10-06 00:00:00,80.262,,,,,0,52.4,,,,,,,, 
2017-10-07 00:00:00,80.646,,,,,0,56.8,,,,,,,, 
2017-10-08 00:00:00,81.239,,,,,0,57.2,,,,,,,, 
2017-10-09 00:00:00,81.755,,,,,0,57.1,,,,,,,, 
2017-10-10 00:00:00,82.153,,,,,0,59.7,,,,,,,, 
2017-10-12 00:00:00,82.491,,,55.0,99.9,0,54.8,,,,,,,, 
2017-10-13 00:00:00,82.832,,,60.4,99.9,143,60.9,,,,,,,, 
2017-10-14 00:00:00,83.362,,,62.4,97.5,2246,61.9,,,,,,,, 
2017-10-15 00:00:00,83.789,63.4,90.8,60.9,95.4,3160,59.8,,,,,,,, 
2017-10-16 00:00:00,83.779,61.7,88.0,61.7,88.0,2391,62.3,,,,,,,, 
2017-10-17 00:00:00,83.314,55.1,93.5,55.2,93.5,1986,54.4,,,,,,,, 
2017-10-18 00:00:00,83.181,51.9,99.9,51.9,99.9,378,51.0,,,,,,,, 
2017-10-19 00:00:00,82.870,55.2,99.9,55.2,99.9,746,54.7,,,,,,,, 
2017-10-20 00:00:00,82.566,56.0,94.1,56.1,94.0,2541,55.0,,,,,,,, 
2017-10-21 00:00:00,82.184,54.7,98.9,54.7,98.9,1976,54.7,,,,,,,, 
2017-10-22 00:00:00,81.677,52.9,95.4,52.9,95.4,2464,52.1,,,,,,,, 
2017-10-23 00:00:00,81.504,57.5,99.9,57.5,99.9,1812,56.6,,,,,,,, 
2017-10-24 00:00:00,81.541,60.5,99.9,60.5,99.9,1481,60.6,,,,,,,, 
2017-10-25 00:00:00,81.139,57.8,96.3,57.8,96.4,2145,56.9,,,,,,,, 
2017-10-26 00:00:00,81.105,56.3,99.9,56.3,99.9,1721,55.6,,,,,,,, 
2017-10-27 00:00:00,81.008,54.9,91.7,54.9,91.6,2411,53.0,,,,,,,, 
2017-10-28 00:00:00,80.912,52.7,98.8,52.8,98.8,2327,51.9,,,,,,,, 
2017-10-29 00:00:00,80.920,53.8,95.8,53.8,95.8,1892,53.7,,,,,,,, 
2017-10-30 00:00:00,80.609,44.5,91.1,44.5,91.1,2096,43.5,,,,,,,, 
2017-10-31 00:00:00,80.495,50.8,99.9,50.8,99.9,1997,50.9,,,,,,,, 
2017-11-01 00:00:00,80.485,49.7,98.2,49.7,98.3,1947,49.1,,,,,,,, 
2017-11-02 00:00:00,80.494,47.2,99.9,47.2,99.9,1819,46.6,,,,,,,, 
2017-11-03 00:00:00,80.476,50.2,99.9,50.3,99.9,1998,48.9,,,,,,,, 
2017-11-04 00:00:00,80.329,50.8,99.9,50.8,99.8,1765,50.4,,,,,,,, 
2017-11-05 00:00:00,79.958,43.8,96.9,43.8,96.8,1574,43.8,,,,,,,, 
2017-11-06 00:00:00,79.732,44.8,98.8,44.8,98.7,1877,44.1,,,,,,,, 
2017-11-07 00:00:00,79.554,48.7,99.9,48.7,99.9,957,48.0,,,,,,,, 
2017-11-08 00:00:00,79.327,39.7,99.4,39.7,99.4,1469,40.3,,,,,,,, 
2017-11-09 00:00:00,79.115,50.0,99.9,50.0,99.9,1677,49.9,,,,,,,, 
2017-11-10 00:00:00,78.644,50.6,93.7,50.6,93.6,1260,50.6,,,,,,,, 
2017-11-11 00:00:00,78.474,51.4,99.9,51.4,99.9,1136,50.8,,,,,,,, 
2017-11-12 00:00:00,78.206,43.6,96.6,43.6,96.6,1395,44.0,,,,,,,, 
2017-11-13 00:00:00,77.911,40.2,96.7,40.2,96.6,1636,40.3,,,,,,,, 
2017-11-14 00:00:00,77.832,48.8,99.9,48.8,99.9,563,48.9,,,,,,,, 
2017-11-15 00:00:00,77.887,53.2,99.9,53.2,99.9,1317,52.5,,,,,,,, 
2017-11-16 00:00:00,77.694,49.2,99.9,49.2,99.9,974,49.9,,,,,,,, 
2017-11-17 00:00:00,77.336,39.2,97.9,39.2,97.9,1205,40.3,,,,,,,, 
2017-11-18 00:00:00,77.244,46.6,99.9,46.6,99.9,536,47.1,,,,,,,, 
2017-11-19 00:00:00,77.145,42.7,99.9,42.7,99.9,1180,43.3,,,,,,,, 
2017-11-20 00:00:00,77.045,51.9,99.9,51.9,99.9,609,51.9,,,,,,,, 
2017-11-21 00:00:00,76.867,54.3,99.9,54.3,99.9,1023,54.3,,,,,,,, 
2017-11-22 00:00:00,76.651,56.3,99.9,56.3,99.9,555,56.8,,,,,,,, 
2017-11-23 00:00:00,76.371,48.0,98.6,48.0,98.6,1153,47.9,,,,,,,, 
2017-11-24 00:00:00,76.141,39.9,98.7,39.9,98.7,922,39.9,,,,,,,, 
2017-11-25 00:00:00,75.980,38.8,97.6,38.8,97.6,1162,39.3,,,,,,,, 
2017-11-26 00:00:00,75.853,41.9,99.2,41.9,99.2,1153,42.3,,,,,,,, 
2017-11-27 00:00:00,75.901,47.2,99.9,47.2,99.9,1138,47.1,,,,,,,, 
2017-11-28 00:00:00,75.622,41.2,95.8,41.2,95.9,905,41.7,,,,,,,, 
2017-11-29 00:00:00,75.410,37.6,99.1,37.6,99.1,929,34.5,,,,,,,, 
2017-11-30 00:00:00,75.234,35.5,91.3,35.6,91.3,945,36.2,,,,,,,, 
2017-12-01 00:00:00,75.095,35.5,99.4,35.5,99.4,832,35.6,,,,,,,, 
2017-12-05 00:00:00,74.518,45.2,99.9,45.2,99.9,1,46.1,,,,,,,, 
2017-12-06 00:00:00,74.408,49.0,99.9,49.0,99.9,590,49.5,,,,,,,, 
2017-12-07 00:00:00,74.274,48.8,99.0,48.8,99.0,901,48.9,,,,,,,, 
2017-12-08 00:00:00,73.993,37.2,99.7,37.2,99.7,911,37.2,,,,,,,, 
2017-12-09 00:00:00,73.930,34.1,99.9,34.1,99.9,800,33.9,,,,,,,, 
2017-12-10 00:00:00,73.916,35.6,99.9,35.6,99.9,467,35.2,,,,,,,, 
2017-12-13 00:00:00,73.852,37.9,99.9,37.9,99.9,0,38.5,,,,,,,, 
2017-12-14 00:00:00,73.751,40.0,99.9,40.0,99.9,677,40.0,,,,,,,, 
2017-12-15 00:00:00,73.731,40.7,99.9,40.7,99.9,1,41.2,,,,,,,, 
2017-12-22 00:00:00,51.300,53.7,99.9,53.7,99.9,1778,-999.9,,,,,,,, 
2017-12-23 00:00:00,72.250,,,,,1390,48.2,,,,,,,, 
2017-12-24 00:00:00,72.100,50.4,99.9,50.1,99.9,485,49.5,,,,,,,, 
2017-12-25 00:00:00,71.967,,,49.9,99.9,312,49.5,,,,,,,, 
2017-12-26 00:00:00,71.890,,,41.4,99.9,454,41.0,,,,,,,, 
2017-12-27 00:00:00,72.744,,,36.3,99.9,164,35.8,,,,,,,, 
2017-12-28 00:00:00,71.631,,,36.0,99.9,200,35.4,,,,,,,, 
2017-12-29 00:00:00,71.638,,,42.1,99.9,594,42.3,,,,,,,, 
2017-12-30 00:00:00,71.548,,,51.5,99.9,655,51.2,,,,,,,, 
2017-12-31 00:00:00,71.431,49.4,99.9,49.8,99.9,435,49.2,,,,,,,, 
2018-01-01 00:00:00,71.168,,,44.0,99.9,460,43.5,,,,,,,, 
2018-01-02 00:00:00,71.125,,,46.8,99.9,251,46.5,,,,,,,, 
2018-01-03 00:00:00,71.731,,,47.6,99.9,658,47.5,,,,,,,, 
2018-01-04 00:00:00,71.407,,,47.8,99.9,405,47.2,,,,,,,, 
2018-01-05 00:00:00,71.141,,,42.1,99.9,538,40.7,,,,,,,, 
2018-01-06 00:00:00,71.843,,,36.8,99.9,303,35.6,,,,,,,, 
2018-01-07 00:00:00,71.676,,,36.0,99.9,554,35.2,,,,,,,, 
2018-01-08 00:00:00,71.572,,,37.5,99.9,176,36.1,,,,,,,, 
2018-01-09 00:00:00,71.664,,,41.8,99.9,180,40.8,,,,,,,, 
2018-01-10 00:00:00,70.794,,,43.5,99.9,522,43.2,,,,,,,, 
2018-01-11 00:00:00,68.837,68.5,55.2,51.2,99.9,652,-245.1,,,,,,,, 
2018-01-12 00:00:00,,68.5,48.7,69.3,99.9,,-378.5,,,,,,,, 
2018-01-13 00:00:00,,67.1,50.1,69.5,99.3,1,42.9,,,,,,,, 
2018-01-14 00:00:00,,67.2,48.7,69.8,87.5,2,39.9,,,,,,,, 
2018-01-15 00:00:00,,65.6,52.3,68.6,88.5,6,46.6,,,,,,,, 
2018-01-16 00:00:00,,64.6,52.6,68.0,88.0,4,40.9,,,,,,,, 
2018-01-17 00:00:00,,65.0,46.8,68.5,68.8,7,41.6,,,,,,,, 
2018-01-18 00:00:00,,64.7,48.4,68.9,66.7,4,44.7,,,,,,,, 
2018-01-19 00:00:00,,64.5,47.5,68.8,63.0,117,39.2,,,,,,,, 
2018-01-20 00:00:00,,65.1,48.8,69.3,64.8,24,39.7,,,,,,,, 
2018-01-29 00:00:00,59.652,43.5,77.3,45.5,99.9,948,48.3,,,,,,,, 
2018-01-30 00:00:00,65.646,39.0,81.7,40.6,99.9,1179,47.2,,,,,,,, 
2018-01-31 00:00:00,65.371,43.1,77.2,44.2,99.9,897,43.2,,,,,,,, 
2018-02-01 00:00:00,67.894,41.0,69.2,42.0,99.9,1371,40.7,,,,,,,, 
2018-02-02 00:00:00,67.760,40.7,69.4,41.9,99.9,1617,39.0,,,,,,,, 
2018-02-03 00:00:00,65.132,41.1,89.2,42.5,99.9,788,41.0,,,,,,,, 
2018-02-04 00:00:00,66.776,38.1,72.7,39.3,99.9,1135,38.2,,,,,,,, 
2018-02-05 00:00:00,67.407,35.5,72.3,36.9,99.9,1129,35.4,,,,,,,, 
2018-02-06 00:00:00,67.288,34.3,76.0,35.7,99.9,1281,34.1,,,,,,,, 
2018-02-07 00:00:00,67.285,33.7,71.5,34.9,99.9,1311,34.5,,,,,,,, 
2018-02-08 00:00:00,66.401,40.2,81.4,41.6,99.9,1301,40.9,,,,,,,, 
2018-02-09 00:00:00,66.265,39.2,76.4,40.4,99.9,1663,39.2,,,,,,,, 
2018-02-10 00:00:00,64.428,42.1,90.5,43.1,99.9,1051,42.8,,,,,,,, 
2018-02-11 00:00:00,66.812,39.3,72.1,40.1,99.9,1307,39.8,,,,,,,, 
2018-02-12 00:00:00,66.818,37.2,76.5,38.2,99.9,1376,37.8,,,,,,,, 
2018-02-13 00:00:00,66.077,38.9,84.9,40.1,99.9,1143,39.5,,,,,,,, 
2018-02-14 00:00:00,65.368,39.4,91.7,40.5,99.9,742,40.1,,,,,,,, 
2018-02-15 00:00:00,66.105,42.6,91.1,43.7,99.9,1484,43.1,,,,,,,, 
2018-02-16 00:00:00,66.384,39.7,90.3,41.1,99.9,1642,40.8,,,,,,,, 
2018-02-17 00:00:00,66.137,42.0,93.4,43.6,99.9,1881,42.9,,,,,,,, 
2018-02-18 00:00:00,65.997,44.7,98.3,46.3,99.9,1183,45.0,,,,,,,, 
2018-02-19 00:00:00,66.028,48.9,98.5,50.7,99.9,1482,-110.4,,,,,,,, 
2018-02-20 00:00:00,66.099,46.7,82.1,47.7,99.9,2073,47.1,,,,,,,, 
2018-02-21 00:00:00,65.833,42.8,88.0,44.3,99.9,1998,42.8,,,,,,,, 
2018-02-22 00:00:00,65.771,36.6,88.3,37.8,99.9,1461,36.1,,,,,,,, 
2018-02-23 00:00:00,65.677,34.3,84.2,34.9,99.9,2189,33.7,,,,,,,, 
2018-02-24 00:00:00,65.537,34.7,78.3,35.3,99.9,2270,34.0,,,,,,,, 
2018-02-25 00:00:00,65.403,34.8,73.6,35.5,99.2,2317,34.2,,,,,,,, 
2018-02-26 00:00:00,65.238,31.3,66.5,32.2,97.1,1598,30.9,,,,,,,, 
2018-02-28 00:00:00,65.147,27.1,72.9,27.8,97.5,1879,26.6,,,,,,,, 
2018-03-01 00:00:00,65.677,25.5,89.1,26.2,99.9,577,25.3,,,,,,,, 
2018-03-02 00:00:00,66.702,28.5,95.1,29.5,99.9,155,28.8,,,,,,,, 
2018-03-03 00:00:00,66.370,34.3,99.1,35.7,99.9,1058,34.9,,,,,,,, 
2018-03-04 00:00:00,66.181,41.2,98.0,42.7,99.9,2423,42.1,,,,,,,, 
2018-03-05 00:00:00,65.940,42.6,99.6,44.7,99.9,2044,43.7,,,,,,,, 
2018-03-06 00:00:00,66.002,41.6,98.6,43.9,99.9,1951,42.7,,,,,,,, 
2018-03-07 00:00:00,65.917,41.2,91.9,42.2,99.9,2904,41.4,,,,,,,, 
2018-03-08 00:00:00,65.614,43.4,94.1,44.3,99.9,1704,43.3,,,,,,,, 
2018-03-09 00:00:00,65.657,42.8,99.9,44.8,99.9,1057,2.6,,,,,,,, 
2018-03-10 00:00:00,65.154,50.1,99.9,52.1,99.9,1667,-237.8,,,,,,,, 
2018-03-11 00:00:00,65.804,47.1,99.9,49.1,99.9,2183,-114.9,,,,,,,, 
2018-03-12 00:00:00,65.619,46.6,99.9,48.7,99.9,1674,-76.6,,,,,,,, 
2018-03-13 00:00:00,65.654,46.2,92.5,47.3,99.9,3539,45.9,,,,,,,, 
2018-03-14 00:00:00,65.503,46.6,99.9,48.3,99.9,1965,47.7,,,,,,,, 
2018-03-15 00:00:00,65.403,49.0,99.9,50.9,99.9,2956,50.3,,,,,,,, 
2018-03-16 00:00:00,65.321,46.1,99.9,48.3,99.9,3041,46.9,,,,,,,, 
2018-03-17 00:00:00,65.293,35.3,99.9,36.4,99.9,964,35.0,,,,,,,, 
2018-03-18 00:00:00,65.295,29.8,99.9,30.7,99.9,210,29.7,,,,,,,, 
2018-03-19 00:00:00,65.203,34.5,97.3,35.1,99.9,1257,33.9,,,,,,,, 
2018-03-20 00:00:00,64.986,39.3,99.8,40.9,99.9,2552,35.4,,,,,,,, 
2018-03-21 00:00:00,64.700,40.6,99.9,41.9,99.9,0,35.6,,,,,,,, 
2018-03-22 00:00:00,64.749,43.7,99.9,45.3,99.9,2125,39.2,,,,,,,, 
2018-03-23 00:00:00,64.514,46.8,99.9,48.5,99.9,2961,45.8,,,,,,,, 
2018-03-24 00:00:00,64.714,44.9,99.9,46.8,99.9,1678,45.3,,,,,,,, 
2018-03-25 00:00:00,64.671,47.2,94.8,49.0,98.2,4765,47.8,,,,,,,, 
2018-03-26 00:00:00,64.517,44.4,99.6,46.5,99.9,4785,45.7,,,,,,,, 
2018-03-27 00:00:00,64.320,47.1,99.9,48.9,99.9,2848,47.3,,,,,,,, 
2018-03-28 00:00:00,64.544,44.5,99.9,46.2,99.9,3454,43.5,,,,,,,, 
2018-03-29 00:00:00,64.503,41.9,99.9,43.6,99.9,2185,41.4,,,,,,,, 
2018-03-30 00:00:00,64.269,38.8,99.9,40.7,99.9,1414,39.2,,,,,,,, 
2018-03-31 00:00:00,64.591,40.3,99.9,41.9,99.9,1149,40.9,,,,,,,, 
2018-04-01 00:00:00,64.741,41.3,99.9,43.1,99.9,3184,43.0,,,,,,,, 
2018-04-02 00:00:00,64.011,47.4,99.9,49.1,99.9,2713,48.3,,,,,,,, 
2018-04-03 00:00:00,63.677,51.9,99.9,53.3,99.9,6448,52.9,,,,,,,, 
2018-04-05 00:00:00,63.986,49.6,99.9,49.7,99.9,11286,48.9,,,,,,,, 
2018-04-06 00:00:00,63.936,50.8,99.9,51.2,99.9,5730,50.1,,,,,,,, 
2018-04-07 00:00:00,63.857,52.1,99.9,52.0,99.9,2194,50.1,,,,,,,, 
2018-04-08 00:00:00,63.707,50.4,99.9,50.9,99.9,1534,48.9,,,,,,,, 
2018-04-09 00:00:00,63.896,49.2,99.9,49.7,99.9,1522,-101.0,,,,,,,, 
2018-04-10 00:00:00,63.845,50.8,99.9,51.3,99.9,1428,49.9,,,,,,,, 
2018-04-11 00:00:00,63.761,49.0,99.9,49.5,99.9,1050,-284.6,,,,,,,, 
2018-04-12 00:00:00,63.557,46.5,99.9,47.3,99.9,1322,-531.3,,,,,,,, 
2018-04-13 00:00:00,63.943,49.0,99.9,50.1,99.9,2165,-329.6,,,,,,,, 
2018-04-14 00:00:00,63.966,56.1,99.9,56.2,99.9,7527,54.4,,,,,,,, 
2018-04-15 00:00:00,63.792,54.0,99.9,53.5,99.9,2557,51.5,,,,,,,, 
2018-04-16 00:00:00,63.650,52.3,99.9,53.1,99.9,5109,52.0,,,,,,,, 
2018-04-17 00:00:00,63.313,55.3,99.9,55.8,99.9,2361,51.6,,,,,,,, 
2018-04-18 00:00:00,63.370,63.8,99.9,64.3,98.5,8992,63.9,,,,,,,, 
2018-04-19 00:00:00,63.488,65.6,99.9,65.4,94.8,9332,64.6,,,,,,,, 
2018-04-20 00:00:00,63.305,60.6,99.9,59.6,99.5,7527,-228.6,,,,,,,, 
2018-04-21 00:00:00,63.236,62.8,99.9,62.0,99.7,4118,60.3,,,,,,,, 
2018-04-22 00:00:00,63.214,60.5,99.9,59.5,99.9,1053,58.6,,,,,,,, 
2018-04-24 00:00:00,62.884,52.5,99.9,50.8,99.9,0,49.2,,,,,,,, 
2018-04-25 00:00:00,63.142,52.4,99.9,52.3,99.9,6511,51.0,,,,,,,, 
2018-04-26 00:00:00,63.014,52.6,99.9,52.8,95.5,8349,50.9,,,,,,,, 
2018-04-27 00:00:00,62.807,49.6,99.9,49.4,99.9,1621,46.6,,,,,,,, 
2018-04-28 00:00:00,62.490,47.6,99.9,48.2,99.9,2180,46.4,,,,,,,, 
2018-04-29 00:00:00,62.885,46.3,99.9,46.8,99.9,2130,45.4,,,,,,,, 
2018-04-30 00:00:00,49.976,46.9,99.9,47.0,94.8,3244,45.6,,,,,,,, 
2018-05-01 00:00:00,34.038,49.7,99.9,49.4,99.9,5739,48.2,,,,,,,, 
2018-05-02 00:00:00,33.575,54.5,99.9,53.2,96.3,6657,51.1,,,,,,,, 
2018-05-03 00:00:00,34.197,56.6,99.9,54.4,95.3,8690,52.5,,,,,,,, 
2018-05-04 00:00:00,34.283,59.8,99.9,58.2,99.9,3373,56.4,,,,,,,, 
2018-05-05 00:00:00,34.324,64.0,99.9,61.8,97.2,8041,60.8,,,,,,,, 
2018-05-06 00:00:00,34.292,68.2,99.9,65.2,89.9,10481,64.0,,,,,,,, 
2018-05-07 00:00:00,34.279,71.7,99.4,68.8,93.5,10529,67.8,,,,,,,, 
2018-05-08 00:00:00,34.248,61.0,97.1,58.1,99.9,7198,54.7,,,,,,,, 
2018-05-09 00:00:00,34.240,57.6,98.4,56.4,99.8,5953,54.6,,,,,,,, 
2018-05-10 00:00:00,34.199,56.6,95.1,55.3,89.6,8112,53.1,,,,,,,, 
2018-05-11 00:00:00,34.150,55.0,92.7,54.4,99.9,3059,52.4,,,,,,,, 
2018-05-12 00:00:00,34.181,54.7,97.4,53.5,98.1,4543,51.6,,,,,,,, 
2018-05-13 00:00:00,34.150,57.7,95.2,56.5,88.6,7588,55.1,,,,,,,, 
2018-05-14 00:00:00,34.315,59.4,82.2,58.5,86.1,10075,56.6,,,,,,,, 
2018-05-15 00:00:00,34.615,63.9,82.9,63.4,91.9,10926,61.3,,,,,,,, 
2018-05-16 00:00:00,34.442,58.2,92.3,58.5,99.9,3615,56.8,,,,,,,, 
2018-05-17 00:00:00,34.469,46.3,92.9,47.6,99.9,442,44.8,,,,,,,, 
2018-05-25 00:00:00,33.535,58.1,99.9,60.4,99.9,2751,58.4,,,,,,,, 
2018-05-26 00:00:00,33.275,62.6,99.9,63.7,99.9,3800,-305.1,,,,,,,, 
2018-05-27 00:00:00,33.674,64.2,99.9,65.5,99.9,4188,52.7,,,,,,,, 
2018-05-28 00:00:00,33.278,64.9,99.9,66.0,99.9,3865,-204.3,,,,,,,, 
2018-05-29 00:00:00,32.902,63.0,99.9,64.0,99.9,2891,62.8,,,,,,,, 
2018-05-30 00:00:00,33.081,59.4,99.9,61.1,99.9,1549,-212.2,,,,,,,, 
2018-05-31 00:00:00,33.373,64.5,99.9,64.9,99.9,5139,-500.0,,,,,,,, 
2018-06-01 00:00:00,33.275,66.8,99.9,67.7,99.9,4719,-243.1,,,,,,,, 
2018-06-02 00:00:00,33.290,67.4,95.7,67.5,99.9,8578,66.3,,,,,,,, 
2018-06-03 00:00:00,33.125,70.2,87.8,70.0,94.1,11325,67.9,,,,,,,, 
2018-06-04 00:00:00,32.955,65.6,99.9,67.0,99.9,5026,64.9,,,,,,,, 
2018-06-05 00:00:00,32.990,59.3,99.9,60.9,99.9,3894,58.3,,,,,,,, 
2018-06-06 00:00:00,32.878,63.8,88.4,64.2,92.7,12127,61.9,,,,,,,, 
2018-06-07 00:00:00,32.838,61.6,99.9,63.1,99.9,3990,60.6,,,,,,,, 
2018-06-08 00:00:00,32.845,63.2,99.9,64.2,99.9,3312,62.5,,,,,,,, 
2018-06-09 00:00:00,32.810,66.8,99.4,66.5,99.9,9207,65.3,,,,,,,, 
2018-06-10 00:00:00,32.728,64.3,99.1,64.7,99.9,11908,62.0,,,,,,,, 
2018-06-13 00:00:00,32.557,69.4,99.9,68.5,99.9,30258,67.5,,,,,,,, 
2018-06-17 00:00:00,45.829,60.9,99.9,62.5,99.9,1595,60.5,,,,,,,, 
2018-06-18 00:00:00,43.107,62.3,99.9,63.3,99.9,7120,62.0,,,,,,,, 
2018-06-19 00:00:00,39.678,65.5,99.9,66.6,99.9,5976,65.1,,,,,,,, 
2018-06-20 00:00:00,39.668,64.3,99.9,66.1,99.9,4324,63.7,,,,,,,, 
2018-06-21 00:00:00,39.551,61.2,79.6,62.1,75.0,12073,59.4,,,,,,,, 
2018-06-22 00:00:00,39.331,62.5,86.8,63.7,84.0,12779,61.2,,,,,,,, 
2018-06-23 00:00:00,39.129,66.3,81.4,67.4,78.3,11621,65.8,,,,,,,, 
2018-06-24 00:00:00,39.458,68.8,77.2,69.4,74.9,12405,67.2,,,,,,,, 
2018-06-25 00:00:00,40.361,72.8,74.5,73.9,72.5,13124,72.3,,,,,,,, 
2018-06-26 00:00:00,40.236,75.0,69.5,76.9,69.3,13290,74.9,,,,,,,, 
2018-06-27 00:00:00,40.188,72.2,86.3,74.8,80.6,12635,71.4,,,,,,,, 
2018-06-28 00:00:00,40.222,70.8,95.8,72.7,86.6,11816,69.1,,,,,,,, 
2018-06-29 00:00:00,40.209,71.8,86.4,73.9,80.9,12980,71.0,,,,,,,, 
2018-06-30 00:00:00,40.186,71.1,85.5,73.3,79.7,11786,69.5,,,,,,,, 
2018-07-01 00:00:00,40.202,70.6,99.7,71.8,97.4,9208,70.0,,,,,,,, 
2018-07-03 00:00:00,40.030,73.9,73.4,77.6,63.9,805,74.3,,,,,,,, 
2018-07-04 00:00:00,40.181,67.7,99.9,70.0,99.6,5830,66.7,,,,,,,, 
2018-07-05 00:00:00,39.730,74.1,88.5,75.6,84.7,10196,73.0,,,,,,,, 
2018-07-06 00:00:00,37.680,73.9,90.2,75.5,85.9,12293,72.7,,,,,,,, 
2018-07-07 00:00:00,37.668,75.0,87.6,75.9,84.3,12454,73.0,,,,,,,, 
2018-07-08 00:00:00,37.612,77.8,85.5,79.0,81.5,12512,76.2,,,,,,,, 
2018-07-09 00:00:00,37.618,76.9,92.3,77.5,87.7,13944,74.7,,,,,,,, 
2018-07-11 00:00:00,37.825,75.4,80.9,77.6,71.1,1725,74.0,,,,,,,, 
2018-07-12 00:00:00,37.501,71.3,97.2,73.0,91.3,6086,69.8,,,,,,,, 
2018-07-13 00:00:00,37.571,67.9,99.9,69.9,99.9,4665,67.2,,,,,,,, 
2018-07-14 00:00:00,37.631,67.3,99.2,68.0,98.5,11821,66.9,,,,,,,, 
2018-07-15 00:00:00,37.345,70.7,95.3,74.5,83.7,225,70.7,,,,,,,, 
2018-07-16 00:00:00,37.433,68.6,99.0,70.8,97.3,6341,68.0,,,,,,,, 
2018-07-17 00:00:00,37.436,65.5,99.9,67.5,96.6,6823,65.2,,,,,,,, 
2018-07-18 00:00:00,37.389,67.2,99.9,68.8,99.6,4322,67.0,,,,,,,, 
2018-07-19 00:00:00,37.389,62.4,99.9,64.1,99.7,7845,62.3,,,,,,,, 