2016-05-15 00:00:00,0.508,,,,,,,,,,,,,,0.00 
2016-05-16 00:00:00,4.157,32.0,0.0,32.0,0.0,,,,,,,,,,0.00 
2016-05-17 00:00:00,4.166,32.0,0.0,32.0,0.0,,,,,,,,,,0.00 
2016-05-18 00:00:00,4.135,32.0,0.0,32.0,0.0,,,,,,,,,,0.00 
2016-05-19 00:00:00,3.339,41.1,14.2,36.3,7.0,,56.9,,,,,,,,0.00 
2016-05-20 00:00:00,4.404,74.1,68.4,71.7,81.0,,63.6,,,,,,,,0.00 
2016-05-21 00:00:00,32.199,78.7,65.1,77.9,77.5,,75.2,,,,,,,,0.00 
2016-05-22 00:00:00,42.619,78.3,65.1,78.0,78.2,,77.7,,,,,,,,0.00 
2016-05-23 00:00:00,42.253,76.7,59.6,75.7,78.5,,,,,,,,,,0.00 
2016-05-24 00:00:00,42.893,77.4,64.7,78.7,79.2,,,,,,,,,,0.00 
2016-05-25 00:00:00,43.006,76.8,64.2,80.5,78.5,,,,,,,,,,0.00 
2016-05-26 00:00:00,43.035,75.4,60.6,77.5,77.6,,,,,,,,,,0.00 
2016-05-27 00:00:00,45.944,75.9,63.3,70.6,82.9,,,,,,,,,,0.00 
2016-05-28 00:00:00,52.893,78.4,63.4,74.4,81.1,,,,,,,,,,0.00 
2016-05-29 00:00:00,2.319,58.9,58.1,74.7,78.0,,,,,,,,,,0.00 
2016-05-30 00:00:00,3.272,80.8,86.7,75.0,75.4,,,,,,,,,,0.00 
2016-05-31 00:00:00,0.973,78.4,99.9,74.4,83.6,,,,,,,,,,0.00 
2016-06-01 00:00:00,0.000,89.1,93.7,72.2,84.6,,,,,,,,,,0.00 
2016-06-02 00:00:00,0.000,72.4,78.4,71.3,92.1,,,,,,,,,,0.00 
2016-06-03 00:00:00,0.000,80.5,95.1,73.7,82.7,,,,,,,,,,0.00 
2016-06-04 00:00:00,0.000,80.0,49.5,76.5,76.5,,,,,,,,,,0.00 
2016-06-05 00:00:00,0.000,69.2,80.3,66.5,94.2,,,,,,,,,,0.00 
2016-06-10 00:00:00,0.055,88.6,1.0,88.5,55.7,,,,,,,,,,0.00 
2016-06-11 00:00:00,22.577,82.5,25.0,80.5,78.5,,,,,,,,,,0.00 
2016-06-12 00:00:00,0.000,80.1,33.3,79.6,82.2,,,,,,,,,,0.00 
2016-06-13 00:00:00,0.000,77.0,76.7,77.8,85.2,,,,,,,,,,0.00 
2016-06-14 00:00:00,0.000,81.4,13.2,80.9,81.8,,,,,,,,,,0.00 
2016-06-15 00:00:00,0.000,87.1,1.0,84.2,75.2,,,,,,,,,,0.00 
2016-06-25 00:00:00,694.922,90.6,1.3,88.2,63.7,,,,,,,,,,0.00 
2016-06-26 00:00:00,846.669,88.3,1.0,86.9,63.7,,,,,,,,,,0.00 
2016-06-27 00:00:00,21.247,87.7,1.0,86.0,66.4,,,,,,,,,,0.00 
2016-06-28 00:00:00,0.000,86.5,1.0,84.2,69.7,,,,,,,,,,0.00 
2016-06-29 00:00:00,0.000,85.0,1.0,83.1,67.7,,,,,,,,,,0.00 
2016-06-30 00:00:00,0.000,85.3,1.8,85.6,60.2,,,,,,,,,,0.00 
2016-07-01 00:00:00,10.137,84.6,1.1,86.2,57.7,,,,,,,,,,0.00 
2016-07-02 00:00:00,4.324,67.7,1.6,87.8,60.9,,,,,,,,,,0.00 
2016-07-03 00:00:00,28.373,52.1,41.2,93.7,55.7,,,,,,,,,,0.00 
2016-07-04 00:00:00,67.903,32.0,0.0,83.1,73.6,,,,,,,,,,0.00 
2016-07-05 00:00:00,67.575,32.0,0.0,84.2,72.1,,,,,,,,,,0.00 
2016-07-06 00:00:00,67.526,32.0,0.0,87.0,65.4,,,,,,,,,,0.00 
2016-07-07 00:00:00,66.919,32.0,0.0,87.3,63.3,,,,,,,,,,0.00 
2016-07-08 00:00:00,66.570,32.0,0.0,,,,,,,,,,,,0.00 
2016-07-09 00:00:00,66.595,32.0,0.0,,,,,,,,,,,,0.00 
2016-07-10 00:00:00,64.505,32.0,0.0,,,,,,,,,,,,0.00 
2016-07-11 00:00:00,61.967,32.0,0.0,,,,,,,,,,,,0.00 
2016-07-12 00:00:00,58.269,32.0,0.0,,,,,,,,,,,,0.00 
2016-07-13 00:00:00,54.295,32.0,0.0,,,,,,,,,,,,0.00 
2016-07-14 00:00:00,50.706,32.0,0.0,,,,,,,,,,,,0.00 
2016-07-15 00:00:00,50.029,32.0,0.0,,,,,,,,,,,,0.00 
2016-07-16 00:00:00,48.997,32.0,0.0,,,,,,,,,,,,0.00 
2016-07-17 00:00:00,45.871,32.0,0.0,,,,,,,,,,,,0.00 
2016-07-18 00:00:00,44.219,32.0,0.0,,,,,,,,,,,,0.00 
2016-07-19 00:00:00,43.316,32.0,0.0,,,,,,,,,,,,0.00 
2016-07-20 00:00:00,42.679,32.0,0.0,,,,,,,,,,,,0.00 
2016-07-21 00:00:00,42.702,32.0,0.0,,,,,,,,,,,,0.00 
2016-07-22 00:00:00,43.159,32.0,0.0,,,,,,,,,,,,0.00 
2016-07-23 00:00:00,43.949,32.0,0.0,,,,,,,,,,,,0.00 
2016-07-24 00:00:00,45.265,32.0,0.0,,,,,,,,,,,,0.00 
2016-07-25 00:00:00,47.278,32.0,0.0,,,,,,,,,,,,0.00 
2016-07-26 00:00:00,48.995,32.0,0.0,,,,,,,,,,,,0.00 
2016-07-27 00:00:00,50.626,32.0,0.0,,,,,,,,,,,,0.00 
2016-07-28 00:00:00,52.363,32.0,0.0,,,,,,,,,,,,0.00 
2016-07-29 00:00:00,54.716,32.0,0.0,,,,,,,,,,,,0.00 
2016-07-30 00:00:00,56.653,32.0,0.0,,,,,,,,,,,,0.00 
2016-07-31 00:00:00,56.168,32.0,0.0,68.7,30.7,,,,,,,,,,0.00 
2016-08-01 00:00:00,67.191,,,90.0,51.8,,,,,,,,,,0.00 
2016-08-02 00:00:00,68.657,,,90.0,47.9,,,,,,,,,,0.00 
2016-08-03 00:00:00,70.442,,,91.2,52.9,,,,,,,,,,0.00 
2016-08-04 00:00:00,71.712,,,91.6,51.2,,,,,,,,,,0.00 
2016-08-05 00:00:00,73.736,98.3,35.7,91.2,52.0,,,,,,,,,,0.00 
2016-08-06 00:00:00,80.331,95.2,40.7,90.4,55.9,,,,,,,,,,0.00 
2016-08-07 00:00:00,79.203,96.1,36.2,106.5,33.9,,,,,,,,,,0.00 
2016-08-08 00:00:00,76.595,95.3,38.5,95.1,47.6,,,,,,,,,,0.00 
2016-08-09 00:00:00,75.538,94.5,38.8,93.2,50.3,,,,,,,,,,0.00 
2016-08-10 00:00:00,73.509,94.8,37.6,95.0,49.6,,,,,,,,,,0.00 
2016-08-11 00:00:00,73.836,94.9,37.3,95.9,46.9,,,,,,,,,,0.00 
2016-08-12 00:00:00,72.434,94.8,40.7,92.1,55.1,,,,,,,,,,0.00 
2016-08-13 00:00:00,77.803,93.2,42.0,85.6,67.9,,,,,,,,,,0.00 
2016-08-14 00:00:00,75.810,92.8,35.7,83.3,60.4,,,,,,,,,,0.00 
2016-08-15 00:00:00,74.313,92.3,40.0,76.3,71.4,,,,,,,,,,0.00 
2016-08-16 00:00:00,74.284,92.9,38.9,76.2,74.7,,,,,,,,,,0.00 
2016-08-17 00:00:00,75.261,92.4,44.2,77.9,80.3,,,,,,,,,,0.00 
2016-08-18 00:00:00,79.911,93.4,46.1,78.1,81.0,,,,,,,,,,0.00 
2016-08-19 00:00:00,85.488,92.7,45.7,73.6,89.8,,,,,,,,,,0.00 
2016-08-20 00:00:00,70.972,93.5,48.5,76.6,83.1,,,,,,,,,,0.00 
2016-08-21 00:00:00,64.341,93.6,41.4,78.6,69.3,,,,,,,,,,0.00 
2016-08-22 00:00:00,67.162,93.2,49.3,78.3,80.4,,,,,,,,,,0.00 
2016-08-23 00:00:00,67.954,94.2,48.0,85.0,69.0,,,,,,,,,,0.00 
2016-08-24 00:00:00,65.544,93.8,44.2,86.1,62.9,,,,,,,,,,0.00 
2016-08-25 00:00:00,63.234,93.6,41.1,87.2,60.0,,,,,,,,,,0.00 
2016-08-26 00:00:00,62.027,92.9,44.9,83.3,70.4,,,,,,,,,,0.00 
2016-08-27 00:00:00,61.214,93.5,42.3,84.1,68.3,,,,,,,,,,0.00 
2016-08-28 00:00:00,59.583,93.4,40.7,83.8,64.9,,,,,,,,,,0.00 
2016-08-29 00:00:00,64.754,93.3,45.3,78.1,78.5,,,,,,,,,,0.00 
2016-08-30 00:00:00,71.845,93.6,46.3,82.5,74.2,,,,,,,,,,0.00 
2016-08-31 00:00:00,67.909,93.7,45.7,83.2,72.9,,,,,,,,,,0.00 
2016-09-01 00:00:00,66.057,93.2,46.9,78.8,78.3,,,,,,,,,,0.00 
2016-09-02 00:00:00,64.570,93.3,44.2,80.2,73.3,,,,,,,,,,0.00 
2016-09-03 00:00:00,62.450,93.5,43.0,79.1,65.4,,,,,,,,,,0.00 
2016-09-04 00:00:00,61.538,93.6,42.4,83.9,62.3,,,,,,,,,,0.00 
2016-09-05 00:00:00,62.227,93.9,43.8,85.8,66.1,,,,,,,,,,0.00 
2016-09-06 00:00:00,62.944,93.7,44.5,85.3,69.3,,,,,,,,,,0.00 
2016-09-07 00:00:00,63.100,94.1,44.6,87.1,66.2,,,,,,,,,,0.00 
2016-09-08 00:00:00,62.792,94.1,44.0,87.4,62.6,,,,,,,,,,0.00 
2016-09-09 00:00:00,62.188,93.8,41.1,87.0,60.9,,,,,,,,,,0.00 
2016-09-10 00:00:00,75.091,92.4,42.8,73.2,77.5,,,,,,,,,,0.00 
2016-09-11 00:00:00,79.932,93.1,40.9,73.8,66.1,,,,,,,,,,0.00 
2016-09-12 00:00:00,77.711,93.1,42.5,81.3,64.1,,,,,,,,,,0.00 
2016-09-13 00:00:00,76.004,92.7,46.0,83.1,67.2,,,,,,,,,,0.00 
2016-09-14 00:00:00,74.921,92.0,49.3,82.3,71.1,,,,,,,,,,0.00 
2016-09-15 00:00:00,78.862,91.9,46.3,82.1,72.0,,,,,,,,,,0.00 
2016-09-16 00:00:00,90.476,92.8,45.0,83.1,67.8,,,,,,,,,,0.00 
2016-09-17 00:00:00,88.403,93.1,45.0,81.4,70.6,,,,,,,,,,0.00 
2016-09-18 00:00:00,87.030,93.1,45.2,85.3,64.3,,,,,,,,,,0.00 
2016-09-19 00:00:00,84.477,93.8,46.4,89.5,60.9,,,,,,,,,,0.00 
2016-09-20 00:00:00,80.019,93.6,44.8,86.8,60.8,,,,,,,,,,0.00 
2016-09-21 00:00:00,75.481,93.3,41.7,81.9,66.1,,,,,,,,,,0.00 
2016-09-22 00:00:00,74.426,93.7,39.7,81.4,60.3,,,,,,,,,,0.00 
2016-09-23 00:00:00,74.290,93.7,44.1,85.2,63.0,,,,,,,,,,0.00 
2016-09-24 00:00:00,76.884,92.8,47.6,82.4,72.6,,,,,,,,,,0.00 
2016-09-25 00:00:00,86.693,92.1,46.5,59.0,81.0,,,,,,,,,,0.00 
2016-09-26 00:00:00,83.742,92.7,44.8,63.9,62.7,,,,,,,,,,0.00 
2016-09-27 00:00:00,80.942,92.9,40.8,68.0,61.9,,,,,,,,,,0.00 
2016-09-28 00:00:00,81.677,93.4,41.0,9.3,57.6,,,,,,,,,,0.00 
2016-09-29 00:00:00,81.026,92.6,35.5,66.2,65.2,,,,,,,,,,0.00 
2016-09-30 00:00:00,79.437,92.5,39.1,66.0,66.6,,,,,,,,,,0.00 
2016-10-01 00:00:00,79.431,92.6,39.2,51.7,69.7,,,,,,,,,,0.00 
2016-10-02 00:00:00,78.979,92.3,39.4,-402.2,47.5,,,,,,,,,, 
2016-10-03 00:00:00,78.704,92.4,40.5,75.1,61.7,,,,,,,,,, 
2016-10-04 00:00:00,77.903,92.8,43.9,53.0,64.8,,,,,,,,,, 
2016-10-05 00:00:00,76.706,92.9,44.7,83.6,66.7,,,,,,,,,, 
2016-10-06 00:00:00,75.368,92.5,46.0,69.1,69.1,,,,,,,,,, 
2016-10-07 00:00:00,86.073,91.0,43.2,46.0,83.8,,,,,,,,,, 
2016-10-08 00:00:00,80.857,91.1,43.7,63.2,75.8,,,,,,,,,, 
2016-10-09 00:00:00,79.066,91.0,45.2,37.6,67.8,,,,,,,,,, 
2016-10-10 00:00:00,76.768,91.0,45.0,46.6,63.8,,,,,,,,,, 
2016-10-11 00:00:00,75.802,91.3,43.7,47.1,54.0,,,,,,,,,, 
2016-10-12 00:00:00,75.793,92.8,46.1,78.1,60.3,,,,,,,,,, 
2016-10-13 00:00:00,74.929,91.1,47.2,64.5,73.4,,,,,,,,,, 
2016-10-14 00:00:00,74.563,91.2,47.8,60.8,76.6,,,,,,,,,, 
2016-10-15 00:00:00,74.177,92.3,48.1,78.2,72.7,,,,,,,,,, 
2016-10-16 00:00:00,73.647,93.0,46.8,81.4,67.8,,,,,,,,,, 
2016-10-17 00:00:00,74.168,92.9,46.9,81.3,67.8,,,,,,,,,, 
2016-10-18 00:00:00,74.270,92.7,48.1,81.6,69.2,,,,,,,,,, 
2016-10-19 00:00:00,73.986,92.0,46.9,74.6,69.3,,,,,,,,,, 
2016-10-20 00:00:00,86.035,89.7,40.4,67.8,67.9,,,,,,,,,, 
2016-10-21 00:00:00,85.932,88.0,44.6,54.0,66.0,,,,,,,,,, 
2016-10-22 00:00:00,82.722,87.6,43.3,57.7,57.1,,,,,,,,,, 
2016-10-23 00:00:00,80.048,88.6,44.7,68.1,61.2,,,,,,,,,, 
2016-10-24 00:00:00,77.756,90.7,47.5,74.1,68.4,,,,,,,,,, 
2016-10-25 00:00:00,74.416,89.5,48.5,72.6,71.6,,,,,,,,,, 
2016-10-26 00:00:00,72.590,89.2,47.4,74.9,67.1,,,,,,,,,, 
2016-10-27 00:00:00,69.890,89.4,46.0,76.2,64.2,,,,,,,,,, 
2016-10-28 00:00:00,66.975,88.4,43.0,74.7,60.9,,,,,,,,,, 
2016-10-29 00:00:00,65.450,88.7,43.7,75.2,61.0,,,,,,,,,, 
2016-10-30 00:00:00,63.732,88.8,45.9,76.6,62.3,,,,,,,,,, 
2016-10-31 00:00:00,62.309,87.9,42.7,75.4,60.1,,,,,,,,,, 
2016-11-01 00:00:00,61.634,89.7,49.0,66.3,60.8,,,,,,,,,, 
2016-11-02 00:00:00,60.912,90.1,52.5,76.2,78.7,,,,,,,,,, 
2016-11-03 00:00:00,92.838,85.5,57.5,67.6,89.6,,,,,,,,,, 
2016-11-04 00:00:00,91.192,84.7,56.9,67.5,86.8,,,,,,,,,, 
2016-11-05 00:00:00,89.288,81.3,52.7,64.7,73.9,,,,,,,,,, 
2016-11-06 00:00:00,89.988,78.5,57.2,62.3,79.5,,,,,,,,,, 
2016-11-07 00:00:00,96.134,80.4,63.4,63.6,93.2,,,,,,,,,, 
2016-11-08 00:00:00,94.744,79.4,60.7,62.1,92.2,,,,,,,,,, 
2016-11-09 00:00:00,86.378,77.2,58.1,59.7,86.7,,,,,,,,,, 
2016-11-10 00:00:00,84.043,74.7,56.4,59.5,77.0,,,,,,,,,, 
2016-11-11 00:00:00,81.513,75.7,55.8,62.9,75.1,,,,,,,,,, 
2016-11-12 00:00:00,79.025,73.8,53.9,57.2,75.9,,,,,,,,,, 
2016-11-13 00:00:00,76.984,74.3,52.1,61.1,71.0,,,,,,,,,, 
2016-11-14 00:00:00,75.257,76.8,53.7,63.9,69.2,,,,,,,,,, 
2016-11-15 00:00:00,73.671,73.3,54.4,60.2,59.8,,,,,,,,,, 
2016-11-16 00:00:00,72.885,75.7,51.0,62.6,44.0,,,,,,,,,, 
2016-11-17 00:00:00,71.350,78.8,47.5,68.9,61.3,,,,,,,,,, 
2016-11-18 00:00:00,69.307,70.6,46.3,59.1,56.9,,,,,,,,,, 
2016-11-19 00:00:00,67.084,54.5,45.5,45.1,59.2,,,,,,,,,, 
2016-11-20 00:00:00,68.791,54.5,44.9,48.9,56.1,,,,,,,,,, 
2016-11-21 00:00:00,68.599,66.5,44.4,59.1,58.8,,,,,,,,,, 
2016-11-22 00:00:00,67.611,74.5,56.2,66.2,79.2,,,,,,,,,, 
2016-11-23 00:00:00,66.358,64.0,49.3,56.1,64.2,,,,,,,,,, 
2016-11-24 00:00:00,64.561,60.8,52.4,55.0,71.7,,,,,,,,,, 
2016-11-25 00:00:00,64.228,61.9,52.2,54.6,69.6,,,,,,,,,, 
2016-11-26 00:00:00,63.471,62.2,52.6,57.0,69.8,,,,,,,,,, 
2016-11-27 00:00:00,62.827,64.2,59.2,60.5,82.5,,,,,,,,,, 
2016-11-28 00:00:00,64.655,68.2,50.8,65.0,56.4,,,,,,,,,, 
2016-11-29 00:00:00,65.532,62.9,36.7,60.4,43.6,,,,,,,,,, 
2016-11-30 00:00:00,64.186,52.6,34.5,50.1,47.1,,,,,,,,,, 
2016-12-01 00:00:00,63.415,48.5,43.9,50.2,50.9,,,,,,,,,, 
2016-12-02 00:00:00,64.117,55.7,45.2,54.0,60.1,,,,,,,,,, 
2016-12-03 00:00:00,75.849,51.0,58.6,48.0,90.5,,,,,,,,,, 
2016-12-04 00:00:00,82.205,51.1,63.2,47.7,89.0,,,,,,,,,, 
2016-12-05 00:00:00,79.802,49.5,64.6,47.3,88.3,,,,,,,,,, 
2016-12-06 00:00:00,79.042,50.7,65.5,48.0,85.2,,,,,,,,,, 
2016-12-07 00:00:00,75.661,44.4,64.7,42.8,80.7,,,,,,,,,, 
2016-12-08 00:00:00,74.536,43.6,61.2,37.3,73.4,,,,,,,,,, 
2016-12-09 00:00:00,66.860,29.5,51.1,25.3,70.0,,,,,,,,,, 
2016-12-15 00:00:00,66.360,45.7,62.9,44.8,82.3,,,,,,,,,, 
2016-12-16 00:00:00,67.407,56.7,65.0,56.4,78.4,,,,,,,,,, 
2016-12-17 00:00:00,66.648,50.9,62.6,46.8,81.0,,,,,,,,,, 
2016-12-18 00:00:00,64.066,24.1,50.6,20.3,61.7,,,,,,,,,, 
2016-12-19 00:00:00,66.039,26.3,49.1,25.7,55.5,,,,,,,,,, 
2016-12-20 00:00:00,60.834,37.8,49.6,41.4,44.2,,,,,,,,,, 
2016-12-21 00:00:00,60.140,47.4,49.8,50.5,52.3,,,,,,,,,, 
2016-12-22 00:00:00,59.752,47.4,46.1,45.6,57.3,,,,,,,,,, 
2016-12-23 00:00:00,59.058,45.6,58.9,45.7,80.9,,,,,,,,,, 
2016-12-24 00:00:00,60.121,61.2,68.1,62.0,85.8,,,,,,,,,, 
2016-12-25 00:00:00,60.376,72.1,66.9,71.3,75.9,,,,,,,,,, 
2016-12-26 00:00:00,58.293,66.6,56.0,65.5,51.6,,,,,,,,,, 
2016-12-27 00:00:00,57.426,55.2,47.0,56.2,47.6,,,,,,,,,, 
2016-12-28 00:00:00,56.866,64.9,51.4,65.7,57.7,,,,,,,,,, 
2016-12-29 00:00:00,56.147,52.8,32.7,50.4,34.8,,,,,,,,,, 
2016-12-30 00:00:00,56.180,44.7,35.7,46.1,41.0,,,,,,,,,, 
2016-12-31 00:00:00,56.850,56.2,41.0,55.9,53.9,,,,,,,,,, 
2017-01-01 00:00:00,57.355,50.9,54.1,52.6,74.2,,,,,,,,,, 
2017-01-02 00:00:00,68.430,60.1,59.4,62.4,69.3,,,,,,,,,, 
2017-01-03 00:00:00,66.149,48.9,55.1,46.7,68.2,,,,,,,,,, 
2017-01-04 00:00:00,60.135,35.2,50.6,33.8,59.4,,,,,,,,,, 
2017-01-05 00:00:00,58.067,33.4,55.2,31.9,71.0,,,,,,,,,, 
2017-01-06 00:00:00,61.010,24.8,50.4,20.9,71.6,,,,,,,,,, 
2017-01-07 00:00:00,66.364,23.8,53.6,24.6,64.6,,,,,,,,,, 
2017-01-08 00:00:00,63.386,32.0,50.0,35.0,47.8,,,,,,,,,, 
2017-01-09 00:00:00,55.787,50.9,54.4,52.7,66.5,,,,,,,,,, 
2017-01-10 00:00:00,54.778,63.6,53.3,57.8,58.2,,,,,,,,,, 
2017-01-11 00:00:00,54.658,65.5,57.8,-15.8,67.4,,,,,,,,,, 
2017-01-12 00:00:00,55.002,62.9,58.3,60.6,74.0,,,,,,,,,, 
2017-01-13 00:00:00,55.374,45.5,56.9,42.8,79.8,,,,,,,,,, 
2017-01-14 00:00:00,58.123,41.2,65.8,39.3,94.9,,,,,,,,,, 
2017-01-15 00:00:00,60.092,48.9,71.4,48.4,97.7,,,,,,,,,, 
2017-01-16 00:00:00,63.230,53.8,73.0,52.9,83.4,,,,,,,,,, 
2017-01-17 00:00:00,62.056,46.8,68.9,45.5,80.9,,,,,,,,,, 
2017-01-18 00:00:00,62.844,49.1,71.2,48.1,92.8,,,,,,,,,, 
2017-01-19 00:00:00,62.093,55.0,72.2,55.4,83.2,,,,,,,,,, 
2017-01-20 00:00:00,60.403,58.1,64.1,59.7,53.9,,,,,,,,,, 
2017-01-21 00:00:00,60.194,55.4,63.5,57.5,73.5,,,,,,,,,, 
2017-01-22 00:00:00,59.943,55.0,58.2,53.7,60.7,,,,,,,,,, 
2017-01-23 00:00:00,58.567,50.9,55.1,50.1,63.1,,,,,,,,,, 
2017-01-24 00:00:00,58.292,59.5,53.6,63.6,53.0,,,,,,,,,, 
2017-01-25 00:00:00,57.002,49.3,45.5,48.0,53.7,,,,,,,,,, 
2017-01-26 00:00:00,53.612,38.4,48.8,40.6,54.6,,,,,,,,,, 
2017-01-27 00:00:00,52.150,38.9,46.8,39.6,55.2,,,,,,,,,, 
2017-01-28 00:00:00,51.497,42.7,43.2,44.3,49.4,,,,,,,,,, 
2017-01-29 00:00:00,51.350,50.5,40.1,53.9,41.1,,,,,,,,,, 
2017-01-30 00:00:00,51.783,53.0,40.9,58.6,32.2,,,,,,,,,, 
2017-01-31 00:00:00,52.036,57.4,38.6,60.1,25.8,,,,,,,,,, 
2017-02-01 00:00:00,51.215,62.2,37.5,64.0,47.1,,,,,,,,,, 
2017-02-02 00:00:00,49.619,46.1,40.2,43.4,57.9,,,,,,,,,, 
2017-02-03 00:00:00,48.311,44.3,42.6,43.2,55.7,,,,,,,,,, 
2017-02-04 00:00:00,47.498,48.8,47.1,48.2,61.5,,,,,,,,,, 
2017-02-05 00:00:00,48.350,60.6,57.9,61.8,77.2,,,,,,,,,, 
2017-02-06 00:00:00,48.343,71.8,60.5,72.0,72.5,,,,,,,,,, 
2017-02-07 00:00:00,46.516,67.9,48.6,69.0,45.8,,,,,,,,,, 
2017-02-08 00:00:00,45.300,58.0,40.6,57.9,44.1,,,,,,,,,, 
2017-02-09 00:00:00,41.408,47.4,39.0,47.5,48.9,,,,,,,,,, 
2017-02-10 00:00:00,41.933,60.3,48.2,62.9,61.1,,,,,,,,,, 
2017-02-11 00:00:00,42.991,72.9,55.5,74.9,64.9,,,,,,,,,, 
2017-02-12 00:00:00,41.844,66.8,49.1,69.2,49.1,,,,,,,,,, 
2017-02-13 00:00:00,41.107,58.9,38.3,57.4,47.8,,,,,,,,,, 
2017-02-14 00:00:00,53.681,45.9,58.5,43.9,88.8,,,,,,,,,, 
2017-02-15 00:00:00,56.309,47.7,58.8,48.5,65.1,,,,,,,,,, 
2017-02-16 00:00:00,56.930,49.5,53.7,52.4,55.6,,,,,,,,,, 
2017-02-17 00:00:00,56.651,58.1,51.9,59.7,61.4,,,,,,,,,, 
2017-02-18 00:00:00,55.935,66.0,56.5,68.5,64.3,,,,,,,,,, 
2017-02-19 00:00:00,55.749,65.1,63.1,66.5,84.7,,,,,,,,,, 
2017-02-20 00:00:00,62.615,61.0,67.7,60.1,84.8,,,,,,,,,, 
2017-02-21 00:00:00,60.278,60.4,62.5,60.9,64.5,,,,,,,,,, 
2017-02-22 00:00:00,56.785,60.8,55.2,66.0,55.1,,,,,,,,,, 
2017-02-23 00:00:00,54.421,69.0,50.4,72.5,52.8,,,,,,,,,, 
2017-02-24 00:00:00,51.918,57.3,45.4,56.4,54.1,,,,,,,,,, 
2017-02-25 00:00:00,50.480,44.5,42.5,44.3,51.1,,,,,,,,,, 
2017-02-26 00:00:00,50.554,50.2,52.7,53.6,66.1,,,,,,,,,, 
2017-02-27 00:00:00,50.840,67.6,61.9,70.1,74.5,,,,,,,,,, 
2017-02-28 00:00:00,49.508,72.8,64.4,76.1,69.3,,,,,,,,,, 
2017-03-01 00:00:00,47.930,61.7,48.4,-269.6,35.3,,,,,,,,,, 
2017-03-02 00:00:00,44.358,48.4,41.9,-438.5,31.5,,,,,,,,,, 
2017-03-03 00:00:00,42.923,51.4,42.6,-210.8,37.6,,,,,,,,,, 
2017-03-04 00:00:00,42.589,52.9,49.6,-269.2,56.1,,,,,,,,,, 
2017-03-05 00:00:00,43.754,58.0,64.5,-259.6,76.5,,,,,,,,,, 
2017-03-06 00:00:00,45.300,73.1,66.5,-303.7,58.9,,,,,,,,,, 
2017-03-07 00:00:00,44.380,64.1,47.3,-287.2,31.3,,,,,,,,,, 
2017-03-08 00:00:00,41.392,57.6,48.5,-295.7,45.4,,,,,,,,,, 
2017-03-09 00:00:00,40.122,70.1,57.2,-100.2,66.0,,,,,,,,,, 
2017-03-10 00:00:00,40.570,64.6,62.9,56.6,81.8,,,,,,,,,, 
2017-03-11 00:00:00,42.082,64.0,60.2,62.0,74.8,,,,,,,,,, 
2017-03-12 00:00:00,42.864,49.5,59.5,47.9,76.1,,,,,,,,,, 
2017-03-13 00:00:00,42.693,56.2,57.3,53.4,64.5,,,,,,,,,, 
2017-03-14 00:00:00,43.640,50.5,49.2,51.6,54.3,,,,,,,,,, 
2017-03-15 00:00:00,43.972,56.1,49.5,55.1,59.6,,,,,,,,,, 
2017-03-16 00:00:00,44.632,64.2,59.3,64.0,76.7,,,,,,,,,, 
2017-03-17 00:00:00,44.315,73.3,61.3,73.0,71.2,,,,,,,,,, 
2017-03-18 00:00:00,43.813,75.8,58.6,75.0,69.4,,,,,,,,,, 
2017-03-19 00:00:00,44.847,75.1,58.1,74.7,69.3,,,,,,,,,, 
2017-03-20 00:00:00,45.938,78.3,49.6,78.2,56.2,,,,,,,,,, 
2017-03-21 00:00:00,45.784,77.1,46.2,76.8,54.3,,,,,,,,,, 
2017-03-22 00:00:00,45.929,76.5,53.3,75.0,66.4,,,,,,,,,, 
2017-03-23 00:00:00,46.577,76.0,49.5,74.9,57.8,,,,,,,,,, 
2017-03-24 00:00:00,49.156,72.4,47.2,64.6,56.2,,,,,,,,,, 
2017-03-25 00:00:00,53.305,65.6,45.8,63.8,57.6,,,,,,,,,, 
2017-03-26 00:00:00,59.815,71.7,55.0,68.9,66.3,,,,,,,,,, 
2017-03-27 00:00:00,59.352,74.7,58.1,65.9,72.0,,,,,,,,,, 
2017-03-28 00:00:00,59.477,73.8,61.8,69.4,76.2,,,,,,,,,, 
2017-03-29 00:00:00,73.377,77.0,60.3,68.0,68.9,,,,,,,,,, 
2017-03-30 00:00:00,70.741,73.1,60.7,64.9,58.2,,,,,,,,,, 
2017-03-31 00:00:00,63.677,80.2,61.3,70.3,59.2,,,,,,,,,, 
2017-04-01 00:00:00,57.250,85.7,57.4,68.6,67.7,,,,,,,,,, 
2017-04-02 00:00:00,70.712,83.4,62.1,61.9,87.4,,,,,,,,,, 
2017-04-03 00:00:00,69.094,87.0,60.4,67.4,64.5,,,,,,,,,, 
2017-04-04 00:00:00,67.749,90.6,55.7,72.9,56.1,,,,,,,,,, 
2017-04-05 00:00:00,65.851,87.8,47.7,58.7,56.6,,,,,,,,,, 
2017-04-06 00:00:00,65.953,89.2,53.4,63.1,52.8,,,,,,,,,, 
2017-04-07 00:00:00,65.236,90.8,52.1,65.5,49.8,,,,,,,,,, 
2017-04-08 00:00:00,63.647,92.1,49.8,72.7,61.3,,,,,,,,,, 
2017-04-09 00:00:00,61.782,92.8,50.2,75.3,66.7,,,,,,,,,, 
2017-04-10 00:00:00,60.317,92.5,52.8,71.2,79.3,,,,,,,,,, 
2017-04-11 00:00:00,60.223,93.0,54.1,68.2,68.7,,,,,,,,,, 
2017-04-12 00:00:00,58.137,92.5,53.3,68.3,78.1,,,,,,,,,, 
2017-04-13 00:00:00,56.752,92.9,52.5,71.4,75.9,,,,,,,,,, 
2017-04-14 00:00:00,54.087,93.2,49.5,74.7,65.2,,,,,,,,,, 
2017-04-15 00:00:00,51.997,93.2,51.7,74.6,70.9,,,,,,,,,, 
2017-04-16 00:00:00,49.684,93.2,53.5,74.1,74.8,,,,,,,,,, 
2017-04-17 00:00:00,52.456,92.8,56.2,66.8,88.0,,,,,,,,,, 
2017-04-18 00:00:00,61.180,93.5,54.7,71.9,76.4,,,,,,,,,, 
2017-04-19 00:00:00,56.667,93.0,53.1,74.0,75.9,,,,,,,,,, 
2017-04-20 00:00:00,53.117,93.3,53.9,77.8,70.8,,,,,,,,,, 
2017-04-21 00:00:00,49.207,93.0,54.4,76.1,72.9,,,,,,,,,, 
2017-04-22 00:00:00,46.386,92.3,52.8,56.6,74.4,,,,,,,,,, 
2017-04-23 00:00:00,43.208,92.9,48.2,57.6,68.0,,,,,,,,,, 
2017-04-24 00:00:00,39.625,92.6,46.3,59.2,66.4,,,,,,,,,, 
2017-04-25 00:00:00,38.038,92.9,46.9,75.5,66.2,,,,,,,,,, 
2017-04-26 00:00:00,37.971,92.6,52.3,63.9,77.8,,,,,,,,,, 
2017-04-27 00:00:00,38.099,92.5,48.7,63.0,66.0,,,,,,,,,, 
2017-04-28 00:00:00,37.366,92.9,49.1,77.8,69.1,,,,,,,,,, 
2017-04-29 00:00:00,37.559,92.7,53.3,73.9,74.4,,,,,,,,,, 
2017-04-30 00:00:00,36.466,92.2,46.6,57.0,56.6,,,,,,,,,, 
2017-05-01 00:00:00,35.834,92.7,43.7,67.5,48.1,,,,,,,,,, 
2017-05-02 00:00:00,34.715,92.8,42.8,77.2,51.3,,,,,,,,,, 
2017-05-03 00:00:00,34.166,93.1,45.9,70.8,66.3,,,,,,,,,, 
2017-05-04 00:00:00,35.178,92.8,42.3,63.9,57.5,,,,,,,,,, 
2017-05-05 00:00:00,34.355,93.0,42.0,67.6,50.5,,,,,,,,,, 
2017-05-06 00:00:00,34.483,93.1,42.3,74.8,49.4,,,,,,,,,, 
2017-05-07 00:00:00,32.604,93.4,42.0,68.1,62.5,,,,,,,,,, 
2017-05-08 00:00:00,32.283,92.9,42.2,76.5,58.9,,,,,,,,,, 
2017-05-09 00:00:00,32.894,92.6,46.0,76.8,68.5,,,,,,,,,, 
2017-05-10 00:00:00,32.910,92.2,47.6,75.1,78.6,,,,,,,,,, 
2017-05-11 00:00:00,33.173,93.4,47.0,77.3,62.8,,,,,,,,,, 
2017-05-12 00:00:00,33.129,92.8,45.4,70.8,62.6,,,,,,,,,, 
2017-05-13 00:00:00,34.343,93.4,48.9,62.7,77.5,,,,,,,,,, 
2017-05-14 00:00:00,34.725,93.2,47.3,79.6,58.0,,,,,,,,,, 
2017-05-15 00:00:00,35.104,91.4,43.6,75.3,70.7,,,,,,,,,, 
2017-05-20 00:00:00,51.576,92.9,48.0,74.0,60.8,,,,,,,,,, 
2017-05-21 00:00:00,50.336,92.8,51.9,71.0,60.1,,,,,,,,,, 
2017-05-22 00:00:00,58.124,92.6,48.8,71.5,72.0,,,,,,,,,, 
2017-05-23 00:00:00,60.279,92.8,51.6,66.1,79.3,,,,,,,,,, 
2017-05-24 00:00:00,56.762,93.3,46.3,70.5,54.7,,,,,,,,,, 
2017-05-25 00:00:00,50.599,93.7,42.6,80.2,48.9,,,,,,,,,, 
2017-05-26 00:00:00,50.629,94.7,50.6,85.9,67.1,,,,,,,,,, 
2017-05-27 00:00:00,58.186,93.4,58.4,84.4,68.9,,,,,,,,,, 
2017-05-28 00:00:00,57.179,93.0,57.0,75.8,80.4,,,,,,,,,, 
2017-05-29 00:00:00,58.471,93.6,45.6,77.2,61.2,,,,,,,,,, 
2017-05-30 00:00:00,58.167,94.1,43.8,78.7,56.4,,,,,,,,,, 
2017-06-03 00:00:00,82.832,92.4,54.1,67.6,96.0,,,,,,,,,, 
2017-06-04 00:00:00,82.800,93.2,55.4,67.6,96.0,,,,,,,,,, 
2017-06-05 00:00:00,81.978,92.8,55.9,72.8,88.0,,,,,,,,,, 
2017-06-06 00:00:00,80.006,93.4,50.3,80.9,67.3,,,,,,,,,, 
2017-06-07 00:00:00,77.019,92.8,50.2,78.4,68.1,,,,,,,,,, 
2017-06-08 00:00:00,75.135,92.8,47.7,-783.6,40.4,,,,,,,,,, 
2017-06-09 00:00:00,78.355,92.1,49.6,70.8,81.1,,,,,,,,,, 
2017-06-10 00:00:00,78.556,93.6,50.8,79.4,67.6,,,,,,,,,, 
2017-06-11 00:00:00,75.522,93.7,48.2,87.8,54.8,,,,,,,,,, 
2017-06-12 00:00:00,73.014,94.0,49.3,91.6,50.0,,,,,,,,,, 
2017-06-13 00:00:00,70.912,94.3,51.5,91.0,55.1,,,,,,,,,, 
2017-06-14 00:00:00,68.996,94.2,52.0,83.0,73.7,,,,,,,,,, 
2017-06-15 00:00:00,67.657,94.5,52.2,87.9,64.7,,,,,,,,,, 
2017-06-16 00:00:00,66.967,94.6,52.7,89.8,62.0,,,,,,,,,, 
2017-06-17 00:00:00,66.861,94.3,53.9,87.3,67.3,,,,,,,,,, 
2017-06-18 00:00:00,70.919,93.6,63.8,87.3,68.9,,,,,,,,,, 
2017-06-19 00:00:00,74.199,92.6,65.3,74.8,77.6,,,,,,,,,, 
2017-06-20 00:00:00,73.912,93.4,60.8,84.6,68.0,,,,,,,,,, 
2017-06-21 00:00:00,73.881,93.8,56.8,83.4,61.0,,,,,,,,,, 
2017-06-22 00:00:00,76.343,93.7,58.4,82.2,72.9,,,,,,,,,, 
2017-06-23 00:00:00,78.179,95.0,60.8,87.9,71.1,,,,,,,,,, 
2017-06-25 00:00:00,94.966,93.2,54.7,81.2,57.4,,,,,,,,,, 
2017-06-26 00:00:00,94.482,93.5,58.9,80.5,70.4,,,,,,,,,, 
2017-06-27 00:00:00,97.593,93.7,60.5,82.5,73.8,,,,,,,,,, 
2017-06-28 00:00:00,106.063,93.9,59.8,83.8,70.0,,,,,,,,,, 
2017-06-29 00:00:00,101.020,94.3,57.1,85.9,69.1,,,,,,,,,, 
2017-06-30 00:00:00,95.410,94.9,56.9,88.2,66.9,,,,,,,,,, 
2017-07-01 00:00:00,104.251,93.8,56.5,76.6,81.4,,,,,,,,,, 
2017-07-02 00:00:00,104.835,94.6,55.3,86.5,69.7,,,,,,,,,, 
2017-07-03 00:00:00,98.955,94.9,58.0,88.3,65.5,,,,,,,,,, 
2017-07-04 00:00:00,108.963,93.5,62.2,83.7,72.0,,,,,,,,,, 
2017-07-05 00:00:00,101.122,94.3,57.3,80.7,66.5,,,,,,,,,, 
2017-07-06 00:00:00,96.492,94.3,56.2,78.8,70.8,,,,,,,,,, 
2017-07-07 00:00:00,93.335,94.7,55.9,87.8,66.9,,,,,,,,,, 
2017-07-08 00:00:00,95.676,94.4,56.1,85.8,70.6,,,,,,,,,, 
2017-07-09 00:00:00,104.826,93.8,57.3,82.5,74.6,,,,,,,,,, 
2017-07-10 00:00:00,98.250,94.6,55.4,60.5,65.8,,,,,,,,,, 
2017-07-11 00:00:00,92.624,94.6,53.9,76.1,61.6,,,,,,,,,, 
2017-07-12 00:00:00,88.813,94.6,52.9,89.2,61.0,,,,,,,,,, 
2017-07-13 00:00:00,86.368,94.8,51.2,64.1,58.6,,,,,,,,,, 
2017-07-14 00:00:00,87.430,94.6,53.6,76.7,60.6,,,,,,,,,, 
2017-07-15 00:00:00,87.877,93.9,55.8,85.9,69.4,,,,,,,,,, 
2017-07-16 00:00:00,88.995,94.6,55.9,86.5,70.0,,,,,,,,,, 
2017-07-20 00:00:00,95.255,95.2,51.0,94.1,48.9,,,,,,,,,, 
2017-07-21 00:00:00,94.296,95.4,53.1,93.0,54.4,,,,,,,,,, 
2017-07-22 00:00:00,93.804,95.4,53.8,91.4,59.3,,,,,,,,,, 
2017-07-23 00:00:00,94.304,95.0,51.0,92.2,55.2,,,,,,,,,, 
2017-07-24 00:00:00,94.762,94.1,56.3,78.2,73.7,,,,,,,,,, 
2017-07-25 00:00:00,94.987,94.7,53.8,89.2,63.8,,,,,,,,,, 
2017-07-26 00:00:00,92.343,94.9,52.1,78.5,56.9,,,,,,,,,, 
2017-07-27 00:00:00,90.281,95.2,50.7,53.2,51.9,,,,,,,,,, 
2017-07-28 00:00:00,90.371,95.6,51.9,94.3,49.9,,,,,,,,,, 
2017-07-29 00:00:00,90.441,94.6,53.8,75.8,61.1,,,,,,,,,, 
2017-07-30 00:00:00,90.171,94.1,51.4,73.1,61.5,,,,,,,,,, 
2017-07-31 00:00:00,90.229,93.8,47.4,84.8,54.7,,,,,,,,,, 
2017-08-01 00:00:00,89.700,93.6,51.0,56.7,65.1,,,,,,,,,, 
2017-08-02 00:00:00,98.618,92.8,56.1,74.3,89.5,,,,,,,,,, 
2017-08-03 00:00:00,103.940,93.7,53.2,76.4,73.3,,,,,,,,,, 
2017-08-04 00:00:00,99.397,93.7,52.2,73.8,64.3,,,,,,,,,, 
2017-08-05 00:00:00,96.160,93.9,50.5,88.8,61.6,,,,,,,,,, 
2017-08-06 00:00:00,90.541,94.3,52.3,88.7,64.7,,,,,,,,,, 
2017-08-07 00:00:00,90.832,92.8,55.0,82.3,74.5,,,,,,,,,, 
2017-08-08 00:00:00,88.554,92.5,51.9,81.3,70.3,,,,,,,,,, 
2017-08-09 00:00:00,84.869,92.9,51.9,83.3,68.6,,,,,,,,,, 
2017-08-10 00:00:00,82.580,94.3,53.2,89.0,62.7,,,,,,,,,, 
2017-08-11 00:00:00,81.667,94.4,52.3,89.8,60.1,,,,,,,,,, 
2017-08-12 00:00:00,81.908,93.7,55.8,79.2,70.9,,,,,,,,,, 
2017-08-13 00:00:00,103.519,93.1,59.4,82.4,82.6,,,,,,,,,, 
2017-08-14 00:00:00,105.128,93.5,57.8,84.5,74.0,,,,,,,,,, 
2017-08-15 00:00:00,102.266,93.5,56.4,86.7,66.6,,,,,,,,,, 
2017-08-16 00:00:00,98.156,94.4,54.6,88.4,64.4,,,,,,,,,, 
2017-08-17 00:00:00,94.561,93.4,54.3,84.6,70.1,,,,,,,,,, 
2017-08-18 00:00:00,92.279,91.2,57.1,80.0,80.5,,,,,,,,,, 
2017-08-19 00:00:00,91.225,93.3,57.6,87.3,68.8,,,,,,,,,, 
2017-08-20 00:00:00,87.252,94.5,53.9,90.7,56.7,,,,,,,,,, 
2017-08-21 00:00:00,82.629,94.0,52.1,82.9,58.0,,,,,,,,,, 
2017-08-22 00:00:00,79.533,94.2,52.6,89.5,59.0,,,,,,,,,, 
2017-08-23 00:00:00,76.931,92.2,55.3,82.4,73.7,,,,,,,,,, 
2017-08-24 00:00:00,98.572,90.9,58.8,78.8,84.6,,,,,,,,,, 
2017-08-25 00:00:00,100.429,91.8,56.9,80.7,73.8,,,,,,,,,, 
2017-08-26 00:00:00,98.412,90.6,56.8,76.3,79.7,,,,,,,,,, 
2017-08-27 00:00:00,97.016,90.4,58.5,76.8,81.4,,,,,,,,,, 
2017-08-28 00:00:00,94.761,90.6,58.7,77.2,80.4,,,,,,,,,, 
2017-08-29 00:00:00,87.125,90.5,55.3,78.0,71.7,,,,,,,,,, 
2017-08-30 00:00:00,78.747,90.5,52.7,78.5,67.5,,,,,,,,,, 
2017-08-31 00:00:00,74.531,91.0,52.4,78.7,65.2,,,,,,,,,, 
2017-09-01 00:00:00,72.462,90.3,54.0,78.8,65.4,,,,,,,,,, 
2017-09-02 00:00:00,71.383,92.1,55.5,76.8,62.4,,,,,,,,,, 
2017-09-03 00:00:00,70.904,93.9,54.6,86.1,58.5,,,,,,,,,, 
2017-09-04 00:00:00,70.652,93.8,52.9,86.1,56.8,,,,,,,,,, 
2017-09-05 00:00:00,70.264,92.9,51.1,80.9,58.3,,,,,,,,,, 
2017-09-06 00:00:00,70.455,89.9,45.9,73.2,51.3,,,,,,,,,, 
2017-09-07 00:00:00,71.166,88.7,47.2,73.6,50.8,,,,,,,,,, 
2017-09-08 00:00:00,71.412,89.7,47.4,73.8,54.1,,,,,,,,,, 
2017-09-09 00:00:00,71.018,90.2,47.5,74.3,57.0,,,,,,,,,, 
2017-09-10 00:00:00,70.701,89.8,47.5,73.0,58.8,,,,,,,,,, 
2017-09-11 00:00:00,70.182,89.7,48.2,70.5,60.1,,,,,,,,,, 
2017-09-12 00:00:00,70.231,89.5,50.5,72.5,60.5,,,,,,,,,, 
2017-09-13 00:00:00,70.480,90.8,49.7,76.4,53.6,,,,,,,,,, 
2017-09-14 00:00:00,70.596,92.4,50.4,84.0,53.4,,,,,,,,,, 
2017-09-15 00:00:00,69.937,93.9,49.6,85.1,59.2,,,,,,,,,, 
2017-09-16 00:00:00,69.842,94.3,51.1,86.0,61.7,,,,,,,,,, 
2017-09-17 00:00:00,69.771,94.3,53.1,80.0,60.1,,,,,,,,,, 
2017-09-18 00:00:00,69.892,93.9,52.1,85.7,58.2,,,,,,,,,, 
2017-09-19 00:00:00,71.721,94.2,54.3,86.6,66.4,,,,,,,,,, 
2017-09-20 00:00:00,91.397,94.2,55.7,87.4,65.9,,,,,,,,,, 
2017-09-21 00:00:00,80.465,94.1,53.4,87.3,64.0,,,,,,,,,, 
2017-09-22 00:00:00,73.940,93.8,54.2,83.6,67.3,,,,,,,,,, 
2017-09-23 00:00:00,70.787,94.0,52.6,85.0,60.8,,,,,,,,,, 
2017-09-24 00:00:00,69.467,93.8,51.6,84.0,61.2,,,,,,,,,, 
2017-09-25 00:00:00,69.156,93.7,52.2,83.1,63.0,,,,,,,,,, 
2017-09-26 00:00:00,69.463,93.8,55.7,80.8,71.6,,,,,,,,,, 
2017-09-27 00:00:00,70.317,93.1,57.6,77.0,80.4,,,,,,,,,, 
2017-09-28 00:00:00,102.201,92.1,59.2,69.2,91.7,,,,,,,,,, 
2017-09-29 00:00:00,102.706,92.0,58.4,66.3,89.5,,,,,,,,,, 
2017-09-30 00:00:00,102.972,91.8,57.3,63.1,94.9,,,,,,,,,, 
2017-10-03 00:00:00,76.732,92.8,59.4,78.1,85.6,,,,,,,,,, 
2017-10-04 00:00:00,74.602,93.1,59.4,79.3,78.6,,,,,,,,,, 
2017-10-05 00:00:00,69.158,93.0,55.6,79.5,67.1,,,,,,,,,, 
2017-10-06 00:00:00,64.403,93.0,53.2,80.4,62.8,,,,,,,,,, 
2017-10-07 00:00:00,61.489,92.6,49.0,77.6,56.5,,,,,,,,,, 
2017-10-08 00:00:00,60.410,90.1,49.1,74.0,52.3,,,,,,,,,, 
2017-10-09 00:00:00,59.343,93.3,52.3,82.0,61.2,,,,,,,,,, 
2017-10-10 00:00:00,59.824,87.4,46.8,62.2,61.6,,,,,,,,,, 
2017-10-11 00:00:00,59.065,87.4,50.9,60.5,66.7,,,,,,,,,, 
2017-10-12 00:00:00,58.844,89.6,52.1,72.8,62.7,,,,,,,,,, 
2017-10-13 00:00:00,58.058,93.0,51.9,81.3,65.4,,,,,,,,,, 
2017-10-14 00:00:00,56.968,93.2,51.5,83.3,64.8,,,,,,,,,, 
2017-10-15 00:00:00,57.247,88.6,51.8,67.0,63.7,,,,,,,,,, 
2017-10-16 00:00:00,58.471,85.0,58.4,58.5,59.1,,,,,,,,,, 
2017-10-17 00:00:00,58.435,84.3,61.9,60.6,61.8,,,,,,,,,, 
2017-10-18 00:00:00,57.965,85.7,59.5,54.9,50.0,,,,,,,,,, 
2017-10-19 00:00:00,57.391,88.9,55.7,70.2,58.2,,,,,,,,,, 
2017-10-20 00:00:00,57.038,90.5,55.3,72.4,72.8,,,,,,,,,, 
2017-10-21 00:00:00,56.688,91.8,53.6,78.3,71.4,,,,,,,,,, 
2017-10-22 00:00:00,94.338,85.8,55.7,64.5,68.2,,,,,,,,,, 
2017-10-23 00:00:00,91.950,77.4,61.4,64.5,56.9,,,,,,,,,, 
2017-10-24 00:00:00,88.648,79.1,55.5,60.7,43.8,,,,,,,,,, 
2017-10-25 00:00:00,85.697,68.8,56.6,60.7,46.8,,,,,,,,,, 
2017-10-26 00:00:00,81.262,78.9,55.1,69.9,44.7,,,,,,,,,, 
2017-10-27 00:00:00,75.549,59.8,43.7,49.4,49.3,,,,,,,,,, 
2017-10-28 00:00:00,74.771,47.5,45.4,43.9,44.8,,,,,,,,,, 
2017-10-29 00:00:00,71.833,60.5,47.9,53.9,41.3,,,,,,,,,, 
2017-10-30 00:00:00,68.808,66.9,48.7,61.7,43.6,,,,,,,,,, 
2017-10-31 00:00:00,66.000,54.3,46.9,50.2,60.0,,,,,,,,,, 
2017-11-01 00:00:00,66.522,53.2,59.3,50.5,80.8,,,,,,,,,, 
2017-11-12 00:00:00,84.486,67.2,64.7,63.5,81.3,,,,,,,,,, 
2017-11-13 00:00:00,84.106,62.1,65.0,60.6,83.0,,,,,,,,,, 
2017-11-14 00:00:00,82.965,70.2,65.8,69.8,73.9,,,,,,,,,, 
2017-11-15 00:00:00,81.105,72.2,64.8,69.5,80.2,,,,,,,,,, 
2017-11-16 00:00:00,80.085,67.0,64.0,65.7,79.1,,,,,,,,,, 
2017-11-17 00:00:00,79.438,76.4,65.5,75.2,74.7,,,,,,,,,, 
2017-11-18 00:00:00,78.450,66.8,58.8,62.3,63.2,,,,,,,,,, 
2017-11-19 00:00:00,78.264,47.0,54.5,48.5,59.7,,,,,,,,,, 
2017-11-20 00:00:00,77.938,49.6,52.5,40.1,51.3,,,,,,,,,, 
2017-11-21 00:00:00,77.563,56.6,53.8,57.1,64.9,,,,,,,,,, 
2017-11-22 00:00:00,76.331,46.6,44.1,45.2,44.2,,,,,,,,,, 
2017-11-23 00:00:00,77.185,47.4,49.2,51.7,52.2,,,,,,,,,, 
2017-11-24 00:00:00,76.584,57.7,47.5,61.1,45.6,,,,,,,,,, 
2017-11-25 00:00:00,74.543,59.0,46.8,59.8,56.3,,,,,,,,,, 
2017-11-26 00:00:00,73.126,53.1,51.8,56.8,61.1,,,,,,,,,, 
2017-11-27 00:00:00,72.747,60.5,56.4,63.4,64.3,,,,,,,,,, 
2017-11-28 00:00:00,71.511,65.9,54.6,53.3,61.8,,,,,,,,,, 
2017-11-29 00:00:00,69.699,56.0,49.9,56.0,61.0,,,,,,,,,, 
2017-11-30 00:00:00,69.900,49.1,56.3,50.7,74.3,,,,,,,,,, 
2017-12-01 00:00:00,69.737,55.3,57.6,51.5,68.2,,,,,,,,,, 
2017-12-02 00:00:00,67.498,60.9,57.9,59.3,74.7,6568,66.8,,,,,,,, 
2017-12-03 00:00:00,70.488,65.5,62.2,,,,66.3,,,,,,,, 
2017-12-04 00:00:00,70.745,73.5,63.6,,,,72.6,,,,,,,, 
2017-12-05 00:00:00,71.038,52.9,46.2,,,,49.9,,,,,,,, 
2017-12-06 00:00:00,71.081,47.9,40.9,,,,47.7,,,,,,,, 
2017-12-07 00:00:00,71.142,41.9,39.4,,,,38.8,,,,,,,, 
2017-12-08 00:00:00,71.586,26.2,39.2,,,,24.0,,,,,,,, 
2017-12-09 00:00:00,70.816,49.0,42.5,,,4780,50.1,,,,,,,, 
2017-12-10 00:00:00,70.622,50.7,39.7,54.3,27.6,3784,51.5,,,,,,,, 
2017-12-11 00:00:00,70.489,49.5,38.5,48.6,34.2,7005,55.4,,,,,,,, 
2017-12-12 00:00:00,70.354,47.7,35.7,45.6,37.8,7292,49.3,,,,,,,, 
2017-12-13 00:00:00,70.290,47.4,40.3,47.0,40.8,7107,55.6,,,,,,,, 
2017-12-14 00:00:00,70.140,45.5,39.7,44.0,40.4,5754,41.2,,,,,,,, 
2017-12-15 00:00:00,70.154,41.3,42.4,39.2,46.7,6625,41.3,,,,,,,, 
2017-12-16 00:00:00,70.460,43.2,47.3,43.4,55.0,3731,46.0,,,,,,,, 
2017-12-17 00:00:00,71.240,47.1,60.7,45.7,80.4,1415,46.6,,,,,,,, 
2017-12-18 00:00:00,70.939,50.8,64.7,49.8,84.6,2140,50.1,,,,,,,, 
2017-12-19 00:00:00,71.993,57.0,67.9,55.9,90.8,1793,56.3,,,,,,,, 
2017-12-23 00:00:00,71.411,51.4,68.6,52.5,57.4,16232,50.3,,,,,,,, 
2017-12-24 00:00:00,71.720,40.4,66.1,36.3,63.9,1657,36.9,,,,,,,, 
2017-12-25 00:00:00,71.725,34.0,65.4,33.1,63.8,3687,34.5,,,,,,,, 
2017-12-26 00:00:00,71.598,40.8,65.4,39.5,74.5,1045,39.2,,,,,,,, 
2017-12-27 00:00:00,71.478,36.1,64.0,34.1,61.5,2981,34.0,,,,,,,, 
2017-12-28 00:00:00,71.336,38.1,63.6,37.4,69.5,2504,37.6,,,,,,,, 
2017-12-29 00:00:00,71.197,42.7,65.0,42.1,74.0,3009,42.2,,,,,,,, 
2017-12-30 00:00:00,71.240,43.2,67.5,40.6,86.9,1088,40.7,,,,,,,, 
2017-12-31 00:00:00,71.454,30.0,66.1,26.7,78.9,1342,26.2,,,,,,,, 
2018-01-01 00:00:00,71.188,23.8,61.6,20.8,51.6,6716,20.5,,,,,,,, 
2018-01-02 00:00:00,71.004,24.6,60.5,22.8,50.2,1212,22.7,,,,,,,, 
2018-01-03 00:00:00,70.844,26.2,58.8,25.0,54.2,7582,27.2,,,,,,,, 
2018-01-04 00:00:00,70.239,32.8,57.7,31.2,56.6,5815,35.0,,,,,,,, 
2018-01-05 00:00:00,69.607,41.4,56.6,40.5,53.4,7538,44.9,,,,,,,, 
2018-01-06 00:00:00,68.887,48.3,56.9,48.2,58.1,13500,51.6,,,,,,,, 
2018-01-07 00:00:00,68.817,55.9,63.4,54.4,82.0,2759,58.8,,,,,,,, 
2018-01-08 00:00:00,68.903,49.9,65.0,46.7,74.5,11714,55.0,,,,,,,, 
2018-01-09 00:00:00,68.622,43.2,65.4,41.8,78.3,7226,43.8,,,,,,,, 
2018-01-10 00:00:00,68.525,51.3,68.2,50.4,84.8,5063,50.6,,,,,,,, 
2018-01-11 00:00:00,68.573,47.2,65.6,44.3,71.0,6793,45.9,,,,,,,, 
2018-01-12 00:00:00,68.445,33.9,55.2,31.9,41.4,6155,31.5,,,,,,,, 
2018-01-13 00:00:00,68.148,34.7,50.8,32.6,40.9,7661,34.0,,,,,,,, 
2018-01-14 00:00:00,67.860,37.1,52.6,36.8,51.7,8462,39.9,,,,,,,, 
2018-01-15 00:00:00,67.622,43.5,56.2,41.5,64.6,10333,43.9,,,,,,,, 
2018-01-16 00:00:00,67.659,27.5,42.2,22.9,34.7,6890,22.6,,,,,,,, 
2018-01-17 00:00:00,67.759,20.4,45.0,18.4,45.6,7311,21.0,,,,,,,, 
2018-01-18 00:00:00,67.554,27.6,47.0,27.8,48.6,6503,30.6,,,,,,,, 
2018-01-19 00:00:00,67.049,44.5,51.1,44.8,56.4,6757,45.3,,,,,,,, 
2018-01-20 00:00:00,66.664,61.2,61.4,60.8,74.7,13137,60.6,,,,,,,, 
2018-01-21 00:00:00,66.443,65.8,63.8,65.3,74.9,7653,65.8,,,,,,,, 
2018-01-22 00:00:00,66.095,52.3,45.9,49.8,31.6,10542,51.0,,,,,,,, 
2018-01-23 00:00:00,65.767,41.9,43.5,41.3,40.5,5864,43.2,,,,,,,, 
2018-01-24 00:00:00,65.579,39.3,45.8,40.3,51.1,4434,43.8,,,,,,,, 
2018-01-25 00:00:00,65.555,45.7,44.9,47.5,45.8,5405,51.4,,,,,,,, 
2018-01-26 00:00:00,65.644,56.5,49.3,55.9,68.9,4835,56.1,,,,,,,, 
2018-01-27 00:00:00,65.904,59.9,58.5,56.7,67.2,4887,57.8,,,,,,,, 
2018-01-28 00:00:00,65.953,43.9,51.9,45.5,48.6,4189,46.9,,,,,,,, 
2018-01-29 00:00:00,65.885,42.1,47.7,40.9,44.7,5431,42.7,,,,,,,, 
2018-01-30 00:00:00,65.649,42.3,46.7,43.9,51.3,3515,45.5,,,,,,,, 
2018-01-31 00:00:00,65.358,58.7,43.7,58.6,45.7,3756,59.8,,,,,,,, 
2018-02-01 00:00:00,65.263,56.2,43.6,53.4,52.1,5150,55.0,,,,,,,, 
2018-02-02 00:00:00,65.209,42.8,37.1,40.7,37.9,2210,41.1,,,,,,,, 
2018-02-03 00:00:00,65.208,47.3,42.9,47.7,55.4,8228,49.0,,,,,,,, 
2018-02-04 00:00:00,65.241,52.7,53.5,50.0,73.3,8683,50.1,,,,,,,, 
2018-02-05 00:00:00,65.401,32.8,47.1,31.7,57.2,0,32.8,,,,,,,, 
2018-02-06 00:00:00,65.646,34.9,54.2,33.7,81.0,1288,34.0,,,,,,,, 
2018-02-07 00:00:00,65.650,37.0,56.4,35.0,71.2,4847,30.0,,,,,,,, 
2018-02-08 00:00:00,65.129,37.9,54.4,38.0,66.8,6120,40.8,,,,,,,, 
2018-02-09 00:00:00,64.816,54.5,57.8,55.9,78.0,5625,57.3,,,,,,,, 
2018-02-10 00:00:00,65.197,42.0,58.8,38.5,88.6,0,38.9,,,,,,,, 
2018-02-11 00:00:00,65.120,32.8,55.9,30.9,62.4,4527,31.2,,,,,,,, 
2018-02-12 00:00:00,64.954,33.9,56.6,33.3,70.1,5075,33.6,,,,,,,, 
2018-02-13 00:00:00,64.806,44.8,59.3,44.8,75.8,4004,45.6,,,,,,,, 
2018-02-14 00:00:00,64.661,59.0,64.1,60.4,86.9,8646,50.7,,,,,,,, 
2018-02-15 00:00:00,64.411,70.2,64.3,70.2,86.3,6160,70.1,,,,,,,, 
2018-02-16 00:00:00,64.431,58.6,59.6,55.1,65.3,3682,55.9,,,,,,,, 
2018-02-17 00:00:00,65.244,50.7,60.3,49.7,88.1,5921,51.4,,,,,,,, 
2018-02-18 00:00:00,65.261,50.9,65.2,51.4,99.9,1511,53.2,,,,,,,, 
2018-02-19 00:00:00,64.878,69.2,69.6,70.1,93.2,2617,70.9,,,,,,,, 
2018-02-20 00:00:00,66.513,62.0,69.5,59.0,99.9,1082,59.6,,,,,,,, 
2018-02-21 00:00:00,68.749,35.6,69.1,33.7,99.9,395,33.1,,,,,,,, 
2018-02-22 00:00:00,69.061,35.3,70.6,39.5,99.9,862,34.5,,,,,,,, 
2018-02-23 00:00:00,68.954,41.8,72.8,51.1,99.9,1047,41.9,,,,,,,, 
2018-02-24 00:00:00,68.584,49.7,74.7,53.9,99.9,2784,50.7,,,,,,,, 
2018-02-25 00:00:00,66.838,50.2,74.2,51.1,96.5,6481,52.9,,,,,,,, 
2018-02-26 00:00:00,65.000,52.8,73.4,52.1,96.8,4732,53.9,,,,,,,, 
2018-02-27 00:00:00,64.575,54.5,73.5,54.9,99.9,773,56.6,,,,,,,, 
2018-02-28 00:00:00,64.506,66.6,76.8,65.7,99.9,1460,66.6,,,,,,,, 
2018-03-01 00:00:00,64.329,57.5,75.8,55.2,99.9,2821,56.4,,,,,,,, 
2018-03-02 00:00:00,63.409,51.6,74.5,51.9,97.5,6740,54.5,,,,,,,, 
2018-03-03 00:00:00,61.906,53.4,73.0,60.8,95.2,7217,62.7,,,,,,,, 
2018-03-04 00:00:00,62.032,,,65.4,99.9,850,66.2,,,,,,,, 
2018-03-05 00:00:00,61.954,,,63.1,85.0,9188,65.3,,,,,,,, 
2018-03-06 00:00:00,61.618,,,49.0,71.3,10632,52.1,,,,,,,, 
2018-03-07 00:00:00,61.160,,,46.1,78.4,10163,48.5,,,,,,,, 
2018-03-08 00:00:00,61.120,,,52.1,78.5,7735,53.5,,,,,,,, 
2018-03-09 00:00:00,61.059,,,62.6,97.8,6064,63.2,,,,,,,, 
2018-03-10 00:00:00,61.056,,,70.3,97.9,5202,71.6,,,,,,,, 
2018-03-11 00:00:00,60.913,,,60.4,84.6,4587,61.3,,,,,,,, 
2018-03-12 00:00:00,60.778,,,48.7,90.0,10060,50.5,,,,,,,, 
2018-03-13 00:00:00,60.624,,,47.9,79.8,10079,50.7,,,,,,,, 
2018-03-14 00:00:00,60.322,,,49.8,71.8,9874,52.8,,,,,,,, 
2018-03-15 00:00:00,60.155,,,61.9,88.7,9128,63.2,,,,,,,, 
2018-03-16 00:00:00,60.359,,,69.8,72.5,9907,72.6,,,,,,,, 
2018-03-17 00:00:00,60.365,,,59.8,89.5,5992,62.5,,,,,,,, 
2018-03-18 00:00:00,61.106,,,63.6,99.9,3439,64.9,,,,,,,, 
2018-03-19 00:00:00,60.536,,,62.2,76.8,9780,64.2,,,,,,,, 
2018-03-20 00:00:00,60.213,,,51.8,85.9,9864,53.7,,,,,,,, 
2018-03-21 00:00:00,59.907,,,56.3,75.7,9586,58.2,,,,,,,, 
2018-03-22 00:00:00,59.675,,,65.8,85.6,11694,67.0,,,,,,,, 
2018-03-23 00:00:00,60.019,,,69.0,99.9,4927,69.2,,,,,,,, 
2018-03-24 00:00:00,60.112,,,73.3,88.1,7243,75.0,,,,,,,, 
2018-03-25 00:00:00,57.869,,,66.9,99.9,4850,67.9,,,,,,,, 
2018-03-26 00:00:00,54.884,,,76.2,98.5,6268,76.2,,,,,,,, 
2018-03-27 00:00:00,56.943,,,65.2,99.9,847,65.9,,,,,,,, 
2018-03-28 00:00:00,58.651,,,57.8,99.9,1289,58.3,,,,,,,, 
2018-03-29 00:00:00,57.633,,,59.8,99.9,6268,60.3,,,,,,,, 
2018-03-30 00:00:00,52.216,,,57.8,97.2,6859,58.5,,,,,,,, 
2018-03-31 00:00:00,50.207,,,65.8,99.9,6715,67.6,,,,,,,, 
2018-04-01 00:00:00,75.461,,,61.5,99.9,2824,62.1,,,,,,,, 
2018-04-02 00:00:00,75.841,,,46.3,99.9,1340,47.1,,,,,,,, 
2018-04-03 00:00:00,75.108,,,67.6,94.2,4814,69.1,,,,,,,, 
2018-04-04 00:00:00,74.627,,,52.1,76.7,5778,52.6,,,,,,,, 
2018-04-05 00:00:00,74.819,,,59.8,99.8,5713,61.0,,,,,,,, 
2018-04-06 00:00:00,75.853,,,71.6,99.9,2872,72.4,,,,,,,, 
2018-04-07 00:00:00,76.459,,,40.2,99.9,769,40.3,,,,,,,, 
2018-04-08 00:00:00,75.884,,,44.0,99.9,1790,44.6,,,,,,,, 
2018-04-09 00:00:00,75.144,,,54.4,98.8,3694,56.7,,,,,,,, 
2018-04-10 00:00:00,74.721,,,56.9,87.0,3825,59.1,,,,,,,, 
2018-04-11 00:00:00,74.391,,,64.1,93.9,3680,58.5,,,,,,,, 
2018-04-12 00:00:00,74.498,,,72.8,99.9,4207,73.3,,,,,,,, 
2018-04-13 00:00:00,75.572,,,76.4,98.1,,76.6,,,,,,,, 
2018-04-14 00:00:00,75.619,,,54.3,80.9,,55.8,,,,,,,, 
2018-04-15 00:00:00,74.828,,,49.2,81.6,,51.1,,,,,,,, 
2018-04-16 00:00:00,74.477,,,59.9,90.6,,61.9,,,,,,,, 
2018-04-17 00:00:00,74.162,,,72.6,97.2,,73.9,,,,,,,, 
2018-04-18 00:00:00,74.077,,,69.7,78.4,,71.1,,,,,,,, 
2018-04-19 00:00:00,68.909,,,57.8,84.1,,58.9,,,,,,,, 
2018-05-20 00:00:00,-39.527,,,80.6,56.4,,79.2,,,,,,,, 
2018-06-22 00:00:00,26.448,93.5,99.9,95.1,60.8,520,95.5,,,,,,,,12.07 
2018-06-23 00:00:00,30.943,87.7,99.9,,,3876,88.0,,,,,,,,12.76 
2018-06-24 00:00:00,30.786,88.4,99.6,,,2937,88.7,,,,,,,,12.78 
2018-06-25 00:00:00,30.699,86.5,99.9,,,2706,86.5,,,,,,,,12.73 
2018-06-26 00:00:00,30.587,88.5,99.7,,,3710,88.6,,,,,,,,12.71 
2018-06-27 00:00:00,30.516,91.0,92.2,,,2297,90.9,,,,,,,,12.69 
2018-06-28 00:00:00,30.462,90.7,90.2,,,2042,90.5,,,,,,,,12.69 
2018-06-29 00:00:00,30.436,89.8,95.1,,,2558,89.5,,,,,,,,12.71 
2018-06-30 00:00:00,30.402,89.0,92.8,,,2432,89.1,,,,,,,,12.76 
2018-07-01 00:00:00,30.394,88.0,94.7,,,700,88.8,,,,,,,,12.61 
2018-07-02 00:00:00,30.229,90.4,85.6,,,613,91.7,,,,,,,,12.55 
2018-07-03 00:00:00,30.185,90.5,80.5,,,572,91.7,,,,,,,,12.48 
2018-07-04 00:00:00,30.220,85.1,99.9,,,746,85.0,,,,,,,,12.46 
2018-07-05 00:00:00,30.169,85.2,99.3,,,694,85.8,,,,,,,,12.42 
2018-07-06 00:00:00,30.096,85.5,99.9,,,764,85.7,,,,,,,,12.37 
2018-07-07 00:00:00,30.027,85.5,99.1,,,765,85.8,,,,,,,,12.33 
2018-07-08 00:00:00,30.005,86.3,97.8,,,833,86.1,,,,,,,,12.31 
2018-07-09 00:00:00,29.959,82.7,99.9,,,792,83.2,,,,,,,,12.25 
2018-07-10 00:00:00,30.090,79.9,99.9,,,772,80.4,,,,,,,,12.16 
2018-07-11 00:00:00,30.050,84.5,99.4,,,4074,83.7,,,,,,,,12.19 
2018-07-12 00:00:00,29.943,83.6,98.5,,,1710,83.7,,,,,,,,12.41 
2018-07-13 00:00:00,29.923,85.8,91.6,,,2320,86.2,,,,,,,,12.62 
2018-07-14 00:00:00,29.755,90.2,85.5,,,2675,90.5,,,,,,,,12.68 
2018-07-15 00:00:00,29.777,91.4,84.4,,,2544,91.3,,,,,,,,12.68 
2018-07-16 00:00:00,29.915,91.9,81.1,,,3610,91.9,,,,,,,,12.71 
2018-07-17 00:00:00,32.640,93.4,68.9,,,3553,93.0,,,,,,,,12.71 
2018-07-18 00:00:00,33.400,94.3,68.9,,,2919,94.2,,,,,,,,12.70 
2018-07-19 00:00:00,29.948,96.3,65.5,,,2984,96.7,,,,,,,,12.62 
2018-07-20 00:00:00,29.917,96.1,57.5,,,6292,96.0,,,,,,,,12.60 
2018-07-21 00:00:00,29.926,96.3,55.0,,,4526,96.1,,,,,,,,12.62 
2018-07-22 00:00:00,29.939,96.4,54.3,,,2660,96.4,,,,,,,,12.63 
2018-07-23 00:00:00,29.922,94.2,58.9,,,3886,94.3,,,,,,,,12.73 
2018-07-24 00:00:00,29.917,90.7,71.7,,,3482,90.3,,,,,,,,12.75 
2018-07-25 00:00:00,29.934,90.4,66.7,,,3470,89.8,,,,,,,,12.73 
2018-07-26 00:00:00,29.870,91.1,65.6,,,4131,89.8,,,,,,,,12.75 
2018-07-27 00:00:00,29.832,89.7,68.3,,,2588,89.8,,,,,,,,12.62 
2018-07-28 00:00:00,29.768,91.5,75.9,,,4144,90.5,,,,,,,,12.71 
2018-07-29 00:00:00,29.753,90.9,84.8,,,3311,90.5,,,,,,,,12.72 
2018-07-30 00:00:00,29.784,83.3,98.3,,,2649,82.7,,,,,,,,12.70 
2018-08-02 00:00:00,29.885,90.6,59.5,,,5004,90.5,,,,,,,,12.87 
2018-08-03 00:00:00,30.650,88.0,61.0,,,2947,87.4,,,,,,,,12.67 
2018-08-04 00:00:00,30.262,87.2,73.8,,,2905,85.8,,,,,,,,12.66 
2018-08-05 00:00:00,30.145,89.1,77.3,,,2774,88.8,,,,,,,,12.67 
2018-08-06 00:00:00,30.053,89.7,81.5,,,2523,89.6,,,,,,,,12.66 
2018-08-07 00:00:00,30.001,90.7,80.4,,,2582,90.3,,,,,,,,12.67 
2018-08-08 00:00:00,30.015,87.9,98.7,,,2889,87.4,,,,,,,,12.69 
2018-08-09 00:00:00,30.142,83.6,99.6,,,2891,58.4,,,,,,,,12.69 
2018-08-10 00:00:00,30.195,77.5,99.9,,,1688,77.5,,,,,,,,12.57 
2018-08-11 00:00:00,30.520,74.1,99.9,,,1244,75.3,,,,,,,,12.45 
2018-08-12 00:00:00,30.343,78.3,99.9,,,2898,77.6,,,,,,,,12.57 
2018-08-13 00:00:00,30.211,77.1,99.9,,,1822,77.6,,,,,,,,12.54 
2018-08-14 00:00:00,30.164,80.6,99.9,,,2496,77.6,,,,,,,,12.47 
2018-08-15 00:00:00,29.863,86.8,98.4,,,2742,77.6,,,,,,,,12.53 
2018-08-16 00:00:00,29.831,88.0,96.2,,,3201,87.2,,,,,,,,12.70 
2018-08-17 00:00:00,32.919,88.7,92.7,,,3276,88.7,,,,,,,,12.70 
2018-08-18 00:00:00,37.737,87.0,93.4,,,2770,86.8,,,,,,,,12.65 
2018-08-19 00:00:00,37.055,85.0,99.6,,,3356,85.3,,,,,,,,12.71 
2018-08-20 00:00:00,36.635,83.9,94.7,,,2472,84.0,,,,,,,,12.70 
2018-08-21 00:00:00,35.995,81.2,97.9,,,2768,80.8,,,,,,,,12.72 
2018-08-22 00:00:00,35.475,82.4,94.6,,,2653,82.1,,,,,,,,12.72 
2018-08-23 00:00:00,35.176,86.5,89.8,,,2355,86.3,,,,,,,,12.68 
2018-08-24 00:00:00,34.964,90.0,84.2,,,2349,90.1,,,,,,,,12.67 
2018-08-25 00:00:00,34.869,88.8,89.1,,,1873,88.6,,,,,,,,12.65 
2018-08-26 00:00:00,34.902,88.7,89.3,,,2348,88.6,,,,,,,,12.69 
2018-08-27 00:00:00,34.985,88.7,87.4,,,2352,88.8,,,,,,,,12.67 
2018-08-28 00:00:00,35.047,89.0,87.3,,,2030,88.6,,,,,,,,12.64 
2018-08-29 00:00:00,35.166,88.4,90.0,,,1781,88.4,,,,,,,,12.63 
2018-08-30 00:00:00,35.277,87.1,89.5,,,1815,86.5,,,,,,,,12.65 
2018-08-31 00:00:00,35.319,88.2,86.3,,,1760,87.5,,,,,,,,12.63 
2018-09-01 00:00:00,35.336,87.8,92.1,,,1917,87.8,,,,,,,,12.64 
2018-09-02 00:00:00,35.594,86.6,96.1,,,1972,85.8,,,,,,,,12.67 
2018-09-03 00:00:00,35.915,77.3,99.9,,,1178,76.8,,,,,,,,12.54 
2018-09-04 00:00:00,35.620,80.8,99.9,,,1999,81.2,,,,,,,,12.61 
2018-09-05 00:00:00,35.822,79.5,99.9,,,1627,79.7,,,,,,,,12.61 
2018-09-06 00:00:00,36.122,78.9,99.9,,,1651,78.5,,,,,,,,12.54 
2018-09-07 00:00:00,36.074,79.7,99.9,,,2052,79.3,,,,,,,,12.54 
2018-09-08 00:00:00,36.089,76.0,99.9,,,2414,74.4,,,,,,,,12.39 
2018-09-09 00:00:00,35.725,72.4,99.9,,,3405,72.0,,,,,,,,12.40 
2018-09-10 00:00:00,35.686,72.0,99.9,,,2836,72.3,,,,,,,,12.34 
2018-09-11 00:00:00,39.114,72.8,99.9,,,2809,72.8,,,,,,,,12.19 
2018-09-12 00:00:00,41.673,77.2,99.9,,,3159,77.5,,,,,,,,12.22 
2018-09-13 00:00:00,40.073,79.6,99.9,,,2861,80.0,,,,,,,,12.38 
2018-09-14 00:00:00,37.798,78.9,99.9,,,4109,78.0,,,,,,,,12.50 
2018-09-15 00:00:00,38.163,80.2,99.9,,,3945,79.7,,,,,,,,12.65 
2018-09-16 00:00:00,37.580,81.5,99.9,,,4695,81.2,,,,,,,,12.67 
2018-09-17 00:00:00,37.419,83.0,99.5,,,3209,82.9,,,,,,,,12.68 
2018-09-18 00:00:00,37.179,84.1,97.3,,,2772,84.2,,,,,,,,12.68 
2018-09-19 00:00:00,37.028,84.5,98.4,,,2941,84.6,,,,,,,,12.69 
2018-09-20 00:00:00,36.948,82.3,99.9,,,4089,82.2,,,,,,,,12.73 
2018-09-21 00:00:00,37.105,78.4,99.9,,,3698,78.4,,,,,,,,12.60 
2018-09-22 00:00:00,37.562,72.5,99.9,,,3075,72.0,,,,,,,,12.46 
2018-09-23 00:00:00,37.332,69.4,99.9,,,3969,68.8,,,,,,,,12.31 
2018-09-24 00:00:00,36.890,74.6,99.9,,,8489,74.2,,,,,,,,12.34 
2018-09-25 00:00:00,36.628,78.2,99.2,,,3078,78.6,,,,,,,,12.51 
2018-09-26 00:00:00,36.684,67.1,99.9,,,3262,68.1,,,,,,,,12.53 
2018-09-27 00:00:00,36.268,67.8,97.7,,,1741,68.5,,,,,,,,12.61 
2018-09-28 00:00:00,35.999,71.0,99.9,,,5626,71.3,,,,,,,,12.65 
2018-09-29 00:00:00,32.312,79.5,98.7,76.3,92.5,3349,72.5,,,,,,,,11.87 
2018-09-30 00:00:00,35.914,92.9,95.3,77.2,84.9,4413,78.0,,,,,,,,12.65 
2018-10-01 00:00:00,35.853,92.2,91.8,77.7,87.3,4459,78.8,,,,,,,,12.72 
2018-10-02 00:00:00,35.872,91.1,92.8,78.1,88.4,4003,78.7,,,,,,,,12.70 
2018-10-03 00:00:00,35.886,91.0,89.6,80.4,83.9,2628,80.9,,,,,,,,12.73 
2018-10-04 00:00:00,36.126,92.6,84.0,83.2,76.0,2043,84.5,,,,,,,,12.65 
2018-10-05 00:00:00,36.215,90.4,84.5,81.2,83.4,2743,81.8,,,,,,,,12.69 
2018-10-06 00:00:00,36.397,90.8,87.6,80.3,89.7,4100,81.2,,,,,,,,12.70 
2018-10-07 00:00:00,36.573,88.9,91.2,77.8,97.9,4186,78.5,,,,,,,,12.72 
2018-10-08 00:00:00,36.555,86.7,91.5,75.6,99.8,5046,76.0,,,,,,,,12.72 
2018-10-09 00:00:00,37.026,81.1,92.2,67.0,99.9,1008,67.8,,,,,,,,12.40 
2018-10-10 00:00:00,36.802,78.1,85.9,63.2,92.2,2189,64.0,,,,,,,,12.61 
2018-10-11 00:00:00,36.484,75.5,73.5,61.5,87.5,2876,61.8,,,,,,,,12.71 
2018-10-12 00:00:00,36.435,76.1,75.7,62.9,99.8,2357,63.3,,,,,,,,12.56 
2018-10-13 00:00:00,36.655,76.9,85.0,62.4,99.9,3195,62.5,,,,,,,,12.40 
2018-10-14 00:00:00,46.483,82.9,88.2,64.8,99.9,4588,65.1,,,,,,,,12.57 
2018-10-15 00:00:00,68.331,79.3,75.7,42.7,99.9,0,44.1,,,,,,,,12.37 
2018-10-16 00:00:00,68.177,77.4,75.2,46.4,99.9,3327,47.5,,,,,,,,12.22 
2018-10-17 00:00:00,67.760,77.4,75.0,50.8,99.9,5686,52.0,,,,,,,,12.10 
2018-10-18 00:00:00,66.926,81.0,75.5,58.6,99.9,8921,58.9,,,,,,,,12.19 
2018-10-19 00:00:00,66.492,76.6,82.0,57.9,99.9,4565,59.0,,,,,,,,12.00 
2018-10-20 00:00:00,65.975,78.3,79.1,60.4,99.9,6187,60.6,,,,,,,,12.26 
2018-10-21 00:00:00,64.617,73.4,68.9,56.8,97.3,6915,57.1,,,,,,,,12.52 
2018-10-22 00:00:00,64.363,70.6,71.8,56.2,99.9,5685,54.0,,,,,,,,12.67 
2018-10-23 00:00:00,63.904,73.3,75.0,61.1,99.9,5801,61.1,,,,,,,,12.62 
2018-10-24 00:00:00,63.952,67.8,76.3,54.7,99.9,889,55.6,,,,,,,,12.32 
2018-10-25 00:00:00,63.818,68.4,83.2,55.0,99.9,5295,58.6,,,,,,,,12.37 
2018-10-26 00:00:00,63.325,69.9,85.1,57.9,99.9,5322,63.1,,,,,,,,12.47 
2018-10-27 00:00:00,62.780,74.4,86.9,63.7,99.9,5034,64.0,,,,,,,,12.56 
2018-10-28 00:00:00,62.094,79.1,86.4,68.5,99.9,2746,68.0,,,,,,,,12.55 
2018-10-29 00:00:00,61.709,78.8,88.9,69.8,99.9,4227,69.3,,,,,,,,12.58 
2018-10-30 00:00:00,61.355,80.3,92.4,73.5,99.9,4545,74.3,,,,,,,,12.59 
2018-10-31 00:00:00,61.660,65.5,92.6,58.4,99.9,1360,59.3,,,,,,,,12.33 
2018-11-01 00:00:00,61.525,61.2,90.3,53.3,99.9,,54.4,,,,,,,,12.49 
2018-11-02 00:00:00,61.155,60.9,85.8,56.2,98.0,4488,55.8,,,,,,,,12.58 
2018-11-03 00:00:00,60.723,64.8,82.9,61.7,99.9,4811,61.9,,,,,,,,12.62 
2018-11-04 00:00:00,60.690,58.1,88.6,55.1,99.9,3541,55.0,,,,,,,,12.61 
2018-11-05 00:00:00,60.319,66.2,93.7,63.7,99.9,3743,64.3,,,,,,,,12.60 
2018-11-06 00:00:00,60.205,65.5,95.7,63.1,99.9,3297,62.9,,,,,,,,12.51 
2018-11-07 00:00:00,60.235,65.2,99.9,61.2,99.9,1382,61.5,,,,,,,,12.26 
2018-11-08 00:00:00,60.257,57.2,99.9,54.6,99.9,1658,55.8,,,,,,,,12.14 
2018-11-09 00:00:00,60.256,50.1,99.7,47.5,99.9,4913,48.2,,,,,,,,12.46 
2018-11-10 00:00:00,60.126,44.0,97.3,42.9,90.8,3856,43.6,,,,,,,,12.55 
2018-11-11 00:00:00,59.871,50.1,93.2,48.7,99.9,2050,49.1,,,,,,,,12.32 
2018-11-12 00:00:00,60.112,43.0,98.9,40.5,99.9,1026,41.0,,,,,,,,12.04 
2018-11-13 00:00:00,59.882,35.7,93.8,34.0,97.6,3286,34.1,,,,,,,,12.37 
2018-11-14 00:00:00,59.665,37.1,91.6,36.8,84.2,3343,36.2,,,,,,,,12.53 
2018-11-15 00:00:00,59.148,47.4,91.6,47.6,86.4,2751,46.9,,,,,,,,12.48 
2018-11-16 00:00:00,58.633,56.2,83.8,55.5,77.3,2468,55.9,,,,,,,,12.51 
2018-11-17 00:00:00,58.713,58.0,82.6,56.6,99.8,3164,57.3,,,,,,,,12.54 
2018-11-18 00:00:00,58.913,45.2,81.4,41.9,99.9,2562,42.0,,,,,,,,12.46 