2017-08-01 00:00:00,60.485,95.9,71.1,67.8,88.6,0,64.4,,,,,,,, 
2017-08-02 00:00:00,60.066,95.8,68.4,72.2,79.0,63,73.4,,,,,,,, 
2017-08-03 00:00:00,59.696,95.8,65.5,71.5,73.6,80,72.6,,,,,,,, 
2017-08-04 00:00:00,58.821,95.6,65.7,69.9,83.7,28,70.1,,,,,,,, 
2017-08-05 00:00:00,58.486,95.3,63.6,70.7,76.5,71,72.1,,,,,,,, 
2017-08-06 00:00:00,57.700,95.0,61.8,69.9,75.5,58,70.9,,,,,,,, 
2017-08-07 00:00:00,56.354,95.6,66.2,71.4,99.3,14,69.8,,,,,,,, 
2017-08-08 00:00:00,56.905,95.6,65.0,70.8,92.7,40,72.6,,,,,,,, 
2017-08-09 00:00:00,56.329,95.6,62.9,71.0,84.1,45,72.1,,,,,,,, 
2017-08-10 00:00:00,55.439,95.6,64.2,70.5,93.7,29,69.5,,,,,,,, 
2017-08-11 00:00:00,55.194,95.7,65.3,73.0,93.8,34,72.9,,,,,,,, 
2017-08-12 00:00:00,62.824,95.3,69.4,74.3,95.4,24,74.9,,,,,,,, 
2017-08-13 00:00:00,76.260,91.7,77.5,73.8,91.9,39,74.5,,,,,,,, 
2017-08-14 00:00:00,76.411,90.8,73.7,74.2,92.9,28,74.6,,,,,,,, 
2017-08-15 00:00:00,88.402,92.3,74.0,73.4,99.9,36,76.1,,,,,,,, 
2017-08-16 00:00:00,84.480,92.8,71.8,74.7,92.3,45,77.1,,,,,,,, 
2017-08-17 00:00:00,83.192,93.6,70.7,76.6,91.3,40,77.7,,,,,,,, 
2017-08-18 00:00:00,80.283,92.7,72.1,74.7,95.2,45,74.3,,,,,,,, 
2017-08-19 00:00:00,84.794,93.2,71.5,72.5,87.3,50,73.9,,,,,,,, 
2017-08-20 00:00:00,92.336,93.9,72.4,73.3,86.3,45,75.6,,,,,,,, 
2017-08-21 00:00:00,89.942,94.0,77.2,73.8,89.7,30,74.2,,,,,,,, 
2017-08-22 00:00:00,86.755,94.6,86.4,74.8,87.0,47,75.7,,,,,,,, 
2017-08-23 00:00:00,86.093,94.8,92.7,73.5,87.3,51,73.7,,,,,,,, 
2017-08-24 00:00:00,85.109,95.0,92.4,70.1,81.7,48,71.0,,,,,,,, 
2017-08-25 00:00:00,91.914,94.6,92.9,68.0,83.5,33,69.0,,,,,,,, 
2017-08-26 00:00:00,96.509,94.7,91.2,71.4,83.5,46,59.9,,,,,,,, 
2017-08-27 00:00:00,94.529,95.1,91.8,71.5,82.9,40,60.2,,,,,,,, 
2017-08-28 00:00:00,94.236,94.3,83.7,66.1,79.3,29,65.2,,,,,,,, 
2017-08-29 00:00:00,91.927,94.8,88.7,68.6,83.9,45,68.0,,,,,,,, 
2017-08-30 00:00:00,91.394,94.6,89.5,70.7,86.4,26,70.3,,,,,,,, 
2017-08-31 00:00:00,90.837,94.2,95.5,69.2,99.0,16,67.2,,,,,,,, 
2017-09-01 00:00:00,89.853,94.4,99.9,70.5,88.6,43,71.4,,,,,,,, 
2017-09-02 00:00:00,88.900,94.3,99.9,64.3,89.3,15,62.7,,,,,,,, 
2017-09-03 00:00:00,96.804,94.3,99.9,64.7,78.9,41,65.9,,,,,,,, 
2017-09-04 00:00:00,100.993,94.2,99.9,65.6,81.1,45,67.4,,,,,,,, 
2017-09-05 00:00:00,98.328,94.5,99.9,64.0,93.3,18,64.7,,,,,,,, 
2017-09-06 00:00:00,97.786,94.2,99.9,59.3,95.0,27,58.9,,,,,,,, 
2017-09-07 00:00:00,97.027,93.9,99.9,55.6,81.6,44,56.7,,,,,,,, 
2017-09-08 00:00:00,97.013,93.7,99.9,55.9,82.0,34,56.7,,,,,,,, 
2017-09-09 00:00:00,95.337,93.9,99.9,59.0,80.1,19,59.5,,,,,,,, 
2017-09-10 00:00:00,94.791,94.1,99.9,58.3,72.3,28,58.8,,,,,,,, 
2017-09-11 00:00:00,106.263,93.2,99.9,58.8,94.4,14,58.1,,,,,,,, 
2017-09-13 00:00:00,104.283,93.7,99.9,61.6,81.2,40,65.5,,,,,,,, 
2017-09-16 00:00:00,,,,,,0,77.0,,,,,,,, 
2017-09-17 00:00:00,,,,,,0,67.1,,,,,,,, 
2017-09-18 00:00:00,,,,,,0,66.9,,,,,,,, 
2017-09-19 00:00:00,112.320,94.1,95.6,73.8,70.1,44,67.8,,,,,,,, 
2017-09-20 00:00:00,115.204,93.6,96.4,69.0,80.1,51,69.9,,,,,,,, 
2017-09-21 00:00:00,112.354,93.7,96.7,68.5,81.2,36,68.5,,,,,,,, 
2017-09-22 00:00:00,115.591,93.6,97.8,69.5,79.4,44,71.4,,,,,,,, 
2017-09-23 00:00:00,118.452,92.4,99.4,71.0,77.7,40,71.9,,,,,,,, 
2017-09-24 00:00:00,116.523,93.8,99.3,68.7,75.0,47,69.9,,,,,,,, 
2017-09-25 00:00:00,117.463,93.3,98.7,67.6,73.0,49,68.3,,,,,,,, 
2017-09-26 00:00:00,116.129,92.7,97.3,68.2,73.4,52,68.8,,,,,,,, 
2017-09-27 00:00:00,114.653,93.5,96.8,69.5,73.7,60,70.4,,,,,,,, 
2017-09-28 00:00:00,113.908,93.6,97.0,69.5,73.7,55,69.9,,,,,,,, 
2017-09-29 00:00:00,116.609,93.2,97.3,66.9,75.3,33,66.4,,,,,,,, 
2017-09-30 00:00:00,122.535,92.8,95.4,60.6,62.4,54,60.1,,,,,,,, 
2017-10-01 00:00:00,120.442,91.9,93.0,54.3,63.3,46,53.8,,,,,,,, 
2017-10-02 00:00:00,119.910,91.8,91.6,55.2,66.4,44,55.1,,,,,,,, 
2017-10-03 00:00:00,121.291,91.3,92.9,57.9,69.1,51,59.0,,,,,,,, 
2017-10-04 00:00:00,122.185,90.8,94.2,67.3,55.1,65,69.6,,,,,,,, 
2017-10-05 00:00:00,120.290,90.1,82.7,59.7,67.6,44,61.2,,,,,,,, 
2017-10-06 00:00:00,122.649,90.7,81.3,61.3,68.8,48,62.1,,,,,,,, 
2017-10-07 00:00:00,125.557,90.9,87.8,67.8,78.3,38,68.8,,,,,,,, 
2017-10-08 00:00:00,123.191,90.3,91.3,69.8,96.6,16,68.9,,,,,,,, 
2017-10-09 00:00:00,123.726,90.8,94.4,73.3,93.4,28,73.7,,,,,,,, 
2017-10-10 00:00:00,124.587,92.8,98.0,73.5,93.1,33,74.0,,,,,,,, 
2017-10-11 00:00:00,121.410,92.2,99.6,71.2,84.9,46,71.2,,,,,,,, 
2017-10-12 00:00:00,119.754,90.7,99.9,67.5,76.7,57,68.7,,,,,,,, 
2017-10-13 00:00:00,118.754,89.8,99.9,67.2,78.4,58,66.9,,,,,,,, 
2017-10-14 00:00:00,115.695,91.5,99.9,69.1,77.1,44,68.6,,,,,,,, 
2017-10-15 00:00:00,111.035,93.5,99.9,65.6,80.2,47,66.1,,,,,,,, 
2017-10-16 00:00:00,110.609,92.4,99.9,55.2,78.6,31,53.8,,,,,,,, 
2017-10-17 00:00:00,110.502,91.9,99.9,47.3,69.5,54,47.1,,,,,,,, 
2017-10-18 00:00:00,110.135,91.8,99.9,49.6,69.3,54,50.1,,,,,,,, 
2017-10-19 00:00:00,109.653,92.1,99.9,50.3,67.5,56,51.3,,,,,,,, 
2017-10-20 00:00:00,109.319,92.2,99.9,52.4,64.9,56,54.4,,,,,,,, 
2017-10-21 00:00:00,109.096,92.3,99.9,54.8,66.7,57,56.2,,,,,,,, 
2017-10-22 00:00:00,109.041,92.9,99.9,57.4,71.6,60,58.8,,,,,,,, 
2017-10-23 00:00:00,108.430,92.6,99.9,60.5,96.2,7,60.6,,,,,,,, 
2017-10-24 00:00:00,108.591,92.4,99.9,50.5,74.7,45,50.3,,,,,,,, 
2017-10-25 00:00:00,108.816,92.2,99.9,42.3,71.7,30,40.8,,,,,,,, 
2017-10-26 00:00:00,108.905,92.0,99.9,45.5,62.2,52,37.1,,,,,,,, 
2017-10-27 00:00:00,108.326,92.2,99.9,50.1,62.6,54,38.1,,,,,,,, 
2017-10-28 00:00:00,107.503,91.4,99.9,54.1,79.7,18,41.4,,,,,,,, 
2017-10-29 00:00:00,106.796,91.6,99.9,38.4,85.0,19,36.8,,,,,,,, 
2017-10-30 00:00:00,107.138,91.2,99.9,41.2,59.3,52,40.7,,,,,,,, 
2017-10-31 00:00:00,106.889,91.8,99.9,45.5,71.4,54,46.3,,,,,,,, 
2017-11-01 00:00:00,106.270,91.9,99.9,50.6,72.1,32,52.2,,,,,,,, 
2017-11-02 00:00:00,105.903,92.7,99.9,60.2,70.5,58,61.2,,,,,,,, 
2017-11-03 00:00:00,105.077,92.9,99.9,60.3,83.8,50,60.7,,,,,,,, 
2017-11-04 00:00:00,104.419,93.0,99.9,62.8,90.7,34,62.8,,,,,,,, 
2017-11-05 00:00:00,104.458,92.8,99.9,62.7,81.3,45,61.8,,,,,,,, 
2017-11-06 00:00:00,103.944,91.5,99.9,57.5,92.6,20,58.3,,,,,,,, 
2017-11-07 00:00:00,103.720,89.5,99.9,59.1,99.9,16,59.6,,,,,,,, 
2017-11-08 00:00:00,103.562,87.6,99.9,52.9,93.6,11,51.7,,,,,,,, 
2017-11-09 00:00:00,103.504,87.0,99.9,48.7,88.2,17,47.4,,,,,,,, 
2017-11-10 00:00:00,103.628,86.2,99.9,40.8,72.3,44,39.4,,,,,,,, 
2017-11-11 00:00:00,103.672,84.6,99.9,38.4,67.6,45,37.1,,,,,,,, 
2017-11-12 00:00:00,103.367,82.3,99.9,44.0,72.5,14,42.9,,,,,,,, 
2017-11-13 00:00:00,103.112,79.0,99.9,47.2,76.7,30,46.0,,,,,,,, 
2017-11-14 00:00:00,103.052,80.7,99.9,43.2,71.4,28,42.5,,,,,,,, 
2017-11-15 00:00:00,102.867,78.5,99.9,46.1,68.5,44,40.1,,,,,,,, 
2017-11-16 00:00:00,102.808,79.2,99.9,48.9,59.3,44,47.6,,,,,,,, 
2017-11-17 00:00:00,102.460,80.1,99.9,42.1,60.4,45,42.6,,,,,,,, 
2017-11-18 00:00:00,102.132,81.8,99.9,50.6,70.1,36,51.6,,,,,,,, 
2017-11-19 00:00:00,101.751,82.5,99.9,38.5,81.9,13,37.0,,,,,,,, 
2017-11-20 00:00:00,102.018,80.2,99.9,35.4,67.0,42,34.6,,,,,,,, 
2017-11-21 00:00:00,101.796,78.0,99.9,41.4,80.6,27,44.2,,,,,,,, 
2017-11-22 00:00:00,101.663,77.5,99.9,40.9,69.5,44,41.9,,,,,,,, 
2017-11-23 00:00:00,101.658,78.0,99.9,36.9,67.5,45,37.2,,,,,,,, 
2017-11-24 00:00:00,101.360,79.0,99.9,39.0,68.4,44,40.3,,,,,,,, 
2017-11-25 00:00:00,101.046,79.5,99.9,42.0,67.3,37,45.4,,,,,,,, 
2017-11-26 00:00:00,100.910,78.7,99.9,37.9,58.3,44,38.8,,,,,,,, 
2017-11-27 00:00:00,100.911,77.7,99.9,35.1,57.9,46,37.1,,,,,,,, 
2017-11-28 00:00:00,100.684,77.7,99.9,37.1,56.8,55,40.2,,,,,,,, 
2017-11-29 00:00:00,100.371,79.8,99.9,39.6,64.4,54,43.6,,,,,,,, 
2017-11-30 00:00:00,99.723,80.3,99.9,45.2,74.4,50,47.7,,,,,,,, 
2017-12-01 00:00:00,99.284,79.8,99.9,51.4,82.2,39,52.5,,,,,,,, 
2017-12-02 00:00:00,99.083,79.5,99.9,48.4,81.0,26,50.2,,,,,,,, 
2017-12-03 00:00:00,99.163,78.1,99.9,44.0,71.5,43,46.3,,,,,,,, 
2017-12-04 00:00:00,99.113,76.7,99.9,41.8,66.9,52,44.4,,,,,,,, 
2017-12-05 00:00:00,98.756,76.7,99.9,49.1,93.2,8,51.2,,,,,,,, 
2017-12-06 00:00:00,98.637,75.4,99.9,37.6,69.8,12,36.5,,,,,,,, 
2017-12-07 00:00:00,98.964,71.1,99.9,36.9,59.4,31,36.7,,,,,,,, 
2017-12-08 00:00:00,102.145,68.8,99.9,33.7,80.9,88,32.0,,,,,,,, 
2017-12-09 00:00:00,106.877,66.0,99.9,31.9,74.0,216,31.8,,,,,,,, 
2017-12-10 00:00:00,106.529,64.1,99.9,28.8,56.5,308,31.5,,,,,,,, 
2017-12-11 00:00:00,102.754,62.4,99.9,31.0,71.9,239,34.4,,,,,,,, 
2017-12-12 00:00:00,99.152,62.6,99.9,31.9,60.4,47,32.8,,,,,,,, 
2017-12-13 00:00:00,99.085,61.0,99.9,27.9,38.6,61,27.9,,,,,,,, 
2017-12-14 00:00:00,98.858,60.7,99.9,35.9,58.1,48,38.5,,,,,,,, 
2017-12-15 00:00:00,98.289,62.1,99.9,30.3,67.2,29,29.4,,,,,,,, 
2017-12-16 00:00:00,98.409,61.1,99.9,32.3,60.4,44,32.7,,,,,,,, 
2017-12-17 00:00:00,98.058,61.7,99.9,32.2,77.3,13,33.5,,,,,,,, 
2017-12-18 00:00:00,97.759,64.9,99.9,41.7,78.8,43,45.9,,,,,,,, 
2017-12-19 00:00:00,97.565,70.8,99.9,47.2,65.9,48,51.2,,,,,,,, 
2017-12-20 00:00:00,96.613,70.7,99.9,51.3,99.9,8,50.9,,,,,,,, 
2017-12-21 00:00:00,96.637,66.2,99.9,47.7,88.6,20,48.1,,,,,,,, 
2017-12-22 00:00:00,96.392,67.2,99.9,44.8,95.4,27,46.7,,,,,,,, 
2017-12-23 00:00:00,96.723,69.8,99.9,52.2,98.6,8,52.9,,,,,,,, 
2017-12-24 00:00:00,96.511,73.0,99.9,45.9,85.9,29,45.3,,,,,,,, 
2017-12-25 00:00:00,96.723,72.7,99.9,27.8,44.5,29,25.1,,,,,,,, 
2017-12-26 00:00:00,97.153,71.5,99.9,30.9,46.7,24,29.7,,,,,,,, 
2017-12-27 00:00:00,96.888,71.3,99.9,28.8,66.6,27,27.8,,,,,,,, 
2017-12-28 00:00:00,96.749,71.2,99.9,25.9,65.6,68,25.0,,,,,,,, 
2017-12-29 00:00:00,96.680,69.4,99.9,30.7,53.4,41,30.1,,,,,,,, 
2017-12-30 00:00:00,96.493,72.3,99.9,31.0,62.8,19,30.7,,,,,,,, 
2017-12-31 00:00:00,96.329,72.7,99.9,26.9,60.1,9,24.4,,,,,,,, 
2018-01-01 00:00:00,96.150,73.4,99.9,15.7,44.1,643,12.4,,,,,,,, 
2018-01-02 00:00:00,96.031,72.3,99.9,14.9,44.8,2972,12.5,,,,,,,, 
2018-01-03 00:00:00,95.934,70.4,99.9,21.3,43.7,1886,21.1,,,,,,,, 
2018-01-04 00:00:00,95.778,71.6,99.9,19.0,35.9,1457,16.5,,,,,,,, 
2018-01-05 00:00:00,95.479,72.5,99.9,15.7,33.9,2906,13.2,,,,,,,, 
2018-01-06 00:00:00,95.323,73.9,99.9,13.0,36.4,1967,10.8,,,,,,,, 
2018-01-07 00:00:00,95.227,73.7,99.9,18.9,37.4,1171,18.5,,,,,,,, 
2018-01-08 00:00:00,95.085,72.1,99.9,30.5,58.4,14,31.4,,,,,,,, 
2018-01-09 00:00:00,94.359,78.1,99.9,42.4,81.7,32,44.9,,,,,,,, 
2018-01-10 00:00:00,94.105,78.1,99.9,44.1,85.2,29,47.5,,,,,,,, 
2018-01-11 00:00:00,93.706,78.0,99.9,50.1,99.1,17,51.2,,,,,,,, 
2018-01-12 00:00:00,93.917,80.5,99.9,52.9,98.0,14,53.4,,,,,,,, 
2018-01-13 00:00:00,94.056,83.5,99.9,25.5,72.9,87,23.0,,,,,,,, 
2018-01-14 00:00:00,94.040,82.3,99.9,19.9,56.5,1859,17.8,,,,,,,, 
2018-01-15 00:00:00,94.450,80.2,99.9,24.7,65.1,1533,23.8,,,,,,,, 
2018-01-16 00:00:00,94.138,79.8,99.9,29.5,68.0,40,29.7,,,,,,,, 
2018-01-17 00:00:00,95.929,80.8,99.9,18.0,54.1,1426,15.5,,,,,,,, 
2018-01-18 00:00:00,95.534,78.7,99.9,17.0,45.1,2313,15.5,,,,,,,, 
2018-01-19 00:00:00,94.320,74.6,99.9,25.6,50.3,2269,27.2,,,,,,,, 
2018-01-20 00:00:00,93.660,74.8,99.9,36.3,77.1,46,40.2,,,,,,,, 
2018-01-21 00:00:00,-513.616,80.3,99.9,40.4,80.3,53,44.4,,,,,,,, 
2018-01-22 00:00:00,-384.225,83.3,99.9,44.4,87.8,29,48.7,,,,,,,, 
2018-01-23 00:00:00,91.868,82.3,99.9,44.9,65.9,52,45.3,,,,,,,, 
2018-01-24 00:00:00,92.741,82.9,99.9,36.0,52.8,35,34.4,,,,,,,, 
2018-01-25 00:00:00,92.535,82.1,99.9,33.1,51.7,60,33.6,,,,,,,, 
2018-01-26 00:00:00,92.454,80.8,99.9,33.8,50.2,58,36.9,,,,,,,, 
2018-01-27 00:00:00,92.048,80.8,99.9,45.1,75.1,28,47.6,,,,,,,, 
2018-01-28 00:00:00,-39.108,83.6,99.9,46.9,99.9,9,47.4,,,,,,,, 
2018-01-29 00:00:00,63.788,83.7,99.9,42.8,70.5,48,42.0,,,,,,,, 
2018-01-30 00:00:00,85.005,84.7,99.9,28.8,51.8,271,25.9,,,,,,,, 
2018-01-31 00:00:00,100.157,81.7,99.9,30.0,50.9,94,29.9,,,,,,,, 
2018-02-01 00:00:00,105.422,82.3,99.9,37.9,63.8,51,40.1,,,,,,,, 
2018-02-02 00:00:00,-79.158,82.5,99.9,27.4,52.1,83,23.9,,,,,,,, 
2018-02-03 00:00:00,-750.034,80.2,99.9,30.2,35.6,1081,29.4,,,,,,,, 
2018-02-04 00:00:00,-4.563,79.1,99.9,39.0,79.4,11,38.0,,,,,,,, 
2018-02-05 00:00:00,-386.726,80.1,99.9,33.9,80.6,39,32.9,,,,,,,, 
2018-02-06 00:00:00,-879.930,79.8,99.9,41.2,93.1,26,40.5,,,,,,,, 
2018-02-07 00:00:00,-514.750,81.2,99.9,47.2,99.2,12,48.3,,,,,,,, 
2018-02-08 00:00:00,-105.998,82.6,99.9,35.6,67.0,65,34.6,,,,,,,, 
2018-02-09 00:00:00,91.155,84.1,99.9,38.5,59.9,78,40.1,,,,,,,, 
2018-02-10 00:00:00,90.416,85.5,99.9,49.8,96.6,23,50.8,,,,,,,, 
2018-02-11 00:00:00,89.900,90.8,99.9,56.9,99.9,16,58.4,,,,,,,, 
2018-02-12 00:00:00,89.707,93.4,99.9,49.3,99.9,25,50.4,,,,,,,, 
2018-02-13 00:00:00,89.548,93.1,99.9,44.2,87.6,44,45.1,,,,,,,, 
2018-02-14 00:00:00,36.996,94.1,99.9,48.6,96.8,35,49.7,,,,,,,, 
2018-02-15 00:00:00,-222.087,95.2,99.9,59.0,87.5,57,62.5,,,,,,,, 
2018-02-16 00:00:00,88.919,95.1,99.9,53.1,95.3,17,54.8,,,,,,,, 
2018-02-17 00:00:00,88.629,94.8,99.9,47.7,95.8,18,47.0,,,,,,,, 
2018-02-18 00:00:00,88.914,94.7,99.9,50.5,63.0,69,51.6,,,,,,,, 
2018-02-19 00:00:00,88.358,95.1,99.9,55.8,80.6,50,58.3,,,,,,,, 
2018-02-20 00:00:00,87.830,95.3,99.9,62.5,76.5,82,62.7,,,,,,,, 
2018-02-21 00:00:00,87.562,95.3,99.9,66.3,83.9,66,67.7,,,,,,,, 
2018-02-22 00:00:00,87.714,95.0,99.9,66.9,72.1,88,68.8,,,,,,,, 
2018-02-23 00:00:00,87.208,94.9,99.9,60.2,72.5,88,62.3,,,,,,,, 
2018-02-24 00:00:00,,94.9,99.9,61.6,71.0,39,63.3,,,,,,,, 
2018-02-25 00:00:00,,94.7,99.9,58.2,87.2,10,57.5,,,,,,,, 
2018-02-26 00:00:00,,94.5,99.9,48.0,92.9,28,47.5,,,,,,,, 
2018-02-27 00:00:00,,94.3,99.9,43.0,63.0,72,44.7,,,,,,,, 
2018-02-28 00:00:00,,94.6,99.9,48.4,86.1,16,47.2,,,,,,,, 
2018-03-01 00:00:00,,94.3,99.9,51.9,96.2,14,51.3,,,,,,,, 
2018-03-02 00:00:00,,94.1,99.9,42.1,45.0,61,42.1,,,,,,,, 
2018-03-03 00:00:00,,93.9,99.9,38.3,32.4,78,39.2,,,,,,,, 
2018-03-04 00:00:00,,94.3,99.9,38.9,43.8,84,41.3,,,,,,,, 
2018-03-05 00:00:00,,94.5,99.9,42.2,45.8,75,44.6,,,,,,,, 
2018-03-06 00:00:00,,94.5,99.9,44.5,95.3,19,43.3,,,,,,,, 
2018-03-07 00:00:00,,94.0,99.9,35.3,68.6,38,33.0,,,,,,,, 
2018-03-08 00:00:00,,93.8,99.9,33.1,53.9,100,32.1,,,,,,,, 
2018-03-09 00:00:00,,93.7,99.9,37.7,37.9,78,38.0,,,,,,,, 
2018-03-10 00:00:00,,93.9,99.9,42.0,67.3,24,41.9,,,,,,,, 
2018-03-11 00:00:00,,94.1,99.9,45.1,97.8,22,44.4,,,,,,,, 
2018-03-12 00:00:00,,94.0,99.9,38.2,87.2,19,36.5,,,,,,,, 
2018-03-13 00:00:00,,94.0,99.9,36.5,46.9,86,34.8,,,,,,,, 
2018-03-14 00:00:00,,93.9,99.9,31.5,48.4,692,30.1,,,,,,,, 
2018-03-15 00:00:00,,94.3,99.9,41.1,40.0,115,43.4,,,,,,,, 
2018-03-16 00:00:00,,94.8,99.9,50.7,39.2,103,53.4,,,,,,,, 
2018-03-17 00:00:00,,94.8,99.9,51.8,60.7,73,55.6,,,,,,,, 
2018-03-18 00:00:00,,94.8,99.9,55.8,66.8,87,58.3,,,,,,,, 
2018-03-19 00:00:00,,94.8,99.9,54.5,73.7,71,55.9,,,,,,,, 
2018-03-20 00:00:00,,95.1,99.9,54.9,83.2,68,54.9,,,,,,,, 
2018-03-21 00:00:00,,94.3,99.9,33.7,63.0,0,31.6,,,,,,,, 
2018-03-22 00:00:00,,94.0,99.9,35.9,47.5,89,35.5,,,,,,,, 
2018-03-23 00:00:00,,94.1,99.9,40.3,40.0,114,40.4,,,,,,,, 
2018-03-24 00:00:00,,94.1,99.9,41.9,78.0,16,39.9,,,,,,,, 
2018-03-25 00:00:00,,93.9,99.9,42.3,92.0,35,42.5,,,,,,,, 
2018-03-26 00:00:00,,94.1,99.9,45.9,38.8,105,47.8,,,,,,,, 
2018-03-27 00:00:00,,94.4,99.9,50.4,49.2,86,50.9,,,,,,,, 
2018-03-28 00:00:00,,94.8,99.9,56.1,71.6,185,57.9,,,,,,,, 
2018-03-29 00:00:00,,94.9,99.9,61.9,66.8,231,64.5,,,,,,,, 
2018-03-30 00:00:00,,94.6,99.9,53.3,81.1,128,52.6,,,,,,,, 
2018-03-31 00:00:00,,94.7,99.9,48.8,55.9,205,49.3,,,,,,,, 
2018-04-01 00:00:00,,94.9,99.9,52.5,60.0,125,54.5,,,,,,,, 
2018-04-02 00:00:00,,95.0,99.9,54.0,79.9,71,56.1,,,,,,,, 
2018-04-03 00:00:00,,95.1,99.9,60.7,63.0,232,63.6,,,,,,,, 
2018-04-04 00:00:00,,94.8,99.9,52.8,56.7,161,51.8,,,,,,,, 
2018-04-05 00:00:00,,94.6,99.9,44.8,40.8,222,44.6,,,,,,,, 
2018-04-06 00:00:00,,94.8,99.9,48.2,61.2,116,48.6,,,,,,,, 
2018-04-07 00:00:00,,94.7,99.9,47.2,92.9,45,45.4,,,,,,,, 
2018-04-08 00:00:00,,94.5,99.9,41.3,42.9,134,41.2,,,,,,,, 
2018-04-09 00:00:00,,94.4,99.9,46.5,66.7,40,45.1,,,,,,,, 
2018-04-10 00:00:00,,94.4,99.9,47.5,57.6,223,47.9,,,,,,,, 
2018-04-11 00:00:00,,94.6,99.9,48.3,48.7,230,48.6,,,,,,,, 
2018-04-12 00:00:00,,94.9,99.9,56.8,43.1,259,59.0,,,,,,,, 
2018-04-13 00:00:00,,95.3,99.9,59.9,53.2,250,63.8,,,,,,,, 
2018-04-14 00:00:00,,96.1,99.9,65.0,59.6,251,69.1,,,,,,,, 
2018-04-15 00:00:00,,95.8,99.9,60.5,88.1,23,58.9,,,,,,,, 
2018-04-16 00:00:00,,95.1,99.9,38.6,79.7,82,36.6,,,,,,,, 
2018-04-17 00:00:00,,95.3,99.4,47.7,47.9,239,48.0,,,,,,,, 
2018-04-18 00:00:00,,95.8,99.9,62.8,57.3,264,69.0,,,,,,,, 
2018-04-19 00:00:00,,95.6,99.9,51.9,51.3,180,51.9,,,,,,,, 
2018-04-20 00:00:00,,95.4,99.9,48.8,42.5,265,49.5,,,,,,,, 
2018-04-21 00:00:00,,95.6,99.9,50.7,44.2,203,43.9,,,,,,,, 
2018-04-22 00:00:00,,95.6,99.9,51.7,68.2,85,43.9,,,,,,,, 
2018-04-23 00:00:00,,95.0,99.9,55.8,73.6,42,43.9,,,,,,,, 
2018-04-24 00:00:00,,95.2,99.9,58.1,84.7,89,43.9,,,,,,,, 
2018-04-25 00:00:00,,94.9,99.9,56.0,95.7,61,43.9,,,,,,,, 
2018-04-26 00:00:00,,94.9,99.9,54.2,93.2,64,43.9,,,,,,,, 
2018-04-27 00:00:00,,94.8,99.9,56.2,76.8,195,43.9,,,,,,,, 
2018-04-28 00:00:00,,95.3,99.9,57.3,56.8,246,43.9,,,,,,,, 
2018-04-29 00:00:00,,95.1,99.9,51.9,38.5,272,43.9,,,,,,,, 
2018-04-30 00:00:00,,95.4,99.9,53.6,44.1,259,43.9,,,,,,,, 
2018-05-01 00:00:00,,95.4,99.9,59.5,54.2,269,43.9,,,,,,,, 
2018-05-02 00:00:00,,95.5,99.9,64.9,59.4,256,43.9,,,,,,,, 
2018-05-03 00:00:00,,95.5,99.9,68.2,61.2,258,43.9,,,,,,,, 
2018-05-04 00:00:00,,95.5,99.9,68.0,66.9,213,43.9,,,,,,,, 
2018-05-05 00:00:00,,95.5,99.9,66.6,77.3,74,43.9,,,,,,,, 
2018-05-06 00:00:00,,95.4,99.9,59.9,86.0,140,43.9,,,,,,,, 
2018-05-07 00:00:00,,95.3,99.9,59.1,83.7,111,43.9,,,,,,,, 
2018-05-08 00:00:00,,95.3,99.9,59.7,76.8,111,43.9,,,,,,,, 
2018-05-09 00:00:00,,95.4,99.9,64.6,68.1,231,61.5,,,,,,,, 
2018-05-10 00:00:00,,95.2,99.9,66.0,75.2,137,64.3,,,,,,,, 
2018-05-11 00:00:00,,95.2,99.9,70.0,71.4,206,68.1,,,,,,,, 
2018-05-12 00:00:00,,95.2,99.9,60.1,93.0,43,59.4,,,,,,,, 
2018-05-13 00:00:00,,95.4,99.9,71.9,67.0,224,70.1,,,,,,,, 
2018-05-14 00:00:00,,95.4,99.9,72.8,71.0,197,70.7,,,,,,,, 
2018-05-15 00:00:00,,95.1,99.9,66.9,91.9,58,65.7,,,,,,,, 
2018-05-16 00:00:00,,95.1,99.9,65.7,99.9,36,65.2,,,,,,,, 
2018-05-17 00:00:00,,95.2,99.9,69.5,94.3,105,68.4,,,,,,,, 
2018-05-18 00:00:00,,95.1,99.9,69.7,94.0,80,69.3,,,,,,,, 
2018-05-19 00:00:00,,95.2,99.9,68.7,94.1,91,68.1,,,,,,,, 
2018-05-20 00:00:00,,95.2,99.9,68.1,94.9,48,68.4,,,,,,,, 
2018-05-21 00:00:00,,95.2,99.9,69.7,89.4,144,67.7,,,,,,,, 
2018-05-22 00:00:00,,95.3,99.9,69.4,84.0,129,67.8,,,,,,,, 
2018-05-23 00:00:00,,95.4,99.9,72.4,81.5,176,70.9,,,,,,,, 
2018-05-24 00:00:00,,95.3,99.9,72.0,77.7,171,70.4,,,,,,,, 
2018-05-25 00:00:00,,95.3,99.9,72.6,76.1,248,70.2,,,,,,,, 
2018-05-26 00:00:00,,95.4,99.9,71.3,96.0,72,70.0,,,,,,,, 
2018-05-27 00:00:00,,95.5,99.9,71.8,88.9,86,71.0,,,,,,,, 
2018-05-28 00:00:00,,95.3,99.9,69.0,99.9,37,67.5,,,,,,,, 
2018-05-29 00:00:00,,95.3,99.9,70.0,99.9,38,69.0,,,,,,,, 
2018-05-30 00:00:00,,95.1,99.9,72.1,91.6,67,71.6,,,,,,,, 
2018-05-31 00:00:00,,95.1,99.9,70.7,97.0,44,70.1,,,,,,,, 
2018-06-01 00:00:00,,95.1,99.9,70.0,88.5,68,69.5,,,,,,,, 
2018-06-02 00:00:00,,95.0,99.9,70.8,93.6,73,69.8,,,,,,,, 
2018-06-03 00:00:00,,95.1,99.9,71.7,91.6,75,70.7,,,,,,,, 
2018-06-04 00:00:00,,94.8,99.9,68.0,72.5,112,66.4,,,,,,,, 
2018-06-05 00:00:00,,94.5,99.9,60.9,88.0,24,59.4,,,,,,,, 
2018-06-06 00:00:00,,94.9,99.9,69.0,72.8,111,67.1,,,,,,,, 
2018-06-07 00:00:00,,95.0,99.9,70.1,73.6,114,68.8,,,,,,,, 
2018-06-08 00:00:00,,95.0,99.9,73.8,74.8,77,74.1,,,,,,,, 
2018-06-09 00:00:00,,94.9,99.9,72.8,80.1,80,72.1,,,,,,,, 
2018-06-10 00:00:00,,94.9,99.9,71.4,86.4,65,64.0,,,,,,,, 
2018-06-11 00:00:00,,94.8,99.9,70.0,97.8,45,63.9,,,,,,,, 
2018-06-12 00:00:00,,94.7,99.9,72.0,82.7,116,63.9,,,,,,,, 
2018-06-13 00:00:00,,94.8,99.9,74.3,85.5,105,63.9,,,,,,,, 
2018-06-14 00:00:00,,94.8,99.9,74.3,86.8,95,63.9,,,,,,,, 
2018-06-15 00:00:00,,94.6,99.9,72.9,79.0,107,63.9,,,,,,,, 
2018-06-16 00:00:00,,94.7,99.9,72.5,82.2,59,63.9,,,,,,,, 
2018-06-17 00:00:00,,94.9,99.9,74.5,82.9,83,63.9,,,,,,,, 
2018-06-18 00:00:00,,94.9,99.9,76.9,79.9,121,63.9,,,,,,,, 
2018-06-19 00:00:00,,94.8,99.9,78.0,78.2,119,63.9,,,,,,,, 
2018-06-20 00:00:00,,94.9,99.9,77.5,81.2,115,63.9,,,,,,,, 
2018-06-21 00:00:00,,94.6,99.9,72.6,95.3,38,63.8,,,,,,,, 
2018-06-22 00:00:00,,94.6,99.9,72.9,86.6,76,63.9,,,,,,,, 
2018-06-23 00:00:00,,94.7,99.9,74.8,77.2,112,63.9,,,,,,,, 
2018-06-24 00:00:00,,94.7,99.9,73.5,89.8,52,63.9,,,,,,,, 
2018-06-25 00:00:00,,94.7,99.9,71.4,95.3,47,63.9,,,,,,,, 
2018-06-26 00:00:00,,94.6,99.9,71.2,97.9,43,63.9,,,,,,,, 
2018-06-27 00:00:00,,94.4,99.9,69.4,99.6,33,63.9,,,,,,,, 
2018-06-28 00:00:00,,94.4,99.9,70.3,99.5,37,63.9,,,,,,,, 
2018-06-29 00:00:00,,94.5,99.9,73.4,90.4,86,63.9,,,,,,,, 
2018-06-30 00:00:00,,94.6,99.9,74.4,88.5,93,63.9,,,,,,,, 
2018-07-01 00:00:00,,94.7,99.9,75.9,87.3,81,63.9,,,,,,,, 
2018-07-02 00:00:00,,94.6,99.9,75.2,89.8,85,63.9,,,,,,,, 
2018-07-03 00:00:00,,94.8,99.9,76.9,84.5,71,63.9,,,,,,,, 
2018-07-04 00:00:00,,94.4,99.9,77.3,78.3,92,63.9,,,,,,,, 
2018-07-05 00:00:00,,94.5,99.9,77.5,80.8,88,63.9,,,,,,,, 
2018-07-06 00:00:00,,94.2,99.9,72.7,97.3,24,63.9,,,,,,,, 
2018-07-07 00:00:00,,94.0,99.9,71.2,97.7,38,63.9,,,,,,,, 
2018-07-08 00:00:00,,94.2,99.9,71.2,82.1,89,63.9,,,,,,,, 
2018-07-09 00:00:00,,94.3,99.9,72.8,77.5,101,71.5,,,,,,,, 
2018-07-10 00:00:00,,94.6,99.9,74.2,77.0,110,72.0,,,,,,,, 
2018-07-11 00:00:00,,95.2,99.9,81.6,68.1,180,79.2,,,,,,,, 
2018-07-12 00:00:00,,95.0,99.9,78.3,76.2,109,76.4,,,,,,,, 
2018-07-13 00:00:00,,95.0,99.9,76.6,79.6,62,75.1,,,,,,,, 
2018-07-14 00:00:00,,95.1,99.9,78.3,73.0,90,77.1,,,,,,,, 
2018-07-15 00:00:00,,95.2,99.9,76.4,80.2,99,74.4,,,,,,,, 
2018-07-16 00:00:00,,95.3,99.9,74.4,93.1,61,72.0,,,,,,,, 
2018-07-17 00:00:00,,95.1,99.9,75.1,91.1,65,68.4,,,,,,,, 
2018-07-18 00:00:00,,95.0,99.9,75.1,73.6,114,74.4,,,,,,,, 
2018-07-19 00:00:00,,94.8,99.9,71.3,78.7,89,69.4,,,,,,,, 
2018-07-20 00:00:00,,94.7,99.9,73.7,74.3,104,71.6,,,,,,,, 
2018-07-21 00:00:00,,94.9,99.9,71.4,83.4,107,71.3,,,,,,,, 
2018-07-22 00:00:00,,94.7,99.9,69.3,97.2,32,68.3,,,,,,,, 
2018-07-23 00:00:00,,95.0,99.9,70.5,87.8,58,70.1,,,,,,,, 
2018-07-24 00:00:00,,94.8,99.9,70.6,91.5,43,69.7,,,,,,,, 
2018-07-25 00:00:00,,94.9,99.9,74.5,79.1,104,67.5,,,,,,,, 
2018-07-26 00:00:00,,94.8,99.9,73.6,71.1,117,69.1,,,,,,,, 
2018-07-27 00:00:00,,94.7,99.9,72.4,77.2,60,69.1,,,,,,,, 
2018-07-28 00:00:00,,94.9,99.9,73.4,70.6,109,69.1,,,,,,,, 
2018-07-29 00:00:00,,95.1,99.9,71.9,72.9,79,69.1,,,,,,,, 
2018-07-30 00:00:00,,95.1,99.9,75.2,75.2,100,69.1,,,,,,,, 
2018-07-31 00:00:00,,95.3,99.9,74.0,82.3,43,69.1,,,,,,,, 
2018-08-01 00:00:00,,95.4,99.9,69.5,99.9,17,69.7,,,,,,,, 
2018-08-02 00:00:00,,95.5,99.9,68.2,99.9,16,68.0,,,,,,,, 
2018-08-03 00:00:00,,95.8,99.9,67.9,99.9,0,67.7,,,,,,,, 
2018-08-06 00:00:00,-46.970,,,,,0,74.5,,,,,,,,2.13 
2018-08-08 00:00:00,-47.010,,,,,0,74.5,,,,,,,,2.13 
2018-08-11 00:00:00,78.923,94.7,99.9,74.8,89.8,0,74.5,,,,,,,,2.13 
2018-08-12 00:00:00,77.450,94.9,99.9,73.2,81.6,95,74.5,,,,,,,,2.13 
2018-08-13 00:00:00,77.220,94.6,99.7,71.0,87.5,148,74.5,,,,,,,,2.13 
2018-08-14 00:00:00,80.255,75.4,77.8,94.5,99.9,160,74.5,,,,,,,,2.13 
2018-08-15 00:00:00,79.547,80.6,96.3,85.8,87.1,87,72.9,,,,,,,,2.13 
2018-08-16 00:00:00,79.312,94.4,99.9,74.3,82.5,108,73.3,,,,,,,,2.13 
2018-08-17 00:00:00,78.965,94.4,99.9,74.3,85.6,89,72.8,,,,,,,,2.13 
2018-08-18 00:00:00,78.691,94.2,99.9,72.4,93.1,44,71.3,,,,,,,,2.13 
2018-08-19 00:00:00,78.552,94.6,99.9,72.4,94.0,37,72.0,,,,,,,,2.13 
2018-08-20 00:00:00,78.334,94.8,99.9,73.7,92.0,83,64.8,,,,,,,,2.13 
2018-08-21 00:00:00,73.727,95.1,99.9,71.2,97.3,68,64.8,,,,,,,,2.13 
2018-08-22 00:00:00,68.287,95.0,99.9,69.3,98.1,54,64.8,,,,,,,,2.13 
2018-08-23 00:00:00,73.713,95.1,99.9,65.9,89.4,95,64.8,,,,,,,,2.13 
2018-08-24 00:00:00,72.760,94.7,99.9,64.2,84.6,106,64.8,,,,,,,,2.13 
2018-08-25 00:00:00,71.829,94.6,99.9,66.1,88.2,100,64.8,,,,,,,,2.13 
2018-08-26 00:00:00,71.117,94.6,99.9,71.9,90.8,95,64.8,,,,,,,,2.13 
2018-08-27 00:00:00,70.282,94.4,99.8,73.2,92.7,84,64.8,,,,,,,,2.13 
2018-08-28 00:00:00,69.565,73.3,88.5,94.8,99.9,132,62.5,,,,,,,,2.13 
2018-08-29 00:00:00,68.836,73.2,88.2,94.9,99.9,112,52.5,,,,,,,,2.13 
2018-08-30 00:00:00,68.360,71.7,93.0,94.7,99.9,51,52.5,,,,,,,,2.13 
2018-08-31 00:00:00,67.974,72.5,89.7,94.5,99.9,130,52.5,,,,,,,,2.13 
2018-09-01 00:00:00,67.453,72.7,90.8,94.3,99.9,95,58.6,,,,,,,,2.13 
2018-09-02 00:00:00,67.030,73.8,90.0,94.1,99.9,78,52.5,,,,,,,,2.13 
2018-09-03 00:00:00,66.635,74.9,89.0,93.4,99.9,131,,,,,,,,,2.13 
2018-09-04 00:00:00,66.247,75.1,88.3,91.2,99.9,129,,,,,,,,,2.13 
2018-09-05 00:00:00,65.949,82.2,99.7,89.2,99.9,87,83.8,,,,,,,,2.13 
2018-09-06 00:00:00,68.886,90.5,99.9,,,74,83.9,,,,,,,,2.13 
2018-09-07 00:00:00,83.831,89.5,99.9,,,119,83.0,,,,,,,,2.13 
2018-09-08 00:00:00,83.233,90.2,99.9,,,97,82.7,,,,,,,,2.13 
2018-09-09 00:00:00,82.702,89.5,99.9,,,20,71.5,,,,,,,,2.13 
2018-09-10 00:00:00,82.009,89.7,99.9,,,0,70.4,,,,,,,,2.13 
2018-09-11 00:00:00,81.656,89.4,99.9,,,0,71.3,,,,,,,,2.13 
2018-09-12 00:00:00,81.135,89.3,99.9,,,0,69.8,,,,,,,,2.13 
2018-09-13 00:00:00,80.304,89.4,99.9,,,0,72.8,,,,,,,,2.13 
2018-09-14 00:00:00,78.394,86.1,99.9,,,0,74.0,,,,,,,,2.13 
2018-09-15 00:00:00,73.352,79.3,99.9,,,0,70.5,,,,,,,,2.13 
2018-09-16 00:00:00,70.374,74.0,99.9,,,0,68.9,,,,,,,,2.13 
2018-09-17 00:00:00,69.945,75.6,99.9,,,0,70.8,,,,,,,,2.13 
2018-09-18 00:00:00,70.040,76.6,99.9,,,0,71.6,,,,,,,,2.13 
2018-09-19 00:00:00,69.673,73.9,99.9,,,0,69.0,,,,,,,,2.13 
2018-09-20 00:00:00,68.970,71.3,99.9,,,0,64.5,,,,,,,,2.13 
2018-09-26 00:00:00,87.219,93.1,99.9,71.9,99.9,34,71.0,,,,,,,,2.13 
2018-09-27 00:00:00,86.561,91.1,99.9,,,15,67.4,,,,,,,,2.13 
2018-09-28 00:00:00,84.196,89.2,99.9,,,129,67.6,,,,,,,,2.13 
2018-09-29 00:00:00,87.723,88.9,99.9,,,133,66.0,,,,,,,,2.13 
2018-09-30 00:00:00,98.462,89.6,99.9,,,53,67.5,,,,,,,,2.13 
2018-10-01 00:00:00,94.889,89.4,99.9,,,191,70.2,,,,,,,,2.13 
2018-10-02 00:00:00,95.376,88.1,99.9,,,77,67.3,,,,,,,,2.13 
2018-10-03 00:00:00,91.628,88.0,99.9,,,134,69.9,,,,,,,,2.13 
2018-10-04 00:00:00,92.114,88.7,99.9,,,96,68.2,,,,,,,,2.13 
2018-10-05 00:00:00,94.819,89.5,99.9,,,181,71.1,,,,,,,,2.13 
2018-10-06 00:00:00,93.629,89.0,99.9,,,74,68.3,,,,,,,,2.13 
2018-10-07 00:00:00,93.287,88.5,99.9,,,118,71.3,,,,,,,,2.13 
2018-10-08 00:00:00,92.589,86.4,99.9,,,85,67.9,,,,,,,,2.13 
2018-10-09 00:00:00,92.808,84.8,99.9,,,40,67.3,,,,,,,,2.13 
2018-10-10 00:00:00,92.696,83.9,99.9,,,36,68.8,,,,,,,,2.13 
2018-10-11 00:00:00,93.757,84.1,99.9,,,15,65.6,,,,,,,,2.13 
2018-10-12 00:00:00,93.525,75.8,99.9,,,119,54.8,,,,,,,,2.13 
2018-10-13 00:00:00,93.203,71.1,99.9,,,102,52.3,,,,,,,,2.13 
2018-10-14 00:00:00,92.770,68.7,99.9,,,40,55.0,,,,,,,,2.13 
2018-10-15 00:00:00,92.636,74.2,99.9,,,80,63.6,,,,,,,,2.13 
2018-10-16 00:00:00,92.872,76.9,99.9,,,17,62.6,,,,,,,,2.13 
2018-10-17 00:00:00,92.594,74.5,99.9,,,87,55.9,,,,,,,,2.13 
2018-10-18 00:00:00,91.328,66.6,99.9,,,142,49.9,,,,,,,,2.13 
2018-10-19 00:00:00,91.336,64.4,99.9,,,129,48.8,,,,,,,,2.13 
2018-10-20 00:00:00,91.794,67.2,99.9,,,68,55.6,,,,,,,,2.13 
2018-10-21 00:00:00,90.444,61.8,99.9,,,146,37.8,,,,,,,,2.13 
2018-10-22 00:00:00,89.663,56.3,99.9,,,155,41.6,,,,,,,,2.13 
2018-10-23 00:00:00,89.407,57.5,99.9,,,115,46.2,,,,,,,,2.13 
2018-10-24 00:00:00,90.105,60.0,99.9,,,161,45.3,,,,,,,,2.13 
2018-10-25 00:00:00,90.851,55.7,99.9,,,45,43.6,,,,,,,,2.13 
2018-10-26 00:00:00,92.407,55.8,99.9,,,15,46.5,,,,,,,,2.13 
2018-10-27 00:00:00,92.510,57.9,99.9,,,13,46.8,,,,,,,,2.13 
2018-10-28 00:00:00,93.754,58.9,99.9,,,94,50.1,,,,,,,,2.13 
2018-10-29 00:00:00,94.762,60.2,99.9,,,128,46.1,,,,,,,,2.13 
2018-10-30 00:00:00,93.850,57.7,99.9,,,141,43.3,,,,,,,,2.13 
2018-10-31 00:00:00,93.439,60.7,99.9,,,107,46.5,,,,,,,,2.13 
2018-11-01 00:00:00,94.328,65.1,99.9,,,63,58.7,,,,,,,,2.13 
2018-11-02 00:00:00,94.454,67.7,99.9,,,13,55.6,,,,,,,,2.13 
2018-11-03 00:00:00,94.371,59.0,99.9,,,131,41.7,,,,,,,,2.13 
2018-11-04 00:00:00,94.314,54.2,99.9,,,147,43.0,,,,,,,,2.13 
2018-11-05 00:00:00,90.820,65.1,99.9,,,62,53.4,,,,,,,,2.13 
2018-11-06 00:00:00,84.099,77.4,99.9,,,40,56.2,,,,,,,,2.13 
2018-11-07 00:00:00,83.636,67.2,99.9,,,106,50.3,,,,,,,,2.13 
2018-11-08 00:00:00,83.004,61.3,99.9,,,46,51.0,,,,,,,,2.13 
2018-11-09 00:00:00,82.813,58.4,99.9,,,16,48.7,,,,,,,,2.13 
2018-11-10 00:00:00,81.828,50.4,99.9,,,125,37.9,,,,,,,,2.13 
2018-11-11 00:00:00,81.498,45.7,99.9,,,131,37.8,,,,,,,,2.13 
2018-11-12 00:00:00,81.757,46.1,99.9,,,9,37.8,,,,,,,,2.13 
2018-11-13 00:00:00,83.282,48.9,99.9,,,10,37.8,,,,,,,,2.13 
2018-11-14 00:00:00,83.789,48.7,99.9,,,15,39.5,,,,,,,,2.13 
2018-11-15 00:00:00,83.931,46.6,99.9,,,17,38.4,,,,,,,,2.13 
2018-11-16 00:00:00,83.815,45.8,99.9,,,131,35.4,,,,,,,,2.13 
2018-11-17 00:00:00,83.623,48.9,99.9,,,137,37.1,,,,,,,,2.13 
2018-11-18 00:00:00,83.076,50.0,99.9,,,125,38.8,,,,,,,,2.13 