2015-09-16 00:00:00,104.326,90.0,58.7,79.9,48.5,,73.5,,,,,,,, 
2015-09-17 00:00:00,137.630,95.4,61.7,74.3,62.8,,69.6,,,,,,,, 
2015-09-18 00:00:00,138.715,94.9,60.6,73.5,63.6,,70.1,,,,,,,, 
2015-09-19 00:00:00,138.066,94.9,60.5,76.5,63.1,,74.0,,,,,,,, 
2015-09-20 00:00:00,137.379,94.8,58.1,76.8,62.7,,74.5,,,,,,,, 
2015-09-21 00:00:00,135.849,95.0,58.6,75.3,67.8,,73.3,,,,,,,, 
2015-09-22 00:00:00,135.075,94.8,58.2,73.3,67.9,,71.8,,,,,,,, 
2015-09-23 00:00:00,141.928,94.1,54.9,74.9,59.5,,72.5,,,,,,,, 
2015-09-24 00:00:00,141.174,94.1,59.0,71.0,65.4,,68.4,,,,,,,, 
2015-09-25 00:00:00,141.302,94.3,56.9,68.9,85.2,,67.4,,,,,,,, 
2015-09-26 00:00:00,140.855,94.2,55.2,67.7,84.8,,66.4,,,,,,,, 
2015-09-27 00:00:00,139.581,94.5,57.3,71.5,82.1,,70.9,,,,,,,, 
2015-09-28 00:00:00,138.405,94.7,59.9,75.1,82.5,,74.0,,,,,,,, 
2015-09-29 00:00:00,137.964,94.6,60.5,77.6,84.4,,76.6,,,,,,,, 
2015-09-30 00:00:00,141.387,94.5,61.6,77.8,83.3,,76.8,,,,,,,, 
2015-10-01 00:00:00,152.383,93.3,65.1,66.1,82.6,,62.9,,,,,,,, 
2015-10-02 00:00:00,153.766,93.3,62.8,60.6,86.7,,58.3,,,,,,,, 
2015-10-03 00:00:00,154.121,93.7,60.2,66.8,85.9,,61.0,,,,,,,, 
2015-10-04 00:00:00,152.925,94.1,58.3,,,,66.2,,,,,,,, 
2015-10-05 00:00:00,151.451,94.0,53.1,61.6,79.4,,59.3,,,,,,,, 
2015-10-06 00:00:00,150.089,94.1,53.2,63.3,71.0,,61.2,,,,,,,, 
2015-10-07 00:00:00,149.028,94.2,56.3,66.5,71.8,,64.5,,,,,,,, 
2015-10-08 00:00:00,148.460,93.9,56.1,61.7,79.8,,57.5,,,,,,,, 
2015-10-09 00:00:00,147.868,94.3,59.5,74.1,71.2,,72.1,,,,,,,, 
2015-10-10 00:00:00,147.709,94.0,54.0,65.1,81.6,,62.5,,,,,,,, 
2015-10-11 00:00:00,146.869,93.8,50.4,63.1,68.6,,61.0,,,,,,,, 
2015-10-12 00:00:00,145.860,94.0,54.4,65.2,71.8,,63.6,,,,,,,, 
2015-10-13 00:00:00,142.653,94.1,54.2,68.3,73.8,,66.5,,,,,,,, 
2015-10-14 00:00:00,139.846,94.0,54.6,66.5,66.3,,63.2,,,,,,,, 
2015-10-15 00:00:00,139.580,93.9,52.0,60.0,66.9,,55.2,,,,,,,, 
2015-10-16 00:00:00,139.179,93.9,50.0,58.9,71.5,,54.7,,,,,,,, 
2015-10-17 00:00:00,138.449,93.6,45.6,56.5,58.9,,53.5,,,,,,,, 
2015-10-18 00:00:00,137.895,93.4,39.9,50.3,55.5,,45.9,,,,,,,, 
2015-10-19 00:00:00,137.314,93.3,38.2,48.3,62.4,,44.2,,,,,,,, 
2015-10-20 00:00:00,136.452,93.2,40.6,52.4,63.1,,54.4,,,,,,,, 
2015-10-21 00:00:00,135.404,93.4,42.8,56.0,63.6,,68.0,,,,,,,, 
2015-10-22 00:00:00,134.650,93.4,44.0,59.7,67.1,,68.0,,,,,,,, 
2015-10-23 00:00:00,134.004,93.5,46.7,63.7,69.2,,68.0,,,,,,,, 
2015-10-24 00:00:00,133.874,93.8,47.5,62.0,77.7,,68.0,,,,,,,, 
2015-10-29 00:00:00,131.336,93.1,50.5,68.9,74.6,,68.0,,,,,,,, 
2015-10-30 00:00:00,131.140,92.9,43.8,60.5,66.3,,68.0,,,,,,,, 
2015-10-31 00:00:00,130.238,92.8,42.0,56.7,69.4,,68.0,,,,,,,, 
2015-11-01 00:00:00,130.026,92.8,46.3,61.3,82.7,,68.0,,,,,,,, 
2015-11-02 00:00:00,130.832,92.9,50.7,65.2,88.0,,68.0,,,,,,,, 
2015-11-03 00:00:00,130.816,92.9,49.8,63.8,87.0,,68.0,,,,,,,, 
2015-11-04 00:00:00,130.238,93.0,50.1,64.7,81.8,,68.0,,,,,,,, 
2015-11-05 00:00:00,129.680,93.1,55.2,68.2,84.4,,68.0,,,,,,,, 
2015-11-06 00:00:00,128.638,92.9,56.3,70.8,82.7,,68.0,,,,,,,, 
2015-11-07 00:00:00,128.280,92.8,54.6,69.9,82.5,,69.0,,,,,,,, 
2015-11-08 00:00:00,127.541,92.1,38.6,56.6,58.8,,55.8,,,,,,,, 
2015-11-09 00:00:00,127.716,91.8,40.7,55.3,85.6,,54.1,,,,,,,, 
2015-11-10 00:00:00,127.842,92.0,46.1,59.2,86.3,,59.6,,,,,,,, 
2015-11-11 00:00:00,126.888,91.6,45.6,57.6,69.4,,59.5,,,,,,,, 
2015-11-12 00:00:00,126.423,91.9,49.3,60.9,74.2,,61.6,,,,,,,, 
2015-11-13 00:00:00,125.779,91.8,40.1,55.7,54.6,,58.2,,,,,,,, 
2015-11-14 00:00:00,125.178,91.2,37.5,46.7,56.4,,48.9,,,,,,,, 
2015-11-15 00:00:00,124.745,91.2,42.2,47.0,62.9,,48.4,,,,,,,, 
2015-11-16 00:00:00,124.472,91.1,44.2,49.0,64.2,,50.2,,,,,,,, 
2015-11-17 00:00:00,124.299,91.4,48.1,53.3,65.4,,53.9,,,,,,,, 
2015-11-18 00:00:00,124.552,92.0,54.6,63.4,77.9,,63.4,,,,,,,, 
2015-11-19 00:00:00,126.075,92.4,58.0,67.3,87.5,,67.6,,,,,,,, 
2015-11-20 00:00:00,125.641,91.9,47.2,55.5,61.8,,56.6,,,,,,,, 
2015-11-21 00:00:00,125.201,91.4,45.2,49.4,66.9,,50.1,,,,,,,, 
2015-11-22 00:00:00,125.234,91.1,43.3,47.7,74.4,,48.3,,,,,,,, 
2015-11-23 00:00:00,124.808,91.0,41.1,38.8,58.7,,40.2,,,,,,,, 
2015-11-24 00:00:00,124.506,91.1,41.4,41.5,63.9,,43.5,,,,,,,, 
2015-11-25 00:00:00,124.165,91.1,42.3,44.2,67.0,,46.2,,,,,,,, 
2015-11-26 00:00:00,124.127,91.0,36.8,40.9,79.1,,44.5,,,,,,,, 
2015-11-27 00:00:00,124.322,92.4,51.5,52.2,81.0,,55.5,,,,,,,, 
2015-11-28 00:00:00,124.495,92.5,54.6,56.6,74.6,,58.2,,,,,,,, 
2015-11-29 00:00:00,125.712,92.6,57.2,61.2,72.5,,62.4,,,,,,,, 
2015-11-30 00:00:00,127.511,92.0,52.7,53.0,84.3,,51.9,,,,,,,, 
2015-12-01 00:00:00,127.903,92.2,50.6,51.4,85.1,,49.9,,,,,,,, 
2015-12-02 00:00:00,129.861,93.1,56.3,60.0,87.1,,58.3,,,,,,,, 
2015-12-03 00:00:00,130.264,92.5,49.4,50.3,60.1,,50.5,,,,,,,, 
2015-12-04 00:00:00,129.731,92.4,44.7,44.6,62.3,,45.1,,,,,,,, 
2015-12-05 00:00:00,129.705,92.2,45.5,44.0,68.2,,45.0,,,,,,,, 
2015-12-06 00:00:00,129.656,92.5,48.6,47.3,71.6,,47.9,,,,,,,, 
2015-12-07 00:00:00,130.169,92.1,48.2,50.8,81.4,,49.4,,,,,,,, 
2015-12-08 00:00:00,129.919,92.1,42.8,47.3,80.8,,46.8,,,,,,,, 
2015-12-09 00:00:00,129.493,92.0,46.2,50.1,78.1,,49.8,,,,,,,, 
2015-12-10 00:00:00,128.738,92.5,49.6,53.1,76.2,,55.6,,,,,,,, 
2015-12-11 00:00:00,128.342,92.8,53.1,56.5,77.4,,59.3,,,,,,,, 
2015-12-12 00:00:00,129.082,93.5,56.1,61.7,77.3,,63.4,,,,,,,, 
2015-12-13 00:00:00,131.084,93.8,56.7,62.6,73.0,,61.8,,,,,,,, 
2015-12-14 00:00:00,131.508,93.5,56.8,68.3,80.8,,66.8,,,,,,,, 
2015-12-15 00:00:00,131.148,93.6,54.3,61.5,71.1,,62.8,,,,,,,, 
2015-12-16 00:00:00,130.593,93.2,50.2,54.9,72.7,,55.5,,,,,,,, 
2015-12-17 00:00:00,130.653,92.9,49.8,57.7,88.0,,56.8,,,,,,,, 
2015-12-18 00:00:00,130.756,92.9,45.8,53.7,73.8,,54.8,,,,,,,, 
2015-12-19 00:00:00,129.773,92.6,37.6,39.2,51.0,,39.8,,,,,,,, 
2015-12-20 00:00:00,129.403,92.7,40.3,40.5,62.8,,41.3,,,,,,,, 
2015-12-21 00:00:00,129.060,92.9,44.8,48.1,73.8,,47.3,,,,,,,, 
2015-12-22 00:00:00,129.556,92.8,49.6,58.8,88.4,,59.5,,,,,,,, 
2015-12-23 00:00:00,130.019,93.5,56.8,66.7,90.6,,66.2,,,,,,,, 
2015-12-24 00:00:00,129.441,94.4,60.0,72.8,84.0,,71.7,,,,,,,, 
2015-12-25 00:00:00,128.916,94.2,59.4,72.2,80.4,,70.2,,,,,,,, 
2015-12-26 00:00:00,128.577,94.1,58.8,70.3,79.3,,67.9,,,,,,,, 
2015-12-27 00:00:00,128.173,94.1,57.9,70.9,76.6,,69.3,,,,,,,, 
2015-12-28 00:00:00,127.903,93.5,51.6,64.3,80.9,,61.1,,,,,,,, 
2015-12-29 00:00:00,127.779,93.9,56.6,69.2,80.0,,67.2,,,,,,,, 
2015-12-30 00:00:00,127.921,93.7,58.5,68.9,83.8,,66.5,,,,,,,, 
2015-12-31 00:00:00,128.247,93.6,55.6,65.4,82.6,,62.2,,,,,,,, 
2016-01-01 00:00:00,127.560,93.4,44.5,53.5,64.0,,49.9,,,,,,,,0.00 
2016-01-02 00:00:00,126.777,93.2,42.1,46.6,56.0,,44.1,,,,,,,,0.00 
2016-01-03 00:00:00,126.212,93.1,42.7,45.9,64.0,,41.2,,,,,,,,0.00 
2016-01-04 00:00:00,125.417,92.9,36.9,40.5,55.4,,38.5,,,,,,,,0.00 
2016-01-05 00:00:00,124.401,92.8,28.9,33.3,45.2,,30.7,,,,,,,,0.00 
2016-01-06 00:00:00,123.632,92.9,32.4,39.5,53.7,,35.1,,,,,,,,0.00 
2016-01-07 00:00:00,123.145,93.0,37.9,45.0,72.0,,41.5,,,,,,,,0.00 
2016-01-08 00:00:00,122.864,93.0,41.9,49.2,79.7,,45.1,,,,,,,,0.00 
2016-01-09 00:00:00,122.798,92.9,44.2,54.1,80.5,,49.8,,,,,,,,0.00 
2016-01-10 00:00:00,122.214,93.3,50.9,57.4,67.7,,56.4,,,,,,,,0.00 
2016-01-11 00:00:00,120.839,93.2,44.6,39.2,47.4,,37.9,,,,,,,,0.00 
2016-01-12 00:00:00,120.037,93.1,40.1,43.6,49.2,,41.5,,,,,,,,0.00 
2016-01-13 00:00:00,119.313,92.9,38.1,38.6,41.6,,38.1,,,,,,,,0.00 
2016-01-14 00:00:00,118.474,93.2,47.3,43.5,55.3,,43.4,,,,,,,,0.00 
2016-01-15 00:00:00,118.301,93.3,50.2,45.3,75.4,,43.6,,,,,,,,0.00 
2016-01-16 00:00:00,118.183,93.2,51.4,52.6,74.1,,51.4,,,,,,,,0.00 
2016-01-17 00:00:00,118.183,93.0,49.6,40.5,71.3,,39.0,,,,,,,,0.00 
2016-01-18 00:00:00,117.652,93.0,44.6,32.9,72.1,,30.2,,,,,,,,0.00 
2016-01-22 00:00:00,107.650,93.3,54.9,31.9,96.6,,31.0,,,,,,,,0.00 
2016-01-23 00:00:00,106.519,93.5,55.5,31.3,83.7,,29.1,,,,,,,,0.00 
2016-01-24 00:00:00,101.042,93.6,53.5,41.3,62.0,,29.6,,,,,,,,0.00 
2016-01-25 00:00:00,99.078,93.7,53.2,34.3,70.1,,28.0,,,,,,,,0.00 
2016-01-30 00:00:00,94.149,93.2,38.7,46.7,55.2,,46.0,,,,,,,,0.00 
2016-02-02 00:00:00,95.657,93.3,49.6,57.4,63.9,,56.9,,,,,,,,0.00 
2016-02-03 00:00:00,97.293,93.4,52.1,60.0,87.2,,60.2,,,,,,,,0.00 
2016-02-04 00:00:00,99.889,93.1,50.1,56.1,99.8,,55.7,,,,,,,,0.00 
2016-02-05 00:00:00,99.361,92.8,45.7,38.1,78.8,,37.3,,,,,,,,0.00 
2016-02-06 00:00:00,99.108,93.0,48.4,42.5,57.3,,37.8,,,,,,,,0.00 
2016-02-07 00:00:00,98.974,92.5,43.8,39.2,61.9,,39.8,,,,,,,,0.00 
2016-02-08 00:00:00,98.413,92.7,43.1,44.2,64.2,,41.7,,,,,,,,0.00 
2016-02-09 00:00:00,98.077,92.5,40.0,39.1,68.6,,38.2,,,,,,,,0.00 
2016-02-10 00:00:00,97.242,92.1,35.3,33.7,46.7,,31.6,,,,,,,,0.00 
2016-02-11 00:00:00,96.581,92.0,35.7,35.4,42.5,,30.3,,,,,,,,0.00 
2016-02-12 00:00:00,94.218,91.7,37.2,30.2,56.1,,29.0,,,,,,,,0.00 
2016-02-13 00:00:00,92.231,91.6,35.0,34.0,43.1,,29.7,,,,,,,,0.00 
2016-02-14 00:00:00,91.584,91.3,34.8,28.0,34.8,,24.5,,,,,,,,0.00 
2016-02-15 00:00:00,91.677,91.1,36.7,29.8,79.8,,28.8,,,,,,,,0.00 
2016-02-16 00:00:00,93.861,92.6,47.3,53.2,82.7,,52.2,,,,,,,,0.00 
2016-02-17 00:00:00,95.396,93.3,55.2,52.3,58.5,,47.4,,,,,,,,0.00 
2016-02-18 00:00:00,94.272,93.1,51.7,47.4,49.9,,41.5,,,,,,,,0.00 
2016-02-19 00:00:00,93.450,93.2,49.9,44.6,50.2,,40.6,,,,,,,,0.00 
2016-02-20 00:00:00,92.936,92.5,48.0,53.5,65.2,,53.1,,,,,,,,0.00 
2016-02-21 00:00:00,93.036,91.5,47.5,57.5,79.8,,57.3,,,,,,,,0.00 
2016-02-22 00:00:00,92.812,91.7,49.3,53.1,86.3,,53.1,,,,,,,,0.00 
2016-02-23 00:00:00,93.062,89.5,41.1,46.7,91.9,,45.8,,,,,,,,0.00 
2016-02-24 00:00:00,92.977,89.7,42.8,59.1,83.1,,62.4,,,,,,,,0.00 
2016-02-25 00:00:00,91.321,86.4,32.3,47.8,50.3,,59.7,,,,,,,,0.00 
2016-02-26 00:00:00,90.277,88.1,40.5,44.5,48.0,,41.1,,,,,,,,0.00 
2016-02-27 00:00:00,89.547,87.3,45.6,42.8,52.3,,37.9,,,,,,,,0.00 
2016-02-28 00:00:00,87.381,86.0,39.2,51.3,52.3,,48.4,,,,,,,,0.00 
2016-02-29 00:00:00,85.179,84.2,38.5,58.4,49.1,,58.0,,,,,,,,0.00 
2016-03-01 00:00:00,85.985,89.2,46.3,59.3,60.5,,57.2,,,,,,,,0.00 
2016-03-02 00:00:00,86.761,86.4,42.9,54.3,53.3,,51.1,,,,,,,,0.00 
2016-03-03 00:00:00,86.109,82.5,36.6,42.5,53.3,,40.2,,,,,,,,0.00 
2016-03-04 00:00:00,85.812,82.9,43.7,47.2,66.2,,41.9,,,,,,,,0.00 
2016-03-05 00:00:00,85.392,86.6,42.2,51.9,57.0,,46.1,,,,,,,,0.00 
2016-03-06 00:00:00,85.014,86.6,45.8,52.1,62.6,,45.5,,,,,,,,0.00 
2016-03-07 00:00:00,84.577,86.8,40.7,53.6,58.8,,49.7,,,,,,,,0.00 
2016-03-08 00:00:00,85.409,89.3,45.5,64.2,55.8,,61.5,,,,,,,,0.00 
2016-03-09 00:00:00,88.781,89.0,49.5,65.8,63.0,,64.8,,,,,,,,0.00 
2016-03-10 00:00:00,94.216,92.8,55.0,68.7,65.7,,68.3,,,,,,,,0.00 
2016-03-11 00:00:00,99.174,95.7,56.5,74.6,62.6,,72.3,,,,,,,,0.00 
2016-03-12 00:00:00,101.367,95.3,58.2,69.6,62.2,,66.7,,,,,,,,0.00 
2016-03-13 00:00:00,102.457,95.6,61.0,69.9,74.2,,67.2,,,,,,,,0.00 
2016-03-14 00:00:00,102.862,95.2,61.0,72.8,72.8,,68.7,,,,,,,,0.00 
2016-03-15 00:00:00,103.136,95.0,60.3,73.6,59.3,,67.0,,,,,,,,0.00 
2016-03-16 00:00:00,105.292,95.2,60.9,73.4,54.2,,70.4,,,,,,,,0.00 
2016-03-17 00:00:00,108.924,94.9,58.5,69.2,36.7,,65.6,,,,,,,,0.00 
2016-03-18 00:00:00,111.488,94.6,57.9,67.6,36.6,,62.0,,,,,,,,0.00 
2016-03-19 00:00:00,112.769,94.4,53.1,56.2,61.2,,53.5,,,,,,,,0.00 
2016-03-20 00:00:00,111.376,94.2,40.4,44.6,82.9,,41.9,,,,,,,,0.00 
2016-03-21 00:00:00,110.186,94.1,48.4,53.3,49.3,,46.2,,,,,,,,0.00 
2016-03-22 00:00:00,109.919,94.1,53.1,55.6,46.8,,49.7,,,,,,,,0.00 
2016-03-23 00:00:00,110.016,94.2,50.8,61.9,44.9,,61.2,,,,,,,,0.00 
2016-03-24 00:00:00,112.285,94.3,54.7,67.6,56.6,,66.3,,,,,,,,0.00 
2016-03-25 00:00:00,116.450,94.7,60.5,71.7,64.7,,70.0,,,,,,,,0.00 
2016-03-26 00:00:00,109.392,94.5,55.9,62.0,67.1,,59.8,,,,,,,,0.00 
2016-03-27 00:00:00,101.567,94.7,52.0,58.0,89.9,,56.6,,,,,,,,0.00 
2016-03-28 00:00:00,102.125,94.7,58.0,68.6,62.0,,65.6,,,,,,,,0.00 
2016-03-29 00:00:00,103.896,94.6,55.4,63.1,45.0,,56.5,,,,,,,,0.00 
2016-03-30 00:00:00,104.626,94.6,55.1,60.6,54.1,,56.0,,,,,,,,0.00 
2016-03-31 00:00:00,105.902,94.8,60.1,68.1,64.9,,64.6,,,,,,,,0.00 
2016-04-01 00:00:00,107.986,94.7,61.3,70.7,75.9,,70.8,,,,,,,,0.00 
2016-04-02 00:00:00,108.814,94.6,61.1,65.4,66.6,,63.8,,,,,,,,0.00 
2016-04-03 00:00:00,108.531,94.4,55.7,59.5,38.8,,53.4,,,,,,,,0.00 
2016-04-04 00:00:00,108.663,94.6,54.1,62.2,47.1,,60.4,,,,,,,,0.00 
2016-04-05 00:00:00,108.867,94.1,44.2,54.5,44.6,,50.0,,,,,,,,0.00 
2016-04-06 00:00:00,91.720,93.8,43.2,51.3,50.2,,45.8,,,,,,,,0.00 
2016-04-07 00:00:00,67.611,93.8,44.1,62.2,58.4,,61.2,,,,,,,,0.00 
2016-04-08 00:00:00,67.653,94.7,47.4,61.0,38.9,,55.8,,,,,,,,0.00 
2016-04-09 00:00:00,67.113,93.7,39.9,51.1,38.9,,47.6,,,,,,,,0.00 
2016-04-10 00:00:00,65.988,93.6,40.8,51.5,35.6,,46.0,,,,,,,,0.00 
2016-04-11 00:00:00,65.476,94.2,48.7,62.6,53.3,,60.1,,,,,,,,0.00 
2016-04-12 00:00:00,67.016,94.1,52.3,61.1,83.3,,59.4,,,,,,,,0.00 
2016-04-13 00:00:00,66.347,94.2,49.1,59.2,55.7,,55.9,,,,,,,,0.00 
2016-04-14 00:00:00,65.397,94.2,48.4,56.0,51.8,,53.2,,,,,,,,0.00 
2016-04-15 00:00:00,64.722,93.9,47.6,55.2,49.0,,53.4,,,,,,,,0.00 
2016-04-16 00:00:00,64.185,93.9,48.4,57.2,46.3,,54.4,,,,,,,,0.00 
2016-04-17 00:00:00,62.921,93.8,46.6,60.0,46.4,,55.6,,,,,,,,0.00 
2016-04-18 00:00:00,60.893,94.1,44.3,68.6,50.1,,63.8,,,,,,,,0.00 
2016-04-19 00:00:00,61.736,94.1,46.1,75.5,41.1,,72.8,,,,,,,,0.00 
2016-04-20 00:00:00,62.530,93.6,39.3,68.2,41.8,,66.3,,,,,,,,0.00 
2016-04-21 00:00:00,62.809,94.0,43.6,67.8,58.3,,65.4,,,,,,,,0.00 
2016-04-22 00:00:00,63.876,93.9,46.5,65.0,86.0,,64.6,,,,,,,,0.00 
2016-04-23 00:00:00,64.340,94.0,50.1,71.3,71.0,,66.7,,,,,,,,0.00 
2016-04-24 00:00:00,64.514,93.7,45.2,67.6,56.5,,63.7,,,,,,,,0.00 
2016-04-25 00:00:00,65.394,93.7,47.9,68.8,62.9,,67.0,,,,,,,,0.00 
2016-04-26 00:00:00,66.784,93.8,49.0,72.3,61.4,,71.5,,,,,,,,0.00 
2016-04-27 00:00:00,68.465,94.0,53.6,76.2,60.4,,74.4,,,,,,,,0.00 
2016-04-28 00:00:00,70.626,94.1,58.0,74.4,73.8,,72.2,,,,,,,,0.00 
2016-04-29 00:00:00,71.598,94.1,57.4,71.6,75.7,,68.7,,,,,,,,0.00 
2016-04-30 00:00:00,71.733,93.7,53.5,63.4,80.4,,62.6,,,,,,,,0.00 
2016-05-01 00:00:00,71.635,94.0,56.9,66.4,83.0,,65.7,,,,,,,,0.00 
2016-05-02 00:00:00,71.819,94.3,61.3,72.7,80.8,,70.9,,,,,,,,0.00 
2016-05-03 00:00:00,72.205,94.2,60.3,71.3,79.6,,69.5,,,,,,,,0.00 
2016-05-04 00:00:00,72.511,94.3,58.7,69.8,73.3,,64.5,,,,,,,,0.00 
2016-05-05 00:00:00,73.038,94.0,54.0,56.9,90.9,,55.0,,,,,,,,0.00 
2016-05-06 00:00:00,72.865,93.9,50.3,57.4,85.4,,49.2,,,,,,,,0.00 
2016-05-07 00:00:00,72.064,94.2,53.7,67.4,60.8,,49.2,,,,,,,,0.00 
2016-05-08 00:00:00,72.669,94.5,58.1,75.3,55.9,,49.2,,,,,,,,0.00 
2016-05-09 00:00:00,74.852,94.6,62.6,75.6,63.0,,56.7,,,,,,,,0.00 
2016-05-10 00:00:00,76.365,94.4,62.3,76.5,66.9,,69.7,,,,,,,,0.00 
2016-05-11 00:00:00,77.675,94.3,62.1,75.8,71.6,,73.0,,,,,,,,0.00 
2016-05-12 00:00:00,79.168,94.0,63.1,74.7,75.9,,66.9,,,,,,,,0.00 
2016-05-13 00:00:00,84.115,93.8,62.2,73.9,72.7,,70.7,,,,,,,,0.00 
2016-05-14 00:00:00,92.981,93.9,59.6,73.4,57.1,,70.0,,,,,,,,0.00 
2016-05-15 00:00:00,93.277,93.7,47.1,63.3,45.8,,59.3,,,,,,,,0.00 
2016-05-16 00:00:00,92.766,94.0,50.0,65.3,52.8,,59.5,,,,,,,,0.00 
2016-05-17 00:00:00,92.906,94.3,55.5,66.2,74.9,,63.0,,,,,,,,0.00 
2016-05-18 00:00:00,93.281,93.8,51.2,64.5,77.5,,62.0,,,,,,,,0.00 
2016-05-19 00:00:00,93.260,93.9,50.0,60.4,88.0,,59.2,,,,,,,,0.00 
2016-05-20 00:00:00,85.572,94.0,51.8,64.3,75.8,,62.7,,,,,,,,0.00 
2016-05-21 00:00:00,79.012,94.1,57.3,72.9,73.6,,68.5,,,,,,,,0.00 
2016-05-22 00:00:00,78.474,93.5,52.0,67.2,74.0,,63.5,,,,,,,,0.00 
2016-05-23 00:00:00,78.243,93.0,47.8,62.9,73.2,,57.5,,,,,,,,0.00 
2016-05-24 00:00:00,77.550,93.1,44.1,69.3,63.5,,57.5,,,,,,,,0.00 
2016-06-07 00:00:00,75.051,94.3,45.3,86.6,44.6,,84.9,,,,,,,,0.00 
2016-06-11 00:00:00,75.235,93.7,59.1,90.4,54.3,,86.9,,,,,,,,0.00 
2016-06-12 00:00:00,75.266,93.2,61.3,83.7,62.2,,81.8,,,,,,,,0.00 
2016-06-13 00:00:00,73.980,92.8,46.9,81.6,45.7,,76.8,,,,,,,,0.00 
2016-06-14 00:00:00,73.448,93.5,46.5,80.3,57.4,,76.1,,,,,,,,0.00 
2016-06-15 00:00:00,73.654,93.5,54.0,81.7,71.7,,78.1,,,,,,,,0.00 
2016-06-16 00:00:00,77.198,93.7,56.0,82.6,70.9,,80.0,,,,,,,,0.00 
2016-06-17 00:00:00,83.606,93.3,54.2,80.8,66.9,,75.7,,,,,,,,0.00 
2016-06-18 00:00:00,84.993,92.9,55.5,75.0,55.6,,72.3,,,,,,,,0.00 
2016-06-19 00:00:00,84.020,93.5,53.7,75.6,53.5,,71.0,,,,,,,,0.00 
2016-06-20 00:00:00,82.366,93.4,59.9,79.3,52.9,,74.1,,,,,,,,0.00 
2016-06-21 00:00:00,80.413,93.9,57.5,80.9,55.9,,78.5,,,,,,,,0.00 
2016-06-22 00:00:00,79.641,94.1,56.5,64.3,57.6,,82.3,,,,,,,,0.00 
2016-06-23 00:00:00,82.381,93.8,62.7,86.8,63.3,,82.6,,,,,,,,0.00 
2016-06-27 00:00:00,82.910,94.3,60.6,81.7,59.3,,78.2,,,,,,,,0.00 
2016-06-28 00:00:00,83.524,94.3,59.6,75.3,85.2,,73.3,,,,,,,,0.00 
2016-07-04 00:00:00,81.583,94.2,63.5,83.2,73.7,,79.7,,,,,,,,0.00 
2016-07-05 00:00:00,81.315,94.4,63.7,83.9,75.7,,81.9,,,,,,,,0.00 
2016-07-06 00:00:00,80.960,94.2,63.4,84.2,73.5,,81.1,,,,,,,,0.00 
2016-07-07 00:00:00,80.660,94.1,62.0,80.9,75.5,,78.6,,,,,,,,0.00 
2016-07-08 00:00:00,80.089,94.4,62.3,84.7,68.7,,81.5,,,,,,,,0.00 
2016-07-09 00:00:00,79.345,94.5,61.0,83.9,67.9,,80.5,,,,,,,,0.00 
2016-07-10 00:00:00,78.722,94.3,57.4,85.8,61.5,,80.5,,,,,,,,0.00 
2016-07-11 00:00:00,78.275,94.2,57.5,83.1,69.3,,78.7,,,,,,,,0.00 
2016-07-12 00:00:00,77.863,94.1,57.8,83.9,71.5,,79.6,,,,,,,,0.00 
2016-07-13 00:00:00,78.505,94.2,58.2,83.0,72.0,,81.6,,,,,,,,0.00 
2016-07-14 00:00:00,77.757,94.5,59.4,83.5,66.4,,83.9,,,,,,,,0.00 
2016-07-15 00:00:00,77.468,94.3,58.3,77.6,70.6,,81.0,,,,,,,,0.00 
2016-07-16 00:00:00,77.766,94.2,58.1,79.9,77.5,,76.2,,,,,,,,0.00 
2016-07-17 00:00:00,78.344,94.5,58.7,83.2,75.1,,78.8,,,,,,,,0.00 
2016-07-18 00:00:00,77.474,94.5,59.6,85.5,69.9,,82.1,,,,,,,,0.00 
2016-07-19 00:00:00,77.343,94.7,62.5,55.1,69.8,,82.5,,,,,,,,0.00 
2016-07-20 00:00:00,77.576,94.8,62.0,84.2,67.7,,78.9,,,,,,,,0.00 
2016-07-21 00:00:00,78.265,94.8,61.3,85.0,64.9,,79.5,,,,,,,,0.00 
2016-07-22 00:00:00,79.277,94.5,63.1,84.1,69.4,,80.2,,,,,,,,0.00 
2016-07-23 00:00:00,80.881,94.7,64.5,56.5,68.0,,82.0,,,,,,,,0.00 
2016-07-24 00:00:00,82.785,94.6,65.6,45.7,69.0,,83.5,,,,,,,,0.00 
2016-07-25 00:00:00,84.368,94.7,65.3,64.0,69.8,,84.6,,,,,,,,0.00 
2016-07-26 00:00:00,85.418,94.7,65.1,63.6,66.1,,84.9,,,,,,,,0.00 
2016-07-27 00:00:00,86.679,94.9,67.3,20.1,73.3,,84.7,,,,,,,,0.00 
2016-07-28 00:00:00,87.664,94.6,66.1,40.8,65.4,,86.2,,,,,,,,0.00 
2016-07-29 00:00:00,87.751,94.6,63.8,32.4,63.3,,83.4,,,,,,,,0.00 
2016-07-30 00:00:00,87.827,94.5,63.3,81.3,65.2,,82.4,,,,,,,,0.00 
2016-07-31 00:00:00,88.406,94.2,63.4,67.7,68.7,,81.6,,,,,,,,0.00 
2016-08-01 00:00:00,88.809,94.2,64.1,84.0,69.0,,80.0,,,,,,,,0.00 
2016-08-02 00:00:00,89.051,94.2,64.5,82.7,74.1,,79.2,,,,,,,,0.00 
2016-08-03 00:00:00,89.278,94.0,64.2,80.6,75.3,,78.3,,,,,,,,0.00 
2016-08-04 00:00:00,88.764,94.0,63.0,82.3,69.3,,78.1,,,,,,,,0.00 
2016-08-05 00:00:00,89.939,94.2,63.5,82.1,76.9,,78.1,,,,,,,,0.00 
2016-08-06 00:00:00,90.002,94.3,64.6,80.6,74.7,,81.5,,,,,,,,0.00 
2016-08-07 00:00:00,90.607,93.6,66.5,80.5,83.6,,78.0,,,,,,,,0.00 
2016-08-08 00:00:00,90.838,93.8,65.0,83.5,74.2,,78.8,,,,,,,,0.00 
2016-08-09 00:00:00,91.399,93.8,65.4,82.0,79.4,,78.6,,,,,,,,0.00 
2016-08-10 00:00:00,91.811,94.0,65.0,85.4,71.1,,80.7,,,,,,,,0.00 
2016-08-11 00:00:00,91.882,93.9,64.7,70.2,73.1,,80.0,,,,,,,,0.00 
2016-08-12 00:00:00,92.892,94.1,65.2,79.7,70.9,,82.2,,,,,,,,0.00 
2016-08-13 00:00:00,93.816,93.9,65.2,87.2,69.8,,83.8,,,,,,,,0.00 
2016-08-14 00:00:00,95.284,94.1,64.8,70.8,71.8,,83.7,,,,,,,,0.00 
2016-08-15 00:00:00,97.525,94.4,63.9,48.0,68.6,,83.4,,,,,,,,0.00 
2016-08-16 00:00:00,99.742,94.4,62.8,47.4,68.8,,83.3,,,,,,,,0.00 
2016-08-17 00:00:00,101.599,94.5,61.7,56.4,69.5,,83.1,,,,,,,,0.00 
2016-08-18 00:00:00,102.965,94.7,60.6,23.3,68.1,,83.4,,,,,,,,0.00 
2016-08-19 00:00:00,103.723,94.5,59.8,66.3,68.5,,81.3,,,,,,,,0.00 
2016-08-20 00:00:00,105.103,94.5,60.0,84.8,72.3,,79.8,,,,,,,,0.00 
2016-08-21 00:00:00,104.656,94.4,60.3,78.3,69.1,,81.9,,,,,,,,0.00 
2016-08-22 00:00:00,103.983,94.2,57.5,47.3,61.3,,77.8,,,,,,,,0.00 
2016-08-23 00:00:00,103.563,94.3,56.6,76.1,63.0,,74.9,,,,,,,,0.00 
2016-08-24 00:00:00,103.288,94.3,55.7,73.0,62.8,,74.2,,,,,,,,0.00 
2016-08-25 00:00:00,101.829,94.4,55.6,82.1,63.6,,76.5,,,,,,,,0.00 
2016-08-26 00:00:00,100.348,94.7,56.5,28.1,71.0,,82.1,,,,,,,,0.00 
2016-08-27 00:00:00,100.392,94.4,58.3,61.2,76.7,,80.9,,,,,,,,0.00 
2016-08-28 00:00:00,100.276,94.2,57.4,76.3,73.0,,78.8,,,,,,,,0.00 
2016-08-29 00:00:00,99.526,94.0,55.6,70.3,66.6,,79.3,,,,,,,,0.00 
2016-08-30 00:00:00,98.904,93.9,54.2,78.7,62.2,,79.3,,,,,,,,0.00 
2016-08-31 00:00:00,98.178,93.8,54.3,74.8,66.1,,79.6,,,,,,,,0.00 
2016-09-01 00:00:00,98.122,93.4,55.2,73.8,75.2,,78.0,,,,,,,,0.00 
2016-09-02 00:00:00,100.048,90.7,55.9,69.5,96.5,,70.2,,,,,,,,0.00 
2016-09-03 00:00:00,101.076,90.8,54.3,71.5,83.5,,69.5,,,,,,,,0.00 
2016-09-04 00:00:00,100.628,91.3,55.4,67.0,86.6,,65.9,,,,,,,,0.00 
2016-09-12 00:00:00,95.203,92.7,58.0,74.3,80.9,,72.6,,,,,,,,0.00 
2016-09-13 00:00:00,95.088,91.2,57.2,73.0,80.6,,68.8,,,,,,,,0.00 
2016-09-19 00:00:00,96.500,90.9,56.7,72.7,88.3,,72.2,,,,,,,,0.00 
2016-09-20 00:00:00,96.331,90.4,56.2,73.3,84.9,,72.0,,,,,,,,0.00 
2016-09-21 00:00:00,97.073,89.9,55.7,71.6,92.9,,71.7,,,,,,,,0.00 
2016-09-22 00:00:00,97.055,91.3,57.1,75.4,87.5,,73.8,,,,,,,,0.00 
2016-09-23 00:00:00,96.428,92.1,59.2,78.0,79.8,,74.3,,,,,,,,0.00 
2016-09-24 00:00:00,95.604,92.8,60.7,41.0,73.6,,75.4,,,,,,,,0.00 
2016-09-25 00:00:00,94.933,91.7,61.9,72.5,83.0,,71.7,,,,,,,,0.00 
2016-09-26 00:00:00,94.315,91.5,59.9,72.4,75.2,,69.8,,,,,,,,0.00 
2016-09-27 00:00:00,93.795,92.4,59.8,77.6,75.8,,73.1,,,,,,,,0.00 
2016-09-28 00:00:00,93.783,92.0,60.7,75.6,80.4,,72.1,,,,,,,,0.00 
2016-09-29 00:00:00,94.462,91.4,60.8,70.7,87.8,,69.6,,,,,,,,0.00 
2016-09-30 00:00:00,93.769,92.2,60.7,75.4,86.3,,73.5,,,,,,,,0.00 
2016-10-01 00:00:00,92.993,92.2,59.4,76.6,74.2,,72.0,,,,,,,,0.00 
2016-10-02 00:00:00,92.322,92.2,58.4,78.8,69.5,,68.7,,,,,,,, 
2016-10-03 00:00:00,91.958,91.6,57.7,76.6,68.7,,71.7,,,,,,,, 
2016-10-04 00:00:00,91.737,90.6,57.8,70.4,74.2,,67.7,,,,,,,, 
2016-10-05 00:00:00,91.469,89.4,56.6,66.5,80.3,,65.4,,,,,,,, 
2016-10-06 00:00:00,91.111,89.5,56.0,66.9,80.3,,65.6,,,,,,,, 
2016-10-07 00:00:00,91.372,90.5,59.1,70.2,93.5,,70.3,,,,,,,, 
2016-10-08 00:00:00,92.937,88.7,55.5,65.3,99.8,,68.7,,,,,,,, 
2016-10-09 00:00:00,92.489,88.3,48.2,66.6,71.6,,65.4,,,,,,,, 
2016-10-10 00:00:00,91.169,86.4,46.7,62.6,62.5,,56.2,,,,,,,, 
2016-10-11 00:00:00,90.303,85.3,45.9,61.8,66.0,,54.8,,,,,,,, 
2016-10-12 00:00:00,89.337,86.4,48.1,66.2,71.3,,60.4,,,,,,,, 
2016-10-13 00:00:00,88.578,87.8,48.9,70.8,66.8,,63.1,,,,,,,, 
2016-10-14 00:00:00,87.839,86.9,47.8,67.2,66.4,,62.3,,,,,,,, 
2016-10-15 00:00:00,87.311,85.8,47.8,66.3,67.9,,60.5,,,,,,,, 
2016-10-16 00:00:00,87.069,86.7,50.0,69.8,68.4,,62.8,,,,,,,, 
2016-10-17 00:00:00,86.772,88.3,51.7,72.1,69.1,,66.6,,,,,,,, 
2016-10-18 00:00:00,86.512,88.3,54.0,68.8,80.0,,64.8,,,,,,,, 
2016-10-25 00:00:00,83.756,93.0,50.2,64.8,52.0,,57.2,,,,,,,, 
2016-10-26 00:00:00,83.544,93.0,49.0,56.9,65.2,,51.8,,,,,,,, 
2016-10-27 00:00:00,82.979,93.4,48.6,62.1,72.6,,59.7,,,,,,,, 
2016-10-28 00:00:00,82.538,93.7,52.0,69.7,66.3,,63.6,,,,,,,, 
2016-10-29 00:00:00,82.042,93.2,48.0,65.5,67.5,,60.9,,,,,,,, 
2016-10-30 00:00:00,81.658,93.5,51.4,70.0,68.8,,66.5,,,,,,,, 
2016-10-31 00:00:00,81.490,93.2,54.9,66.5,68.9,,63.4,,,,,,,, 
2016-11-01 00:00:00,81.426,92.5,53.3,61.0,68.8,,58.5,,,,,,,, 
2016-11-02 00:00:00,81.201,92.4,54.0,66.1,71.7,,61.7,,,,,,,, 
2016-11-03 00:00:00,80.968,92.9,56.3,69.9,69.0,,66.0,,,,,,,, 
2016-11-04 00:00:00,81.162,92.3,53.9,64.8,69.1,,61.4,,,,,,,, 
2016-11-05 00:00:00,80.921,91.6,52.4,56.2,65.3,,51.1,,,,,,,, 
2016-11-06 00:00:00,80.648,91.5,51.7,58.3,64.8,,52.0,,,,,,,, 
2016-11-07 00:00:00,80.379,90.9,50.3,54.2,62.2,,50.1,,,,,,,, 
2016-11-08 00:00:00,80.097,90.8,47.6,54.9,64.1,,49.8,,,,,,,, 
2016-11-09 00:00:00,79.798,91.0,47.4,54.4,67.4,,52.9,,,,,,,, 
2016-11-10 00:00:00,79.550,90.9,46.5,56.2,55.9,,50.2,,,,,,,, 
2016-11-11 00:00:00,79.171,90.6,47.6,59.1,52.5,,44.0,,,,,,,, 
2016-11-12 00:00:00,78.865,89.4,44.1,49.5,54.1,,43.8,,,,,,,, 
2016-11-13 00:00:00,78.771,88.8,47.4,48.5,62.5,,43.0,,,,,,,, 
2016-11-14 00:00:00,78.964,89.3,49.8,54.9,78.9,,50.9,,,,,,,, 
2016-11-15 00:00:00,78.672,89.7,45.2,56.6,67.9,,51.3,,,,,,,, 
2016-11-16 00:00:00,78.427,89.6,48.4,56.2,66.3,,50.1,,,,,,,, 
2016-11-17 00:00:00,78.109,89.7,47.7,58.1,64.0,,53.1,,,,,,,, 
2016-11-18 00:00:00,77.834,89.2,46.2,59.5,66.2,,54.2,,,,,,,, 
2016-11-19 00:00:00,77.567,88.8,43.0,55.7,61.5,,53.5,,,,,,,, 
2016-11-20 00:00:00,77.347,84.8,50.3,45.8,43.1,,41.8,,,,,,,, 
2016-11-21 00:00:00,77.092,81.6,47.6,45.8,43.3,,40.8,,,,,,,, 
2016-11-22 00:00:00,76.839,78.6,52.3,46.7,44.8,,41.0,,,,,,,, 
2016-11-23 00:00:00,76.653,77.7,56.8,48.4,55.1,,42.9,,,,,,,, 
2016-11-24 00:00:00,76.491,83.0,58.6,59.1,70.8,,56.5,,,,,,,, 
2016-11-25 00:00:00,76.499,83.3,55.9,62.5,75.0,,59.8,,,,,,,, 
2016-11-26 00:00:00,76.470,77.6,51.4,56.6,57.4,,51.9,,,,,,,, 
2016-11-27 00:00:00,76.380,70.7,58.8,47.5,57.5,,40.3,,,,,,,, 
2016-11-28 00:00:00,76.279,64.8,65.8,47.0,71.8,,44.6,,,,,,,, 
2016-11-29 00:00:00,76.300,70.1,65.6,64.5,80.9,,66.0,,,,,,,, 
2016-11-30 00:00:00,76.951,72.0,71.2,68.2,85.5,,68.7,,,,,,,, 
2016-12-01 00:00:00,77.035,63.9,57.0,62.6,61.1,,58.6,,,,,,,, 
2016-12-02 00:00:00,76.780,51.3,50.8,51.0,56.0,,45.6,,,,,,,, 
2016-12-03 00:00:00,76.541,50.3,52.9,50.1,56.2,,44.7,,,,,,,, 
2016-12-04 00:00:00,76.956,47.8,60.1,44.1,77.3,,42.9,,,,,,,, 
2016-12-05 00:00:00,77.740,54.9,64.7,54.0,74.5,,49.5,,,,,,,, 
2016-12-06 00:00:00,78.173,51.1,70.6,46.5,90.7,,46.4,,,,,,,, 
2016-12-07 00:00:00,77.935,54.2,65.2,54.9,69.4,,48.2,,,,,,,, 
2016-12-08 00:00:00,77.707,50.2,57.7,47.8,64.2,,46.9,,,,,,,, 
2016-12-09 00:00:00,77.473,39.8,45.7,43.7,41.9,,35.7,,,,,,,, 
2016-12-10 00:00:00,77.218,37.2,49.9,39.4,50.9,,31.3,,,,,,,, 
2016-12-11 00:00:00,77.106,38.2,56.1,38.2,58.2,,35.3,,,,,,,, 
2016-12-12 00:00:00,77.107,49.8,72.8,48.1,84.7,,47.8,,,,,,,, 
2016-12-13 00:00:00,77.125,47.0,73.6,45.1,86.7,,44.1,,,,,,,, 
2016-12-14 00:00:00,76.970,50.5,67.0,49.7,71.9,,46.5,,,,,,,, 
2016-12-15 00:00:00,76.834,39.1,48.9,38.9,49.0,,35.0,,,,,,,, 
2016-12-16 00:00:00,76.610,30.9,38.9,29.4,33.8,,27.6,,,,,,,, 
2016-12-17 00:00:00,76.479,40.8,70.2,40.5,78.3,,39.2,,,,,,,, 
2016-12-18 00:00:00,76.597,62.5,76.4,60.2,90.2,,60.6,,,,,,,, 
2016-12-19 00:00:00,78.192,40.3,71.1,35.9,96.6,,36.1,,,,,,,, 
2016-12-20 00:00:00,77.769,40.6,62.9,40.4,66.4,,37.9,,,,,,,, 
2016-12-21 00:00:00,77.479,45.6,57.3,47.5,60.5,,40.9,,,,,,,, 
2016-12-22 00:00:00,76.989,49.4,55.2,49.4,58.7,,47.5,,,,,,,, 
2016-12-23 00:00:00,76.652,45.5,53.3,44.5,56.8,,42.6,,,,,,,, 
2016-12-24 00:00:00,76.475,50.1,68.2,49.7,76.6,,48.7,,,,,,,, 
2016-12-25 00:00:00,76.455,55.4,68.8,54.2,76.6,,52.7,,,,,,,, 
2016-12-26 00:00:00,76.262,53.8,65.4,53.1,71.5,,51.9,,,,,,,, 
2016-12-27 00:00:00,76.404,57.0,83.5,56.6,91.8,,57.2,,,,,,,, 
2016-12-28 00:00:00,76.327,55.2,60.4,55.9,61.5,,49.4,,,,,,,, 
2016-12-29 00:00:00,76.532,49.5,61.9,49.3,67.2,,48.5,,,,,,,, 
2016-12-30 00:00:00,76.178,42.2,44.7,42.2,47.1,,39.9,,,,,,,, 
2016-12-31 00:00:00,75.951,38.9,55.5,39.7,58.9,,38.2,,,,,,,, 
2017-01-01 00:00:00,76.122,47.7,67.7,47.0,79.1,,46.7,,,,,,,, 
2017-01-02 00:00:00,77.296,52.6,76.7,50.2,96.7,,50.1,,,,,,,, 
2017-01-03 00:00:00,77.549,52.6,82.1,51.8,93.6,,51.6,,,,,,,, 
2017-01-04 00:00:00,77.219,56.1,68.7,55.8,69.6,,55.2,,,,,,,, 
2017-01-05 00:00:00,76.894,42.1,53.5,42.2,49.9,,40.2,,,,,,,, 
2017-01-06 00:00:00,76.845,41.4,60.1,39.9,67.8,,39.5,,,,,,,, 