2017-04-11 00:00:00,57.857,55.9,59.9,49.4,70.4,2076,49.2,,,,,,,, 
2017-04-12 00:00:00,57.861,55.0,63.6,48.7,75.6,1504,49.0,,,,,,,, 
2017-04-13 00:00:00,57.512,57.5,60.6,46.7,78.3,1331,47.3,,,,,,,, 
2017-04-14 00:00:00,57.423,59.2,65.0,47.4,87.8,871,47.8,,,,,,,, 
2017-04-15 00:00:00,57.159,54.0,59.0,45.3,70.3,2388,45.9,,,,,,,, 
2017-04-16 00:00:00,57.127,56.2,67.8,47.4,85.8,1352,49.0,,,,,,,, 
2017-04-17 00:00:00,57.001,63.5,65.2,47.7,81.0,1546,48.9,,,,,,,, 
2017-04-18 00:00:00,56.965,59.6,59.0,45.1,75.0,1769,46.9,,,,,,,, 
2017-04-19 00:00:00,57.118,65.8,66.0,51.3,85.5,1199,48.4,,,,,,,, 
2017-04-20 00:00:00,57.217,66.2,63.7,52.3,81.2,880,54.0,,,,,,,, 
2017-04-21 00:00:00,57.181,63.8,62.9,50.9,84.3,1316,52.9,,,,,,,, 
2017-04-22 00:00:00,57.066,65.9,61.3,47.8,85.8,1069,49.6,,,,,,,, 
2017-04-23 00:00:00,56.903,63.8,59.1,47.4,80.1,2520,47.9,,,,,,,, 
2017-04-24 00:00:00,56.746,54.4,56.5,44.8,74.0,2671,45.9,,,,,,,, 
2017-04-25 00:00:00,56.295,54.7,53.9,42.5,67.6,2704,42.3,,,,,,,, 
2017-04-26 00:00:00,55.911,57.5,54.0,42.4,69.1,2051,43.4,,,,,,,, 
2017-04-27 00:00:00,55.743,56.1,63.3,45.7,83.2,1735,46.7,,,,,,,, 
2017-04-28 00:00:00,55.674,62.5,60.0,47.7,71.7,1241,49.4,,,,,,,, 
2017-04-29 00:00:00,55.714,62.7,56.4,50.6,70.7,2049,52.4,,,,,,,, 
2017-04-30 00:00:00,55.731,65.6,56.5,53.2,67.1,2217,55.0,,,,,,,, 
2017-05-01 00:00:00,56.885,78.0,59.1,56.0,69.2,3564,56.0,,,,,,,, 
2017-05-02 00:00:00,57.998,81.7,57.8,54.1,74.5,2936,55.4,,,,,,,, 
2017-05-03 00:00:00,57.987,78.8,57.3,54.1,65.0,3296,54.6,,,,,,,, 
2017-05-04 00:00:00,57.989,76.9,48.2,53.5,60.0,3517,54.2,,,,,,,, 
2017-05-05 00:00:00,57.922,74.9,43.4,52.5,63.1,3264,52.8,,,,,,,, 
2017-05-06 00:00:00,58.120,75.2,45.8,52.2,59.8,2725,53.0,,,,,,,, 
2017-05-07 00:00:00,59.004,77.6,57.0,51.2,70.9,2750,51.2,,,,,,,, 
2017-05-08 00:00:00,60.136,83.5,63.6,52.9,65.9,3628,53.3,,,,,,,, 
2017-05-09 00:00:00,60.614,78.7,60.4,47.8,72.9,1470,49.5,,,,,,,, 
2017-05-10 00:00:00,61.734,79.9,62.1,48.2,71.1,1572,49.0,,,,,,,, 
2017-05-11 00:00:00,62.385,82.2,66.1,54.0,68.2,1683,54.9,,,,,,,, 
2017-05-12 00:00:00,62.961,82.1,72.3,55.1,84.1,805,57.3,,,,,,,, 
2017-05-13 00:00:00,62.783,80.8,67.6,54.7,88.2,797,57.0,,,,,,,, 
2017-05-14 00:00:00,62.654,83.2,60.7,53.3,76.8,1998,55.1,,,,,,,, 
2017-05-15 00:00:00,62.528,81.8,68.1,57.9,90.3,723,58.6,,,,,,,, 
2017-05-16 00:00:00,62.626,84.5,67.2,59.6,75.2,1351,61.1,,,,,,,, 
2017-05-17 00:00:00,63.385,85.1,68.4,53.3,73.3,1752,54.2,,,,,,,, 
2017-05-18 00:00:00,63.591,83.9,72.1,50.1,81.0,1918,51.0,,,,,,,, 
2017-05-19 00:00:00,62.320,85.7,82.4,55.9,65.6,2137,54.9,,,,,,,, 
2017-05-20 00:00:00,62.352,81.3,83.5,52.8,75.7,1164,53.8,,,,,,,, 
2017-05-21 00:00:00,62.408,77.7,88.1,51.8,84.3,553,53.2,,,,,,,, 
2017-05-22 00:00:00,62.312,80.7,84.9,56.2,77.2,1127,57.2,,,,,,,, 
2017-05-23 00:00:00,62.270,86.6,77.8,56.0,78.5,2420,53.3,,,,,,,, 
2017-05-24 00:00:00,63.546,94.5,72.5,67.6,75.6,1255,69.5,,,,,,,, 
2017-05-25 00:00:00,63.634,90.2,75.2,60.7,85.5,1636,63.1,,,,,,,, 
2017-05-26 00:00:00,63.319,90.8,74.4,65.4,76.2,2313,67.1,,,,,,,, 
2017-05-27 00:00:00,52.868,73.1,67.3,63.0,83.1,218,62.8,,,,,,,, 
2017-05-28 00:00:00,52.360,65.9,75.0,59.7,72.6,1144,59.7,,,,,,,, 
2017-05-29 00:00:00,53.432,66.6,81.8,58.2,85.5,317,57.9,,,,,,,, 
2017-05-30 00:00:00,52.317,63.9,78.2,60.1,74.7,2392,57.1,,,,,,,, 
2017-05-31 00:00:00,52.140,65.0,81.4,56.5,75.5,1825,56.0,,,,,,,, 
2017-06-01 00:00:00,51.823,64.8,92.0,59.3,79.8,468,58.7,,,,,,,, 
2017-06-02 00:00:00,51.529,64.4,86.4,60.8,66.1,2422,59.3,,,,,,,, 
2017-06-03 00:00:00,52.202,65.4,85.8,59.1,66.3,2003,57.7,,,,,,,, 
2017-06-04 00:00:00,53.534,63.8,87.4,56.2,68.6,1351,54.2,,,,,,,, 
2017-06-05 00:00:00,53.362,64.4,88.9,57.2,76.2,914,56.8,,,,,,,, 
2017-06-06 00:00:00,52.005,56.4,90.0,54.9,75.5,1190,54.1,,,,,,,, 
2017-06-07 00:00:00,56.584,74.1,76.8,56.9,70.0,1296,56.1,,,,,,,, 
2017-06-08 00:00:00,62.256,94.7,66.8,59.4,88.4,536,58.8,,,,,,,, 
2017-06-09 00:00:00,62.107,95.1,55.5,59.9,77.7,1074,59.5,,,,,,,, 
2017-06-10 00:00:00,61.969,94.2,58.7,62.5,78.7,1090,62.4,,,,,,,, 
2017-06-11 00:00:00,61.577,93.3,45.5,60.2,72.4,1059,59.5,,,,,,,, 
2017-06-12 00:00:00,61.111,92.3,42.2,59.1,71.0,1034,57.2,,,,,,,, 
2017-06-13 00:00:00,60.493,93.4,51.5,63.3,72.9,884,61.8,,,,,,,, 
2017-06-14 00:00:00,60.075,94.1,57.8,62.5,73.2,1390,61.6,,,,,,,, 
2017-06-16 00:00:00,75.366,67.9,89.7,66.7,77.0,70,64.4,,,,,,,, 
2017-06-17 00:00:00,74.175,64.2,94.4,68.3,68.4,184,65.5,,,,,,,, 
2017-06-18 00:00:00,72.502,73.0,94.6,69.5,64.4,2376,63.7,,,,,,,, 
2017-06-19 00:00:00,70.697,95.1,83.0,67.6,71.6,1344,63.9,,,,,,,, 
2017-06-20 00:00:00,71.236,94.9,83.0,64.7,56.8,2587,63.9,,,,,,,, 
2017-06-21 00:00:00,73.222,94.9,86.6,69.1,75.3,1408,63.9,,,,,,,, 
2017-06-22 00:00:00,74.493,94.6,80.0,62.8,67.3,899,63.9,,,,,,,, 
2017-06-23 00:00:00,74.980,94.6,71.6,61.4,74.8,160,63.9,,,,,,,, 
2017-06-24 00:00:00,74.002,94.5,69.6,59.8,63.9,142,63.9,,,,,,,, 
2017-06-25 00:00:00,73.826,94.3,74.9,58.6,61.2,168,63.9,,,,,,,, 
2017-06-26 00:00:00,74.601,94.3,83.7,58.8,61.8,449,63.9,,,,,,,, 
2017-06-27 00:00:00,77.095,94.4,86.2,56.2,88.6,142,63.9,,,,,,,, 
2017-07-20 00:00:00,68.670,56.4,97.9,61.0,68.1,116,63.9,,,,,,,, 
2017-07-21 00:00:00,68.553,58.0,99.9,57.9,82.8,135,63.9,,,,,,,, 
2017-07-22 00:00:00,69.375,69.9,99.9,62.6,82.6,876,63.9,,,,,,,, 
2017-07-23 00:00:00,69.049,75.2,99.9,64.7,84.0,249,63.9,,,,,,,, 
2017-07-24 00:00:00,68.669,76.0,99.9,65.9,77.5,163,63.9,,,,,,,, 
2017-07-25 00:00:00,68.457,73.3,99.9,63.0,76.9,92,63.9,,,,,,,, 
2017-07-26 00:00:00,65.806,71.8,99.9,61.3,84.5,150,63.9,,,,,,,, 
2017-07-27 00:00:00,53.671,66.4,99.9,58.2,78.9,180,63.8,,,,,,,, 
2017-07-28 00:00:00,53.057,67.3,99.9,60.3,78.6,178,63.9,,,,,,,, 
2017-07-29 00:00:00,52.627,67.2,99.9,61.7,74.4,152,63.9,,,,,,,, 
2017-07-30 00:00:00,52.337,65.3,99.9,59.5,78.6,123,63.9,,,,,,,, 
2017-07-31 00:00:00,51.873,65.8,99.9,59.9,82.3,127,63.8,,,,,,,, 
2017-08-01 00:00:00,51.337,66.0,99.9,60.5,76.8,160,63.8,,,,,,,, 
2017-08-02 00:00:00,51.339,66.6,99.9,61.8,84.3,70,63.9,,,,,,,, 
2017-08-03 00:00:00,51.306,65.5,99.9,61.4,83.5,83,63.9,,,,,,,, 
2017-08-08 00:00:00,49.876,68.9,99.9,62.9,72.8,225,63.9,,,,,,,, 
2017-08-09 00:00:00,49.879,66.7,99.9,60.3,76.3,129,63.9,,,,,,,, 
2017-08-10 00:00:00,49.943,65.4,99.9,59.7,73.6,212,63.9,,,,,,,, 
2017-08-11 00:00:00,49.836,67.1,99.9,62.3,80.0,177,63.9,,,,,,,, 
2017-08-12 00:00:00,49.870,63.9,99.9,58.3,85.2,71,63.9,,,,,,,, 
2017-08-23 00:00:00,51.391,56.7,99.9,60.8,94.3,16,63.9,,,,,,,, 
2017-08-24 00:00:00,51.311,59.0,99.9,60.7,89.8,110,63.9,,,,,,,, 
2017-08-25 00:00:00,51.115,57.7,99.9,60.4,96.4,83,63.9,,,,,,,, 
2017-08-26 00:00:00,50.741,57.6,99.9,60.1,94.6,77,63.9,,,,,,,, 
2017-08-27 00:00:00,50.454,63.0,99.9,64.5,91.5,86,63.9,,,,,,,, 
2017-08-28 00:00:00,50.290,64.8,99.9,63.2,91.8,85,63.9,,,,,,,, 
2017-08-29 00:00:00,50.044,56.2,99.9,56.2,84.5,98,63.9,,,,,,,, 
2017-08-30 00:00:00,50.887,55.9,99.9,57.2,81.1,121,63.9,,,,,,,, 
2017-08-31 00:00:00,51.494,57.8,99.5,59.9,74.4,205,63.9,,,,,,,, 
2017-09-01 00:00:00,50.468,55.5,99.9,57.7,79.8,116,63.9,,,,,,,, 
2017-09-02 00:00:00,50.048,59.4,99.7,59.5,77.6,139,63.9,,,,,,,, 
2017-09-03 00:00:00,49.946,58.0,99.9,59.3,94.7,96,63.9,,,,,,,, 
2017-09-04 00:00:00,49.804,,,62.9,95.1,259,63.9,,,,,,,, 
2017-09-05 00:00:00,50.171,56.8,99.9,59.0,84.9,447,63.7,,,,,,,, 
2017-09-06 00:00:00,48.438,59.1,99.9,56.7,86.1,259,63.8,,,,,,,, 
2017-09-07 00:00:00,42.920,64.1,99.9,58.1,94.1,252,64.0,,,,,,,, 
2017-09-08 00:00:00,41.737,62.0,99.9,55.7,91.8,1022,63.8,,,,,,,, 
2017-09-09 00:00:00,40.753,62.7,99.9,56.9,94.3,1042,63.8,,,,,,,, 
2017-09-10 00:00:00,40.424,61.3,99.9,55.2,92.2,1074,63.8,,,,,,,, 
2017-09-11 00:00:00,41.936,61.0,99.9,55.5,91.9,1128,63.9,,,,,,,, 
2017-09-12 00:00:00,43.159,60.9,99.9,53.6,88.5,731,63.7,,,,,,,, 
2017-09-13 00:00:00,42.289,59.3,99.9,51.7,93.8,1498,63.9,,,,,,,, 
2017-09-14 00:00:00,42.088,59.0,99.9,52.9,94.5,994,63.9,,,,,,,, 
2017-09-15 00:00:00,41.809,60.2,99.9,54.4,93.5,1210,63.9,,,,,,,, 
2017-09-16 00:00:00,41.350,57.2,99.9,51.2,89.4,390,63.9,,,,,,,, 
2017-09-17 00:00:00,41.372,60.1,99.9,54.1,85.7,1148,63.9,,,,,,,, 
2017-09-18 00:00:00,41.790,60.8,99.2,54.4,83.0,1730,63.9,,,,,,,, 
2017-09-19 00:00:00,43.731,61.3,99.8,56.0,84.2,1324,63.9,,,,,,,, 
2017-09-20 00:00:00,48.545,59.3,99.9,58.3,93.7,302,63.9,,,,,,,, 
2017-09-21 00:00:00,46.559,53.4,99.8,55.0,90.8,1465,63.9,,,,,,,, 
2017-09-22 00:00:00,46.169,52.8,99.9,55.7,88.4,916,63.9,,,,,,,, 
2017-09-23 00:00:00,46.223,54.6,99.9,56.8,89.1,668,63.9,,,,,,,, 
2017-09-24 00:00:00,46.386,56.3,99.9,59.8,94.2,772,63.8,,,,,,,, 
2017-09-25 00:00:00,46.399,53.3,99.9,56.3,85.0,1546,63.9,,,,,,,, 
2017-09-26 00:00:00,46.140,54.8,99.9,56.2,91.5,885,63.8,,,,,,,, 
2017-09-27 00:00:00,45.975,56.0,99.9,57.4,96.3,188,63.9,,,,,,,, 
2017-09-28 00:00:00,45.434,53.2,99.9,56.1,95.2,492,63.9,,,,,,,, 
2017-09-29 00:00:00,45.031,50.9,99.9,55.2,87.9,1456,63.9,,,,,,,, 
2017-09-30 00:00:00,44.504,48.9,99.9,51.9,83.3,1159,63.9,,,,,,,, 
2017-10-01 00:00:00,42.176,53.6,99.9,55.8,87.3,637,63.9,,,,,,,, 
2017-10-02 00:00:00,42.972,53.8,99.9,54.4,82.4,1095,63.9,,,,,,,, 
2017-10-03 00:00:00,43.611,50.8,99.9,52.3,77.0,467,63.9,,,,,,,, 
2017-10-04 00:00:00,43.611,52.3,99.9,54.1,88.7,413,63.9,,,,,,,, 
2017-10-05 00:00:00,42.940,49.9,99.9,52.5,91.0,1286,64.0,,,,,,,, 
2017-10-06 00:00:00,44.186,49.3,99.9,51.5,87.5,648,63.9,,,,,,,, 
2017-10-07 00:00:00,44.080,53.5,99.9,55.9,94.2,442,63.9,,,,,,,, 
2017-10-08 00:00:00,43.495,54.0,99.9,57.2,92.9,320,63.8,,,,,,,, 
2017-10-09 00:00:00,42.977,53.6,99.9,56.1,93.4,434,63.9,,,,,,,, 
2017-10-10 00:00:00,42.934,53.0,99.9,55.5,90.0,436,63.9,,,,,,,, 
2017-10-11 00:00:00,42.179,52.5,99.9,55.1,88.2,715,63.9,,,,,,,, 
2017-10-12 00:00:00,45.415,51.6,99.9,54.0,86.3,685,63.9,,,,,,,, 
2017-10-13 00:00:00,49.909,58.9,99.9,62.3,91.8,295,63.9,,,,,,,, 
2017-10-14 00:00:00,49.833,54.0,99.9,59.3,94.6,294,63.8,,,,,,,, 
2017-10-15 00:00:00,49.688,55.5,99.9,59.3,87.3,318,64.0,,,,,,,, 
2017-10-16 00:00:00,52.029,52.4,99.9,55.6,93.5,325,63.9,,,,,,,, 
2017-10-17 00:00:00,53.189,53.5,99.9,53.2,87.4,672,63.8,,,,,,,, 
2017-10-18 00:00:00,52.923,61.3,99.9,50.9,91.6,721,63.9,,,,,,,, 
2017-10-19 00:00:00,53.911,67.3,99.9,56.3,95.4,306,63.9,,,,,,,, 
2017-10-20 00:00:00,56.692,51.6,99.9,52.3,98.4,822,63.9,,,,,,,, 
2017-10-21 00:00:00,55.852,53.5,99.9,54.4,94.9,584,63.8,,,,,,,, 
2017-10-22 00:00:00,55.047,49.8,99.9,51.3,85.9,995,63.9,,,,,,,, 
2017-10-23 00:00:00,56.526,61.8,99.9,56.7,95.5,554,63.9,,,,,,,, 
2017-10-24 00:00:00,59.275,74.7,97.0,55.1,96.2,419,63.9,,,,,,,, 
2017-10-25 00:00:00,58.616,72.9,89.1,53.6,94.8,823,63.9,,,,,,,, 
2017-10-26 00:00:00,58.017,72.4,87.6,54.5,91.9,822,63.9,,,,,,,, 
2017-10-27 00:00:00,57.680,66.0,89.3,51.4,88.7,1575,63.9,,,,,,,, 
2017-10-28 00:00:00,59.205,64.9,98.3,54.3,99.1,174,63.9,,,,,,,, 
2017-10-29 00:00:00,61.159,74.1,95.3,52.3,85.4,1247,63.9,,,,,,,, 
2017-10-30 00:00:00,60.858,79.7,94.1,48.9,85.2,565,63.9,,,,,,,, 
2017-10-31 00:00:00,60.463,79.4,93.0,55.6,96.0,231,63.9,,,,,,,, 
2017-11-01 00:00:00,60.025,80.5,90.2,54.0,92.5,383,63.9,,,,,,,, 
2017-11-02 00:00:00,59.699,80.5,85.6,51.7,92.3,271,63.8,,,,,,,, 
2017-11-03 00:00:00,59.334,74.2,82.1,50.0,86.4,218,63.9,,,,,,,, 
2017-11-04 00:00:00,59.769,77.5,83.1,45.4,88.4,958,63.9,,,,,,,, 
2017-11-05 00:00:00,60.465,81.0,75.0,44.6,88.0,1188,63.9,,,,,,,, 
2017-11-06 00:00:00,60.208,76.5,74.9,49.8,89.2,339,63.9,,,,,,,, 
2017-11-07 00:00:00,60.141,72.9,74.1,45.9,88.9,888,63.9,,,,,,,, 
2017-11-08 00:00:00,60.055,69.2,74.2,44.3,91.1,326,63.9,,,,,,,, 
2017-11-09 00:00:00,59.880,70.0,78.5,50.8,93.9,724,63.9,,,,,,,, 
2017-11-10 00:00:00,59.691,67.8,77.9,46.9,90.1,723,64.0,,,,,,,, 
2017-11-11 00:00:00,59.733,67.7,78.8,46.4,94.7,738,63.9,,,,,,,, 
2017-11-12 00:00:00,59.481,60.0,75.2,45.7,91.5,3293,63.9,,,,,,,, 
2017-11-16 00:00:00,58.564,61.9,84.4,40.5,92.0,0,63.9,,,,,,,, 
2017-11-17 00:00:00,58.858,54.3,81.8,43.1,91.6,302,63.9,,,,,,,, 
2017-11-18 00:00:00,60.629,63.0,85.9,43.6,92.9,512,63.9,,,,,,,, 
2017-11-19 00:00:00,62.782,71.2,85.0,43.4,92.8,126,63.9,,,,,,,, 
2017-11-20 00:00:00,62.639,68.2,85.8,53.3,99.9,216,63.9,,,,,,,, 
2017-11-21 00:00:00,62.547,73.9,89.2,55.5,99.9,204,63.9,,,,,,,, 
2017-11-22 00:00:00,62.526,72.5,87.8,47.3,99.9,81,63.9,,,,,,,, 
2017-11-23 00:00:00,62.369,61.5,83.3,39.6,97.7,309,63.9,,,,,,,, 
2017-11-24 00:00:00,62.240,55.1,80.1,37.4,94.0,408,63.9,,,,,,,, 
2017-11-25 00:00:00,62.426,50.8,78.3,37.9,93.7,330,63.9,,,,,,,, 
2017-11-26 00:00:00,62.199,50.4,79.8,42.4,94.5,249,63.9,,,,,,,, 
2017-11-27 00:00:00,62.243,51.3,82.2,43.9,94.9,306,63.9,,,,,,,, 
2017-11-28 00:00:00,62.183,51.1,82.5,41.6,91.8,325,63.9,,,,,,,, 
2017-11-29 00:00:00,62.117,50.5,82.4,39.6,89.4,297,63.9,,,,,,,, 
2017-11-30 00:00:00,62.049,50.6,82.5,39.7,86.6,254,63.9,,,,,,,, 
2017-12-01 00:00:00,61.985,49.7,82.9,39.5,86.7,235,63.9,,,,,,,, 
2017-12-02 00:00:00,61.969,52.2,85.5,46.5,96.8,308,63.9,,,,,,,, 
2017-12-03 00:00:00,61.860,54.2,88.3,48.9,98.9,323,63.9,,,,,,,, 
2017-12-04 00:00:00,62.141,56.6,89.9,47.4,98.6,166,63.9,,,,,,,, 
2017-12-05 00:00:00,62.366,55.5,90.5,46.5,98.0,178,63.9,,,,,,,, 
2017-12-06 00:00:00,62.302,56.1,91.3,51.9,97.0,110,63.9,,,,,,,, 
2017-12-07 00:00:00,62.452,54.8,90.4,43.6,88.9,166,63.9,,,,,,,, 
2017-12-08 00:00:00,68.834,49.6,88.1,35.2,92.8,100,63.9,,,,,,,, 
2017-12-09 00:00:00,71.633,50.7,88.6,35.2,91.8,94,64.0,,,,,,,, 
2017-12-10 00:00:00,71.626,54.5,89.6,32.2,85.7,99,63.9,,,,,,,, 
2017-12-11 00:00:00,71.640,59.3,86.5,33.8,90.1,111,63.9,,,,,,,, 
2017-12-12 00:00:00,65.971,59.9,86.6,38.6,94.1,205,63.9,,,,,,,, 
2017-12-13 00:00:00,62.292,63.5,87.7,39.7,95.2,196,63.9,,,,,,,, 
2017-12-14 00:00:00,62.420,61.2,85.1,39.3,96.6,235,63.9,,,,,,,, 
2017-12-15 00:00:00,62.339,60.8,84.6,42.0,92.5,202,63.8,,,,,,,, 
2017-12-16 00:00:00,62.247,59.4,85.2,40.8,93.0,228,63.9,,,,,,,, 
2017-12-17 00:00:00,62.249,61.6,87.6,46.8,97.1,142,63.9,,,,,,,, 
2017-12-18 00:00:00,62.165,59.2,88.6,45.3,96.9,248,63.9,,,,,,,, 
2017-12-19 00:00:00,61.972,64.0,91.1,52.2,98.8,188,63.9,,,,,,,, 
2017-12-20 00:00:00,61.703,68.8,91.7,52.8,98.9,190,63.9,,,,,,,, 
2017-12-21 00:00:00,61.685,66.8,91.6,51.7,99.8,108,63.9,,,,,,,, 
2017-12-22 00:00:00,61.641,64.9,91.8,51.5,99.9,135,63.9,,,,,,,, 
2017-12-23 00:00:00,61.495,63.5,91.7,52.3,99.9,214,63.8,,,,,,,, 
2017-12-24 00:00:00,61.288,63.1,91.4,52.8,99.5,129,63.8,,,,,,,, 
2017-12-25 00:00:00,61.524,60.6,90.8,44.9,99.9,62,63.9,,,,,,,, 
2017-12-26 00:00:00,61.448,53.4,88.9,37.9,99.4,220,63.9,,,,,,,, 
2017-12-27 00:00:00,61.483,51.5,88.9,36.9,96.9,252,63.9,,,,,,,, 
2017-12-28 00:00:00,61.474,50.7,88.7,35.4,95.5,264,63.9,,,,,,,, 
2017-12-29 00:00:00,61.451,51.5,90.2,39.9,97.7,164,63.9,,,,,,,, 
2017-12-30 00:00:00,62.197,52.6,90.8,40.8,95.7,170,63.9,,,,,,,, 
2017-12-31 00:00:00,61.214,54.4,91.1,44.4,93.1,205,63.9,,,,,,,, 
2018-01-01 00:00:00,61.187,53.4,90.0,42.1,93.3,190,63.9,,,,,,,, 
2018-01-02 00:00:00,61.257,55.9,90.5,43.7,95.4,145,63.9,,,,,,,, 
2018-01-03 00:00:00,61.510,52.5,89.0,44.1,97.5,240,63.9,,,,,,,, 
2018-01-04 00:00:00,61.697,54.0,90.4,41.8,98.8,175,63.8,,,,,,,, 
2018-01-05 00:00:00,61.640,53.3,90.0,39.2,96.3,235,63.9,,,,,,,, 
2018-01-06 00:00:00,61.435,57.8,90.3,38.3,87.7,234,63.9,,,,,,,, 
2018-01-07 00:00:00,61.332,54.3,88.0,34.2,86.3,311,63.9,,,,,,,, 
2018-01-08 00:00:00,61.253,58.0,89.1,36.8,88.5,278,63.9,,,,,,,, 
2018-01-09 00:00:00,61.181,62.0,91.6,42.2,97.7,44,63.9,,,,,,,, 
2018-01-10 00:00:00,61.293,60.6,90.9,40.2,97.7,261,63.9,,,,,,,, 
2018-01-11 00:00:00,61.215,62.3,90.2,40.0,97.6,302,63.9,,,,,,,, 
2018-01-12 00:00:00,61.012,63.3,90.2,43.7,97.6,154,63.8,,,,,,,, 
2018-01-13 00:00:00,61.080,65.8,91.9,45.8,98.8,87,63.9,,,,,,,, 
2018-01-14 00:00:00,61.142,64.7,91.1,44.6,99.0,255,63.9,,,,,,,, 
2018-01-15 00:00:00,61.153,62.7,90.2,43.8,99.5,269,63.9,,,,,,,, 
2018-01-16 00:00:00,63.723,61.6,87.3,35.2,98.8,182,63.9,,,,,,,, 
2018-01-17 00:00:00,63.877,60.0,84.0,36.8,98.5,324,57.2,,,,,,,, 
2018-01-18 00:00:00,61.100,60.4,83.0,37.2,99.2,320,35.4,,,,,,,, 
2018-01-19 00:00:00,61.053,60.1,81.4,36.2,97.4,344,34.5,,,,,,,, 
2018-01-20 00:00:00,61.867,63.1,81.9,37.9,96.0,351,34.8,,,,,,,, 
2018-01-21 00:00:00,63.082,65.2,83.8,41.6,99.1,148,34.1,,,,,,,, 
2018-01-22 00:00:00,62.875,63.1,84.0,45.5,99.5,228,34.3,,,,,,,, 
2018-01-23 00:00:00,62.757,66.9,87.0,49.9,97.6,277,45.1,,,,,,,, 
2018-01-24 00:00:00,62.485,60.2,83.9,45.4,93.1,357,49.1,,,,,,,, 
2018-01-25 00:00:00,62.418,56.4,82.5,42.4,92.3,291,49.2,,,,,,,, 
2018-01-26 00:00:00,62.562,56.5,83.8,42.4,97.7,194,40.2,,,,,,,, 
2018-01-27 00:00:00,62.451,60.4,86.0,48.7,96.8,283,46.8,,,,,,,, 
2018-01-28 00:00:00,62.272,65.8,87.0,52.6,97.6,234,50.9,,,,,,,, 
2018-01-29 00:00:00,62.146,62.0,85.1,45.6,95.7,452,43.4,,,,,,,, 
2018-01-30 00:00:00,62.040,56.1,82.7,41.8,92.4,213,40.0,,,,,,,, 
2018-01-31 00:00:00,62.186,52.4,81.4,38.7,94.9,468,37.0,,,,,,,, 
2018-02-01 00:00:00,62.091,51.7,81.6,40.3,92.9,365,38.2,,,,,,,, 
2018-02-02 00:00:00,62.022,54.2,83.2,42.4,92.3,414,39.9,,,,,,,, 
2018-02-03 00:00:00,62.084,55.5,83.4,40.6,94.1,479,38.3,,,,,,,, 
2018-02-04 00:00:00,62.044,60.0,83.7,39.6,92.2,420,35.4,,,,,,,, 
2018-02-05 00:00:00,61.960,59.0,81.0,36.8,90.4,277,32.4,,,,,,,, 
2018-02-06 00:00:00,62.519,56.4,79.2,36.2,91.9,542,33.9,,,,,,,, 
2018-02-07 00:00:00,62.090,57.7,79.1,36.4,93.9,430,34.0,,,,,,,, 
2018-02-08 00:00:00,62.037,61.3,81.2,44.0,99.8,430,41.7,,,,,,,, 
2018-02-09 00:00:00,63.383,55.6,79.6,37.6,94.7,651,35.0,,,,,,,, 
2018-02-10 00:00:00,62.259,60.1,81.9,43.4,97.3,442,41.2,,,,,,,, 
2018-02-11 00:00:00,61.979,52.5,77.9,35.6,95.8,513,33.8,,,,,,,, 
2018-02-12 00:00:00,61.804,50.2,78.7,37.3,93.3,530,35.5,,,,,,,, 
2018-02-13 00:00:00,61.780,50.6,81.2,39.6,94.2,545,37.2,,,,,,,, 
2018-02-14 00:00:00,61.748,56.0,84.5,43.0,91.6,403,41.6,,,,,,,, 
2018-02-15 00:00:00,61.673,53.0,80.0,38.8,84.2,637,37.3,,,,,,,, 
2018-02-16 00:00:00,61.570,55.1,81.0,41.3,88.4,500,39.5,,,,,,,, 
2018-02-17 00:00:00,61.503,59.6,83.6,43.8,89.9,662,43.7,,,,,,,, 
2018-02-18 00:00:00,61.462,62.1,85.1,45.3,95.0,324,43.7,,,,,,,, 
2018-02-19 00:00:00,61.379,72.6,89.1,51.5,99.7,550,45.0,,,,,,,, 
2018-02-20 00:00:00,60.950,80.8,90.0,43.7,96.7,732,39.8,,,,,,,, 
2018-02-21 00:00:00,60.885,71.5,86.7,40.5,91.8,743,36.9,,,,,,,, 
2018-02-22 00:00:00,60.800,66.5,86.6,42.2,90.6,323,40.4,,,,,,,, 
2018-02-23 00:00:00,60.694,60.6,85.8,40.0,82.9,713,39.0,,,,,,,, 
2018-02-24 00:00:00,60.562,58.4,84.8,38.0,82.1,509,37.7,,,,,,,, 
2018-02-25 00:00:00,60.350,56.3,83.5,38.3,82.4,1066,37.4,,,,,,,, 
2018-02-26 00:00:00,60.326,53.6,81.6,35.4,73.7,331,35.7,,,,,,,, 
2018-02-27 00:00:00,60.266,50.8,79.7,34.1,70.4,720,33.7,,,,,,,, 
2018-02-28 00:00:00,60.124,43.9,78.5,28.4,77.3,504,29.1,,,,,,,, 
2018-03-01 00:00:00,60.832,37.4,77.3,28.6,91.0,528,28.5,,,,,,,, 
2018-03-02 00:00:00,60.802,40.4,79.6,33.1,91.2,461,31.6,,,,,,,, 
2018-03-03 00:00:00,60.722,51.6,83.6,34.4,90.8,629,32.7,,,,,,,, 
2018-03-04 00:00:00,59.858,59.8,87.9,36.1,97.8,374,35.7,,,,,,,, 
2018-03-05 00:00:00,60.002,66.1,90.9,41.2,99.9,369,40.0,,,,,,,, 
2018-03-06 00:00:00,59.986,62.7,89.5,42.0,99.8,570,40.3,,,,,,,, 
2018-03-07 00:00:00,59.878,60.8,87.5,42.4,93.2,1178,40.5,,,,,,,, 
2018-03-08 00:00:00,59.855,57.6,83.4,40.7,88.4,1171,35.6,,,,,,,, 
2018-03-09 00:00:00,59.764,62.4,84.8,41.3,82.5,1371,36.5,,,,,,,, 
2018-03-10 00:00:00,59.819,62.4,86.5,44.0,99.8,388,43.2,,,,,,,, 
2018-03-11 00:00:00,60.531,68.5,89.1,44.4,99.9,648,47.5,,,,,,,, 
2018-03-12 00:00:00,61.143,70.2,89.8,46.6,99.9,919,47.5,,,,,,,, 
2018-03-13 00:00:00,61.062,70.7,90.8,44.2,98.7,1247,47.5,,,,,,,, 
2018-03-14 00:00:00,61.098,63.5,90.7,45.1,99.9,234,47.5,,,,,,,, 
2018-03-15 00:00:00,61.230,66.6,92.2,45.7,99.9,963,47.5,,,,,,,, 
2018-03-16 00:00:00,61.181,66.6,92.5,43.3,99.9,329,47.5,,,,,,,, 
2018-03-17 00:00:00,61.048,54.8,90.1,35.1,89.3,729,47.5,,,,,,,, 
2018-03-18 00:00:00,60.786,43.5,86.3,32.6,74.0,635,47.5,,,,,,,, 
2018-03-19 00:00:00,60.610,56.8,89.0,38.8,69.6,2120,47.5,,,,,,,, 
2018-03-20 00:00:00,60.561,60.4,87.1,40.7,69.5,2344,46.9,,,,,,,, 
2018-03-21 00:00:00,60.329,61.4,87.2,44.2,81.2,656,40.7,,,,,,,, 
2018-03-22 00:00:00,60.454,67.0,89.7,46.7,89.3,644,45.0,,,,,,,, 
2018-03-23 00:00:00,60.856,66.6,88.9,46.5,99.0,1056,44.6,,,,,,,, 
2018-03-24 00:00:00,60.839,68.0,88.2,45.5,96.3,2681,41.1,,,,,,,, 
2018-03-25 00:00:00,60.665,73.6,88.4,45.9,84.7,1915,41.3,,,,,,,, 
2018-03-26 00:00:00,60.582,72.9,88.0,45.2,83.0,1428,41.0,,,,,,,, 
2018-03-27 00:00:00,60.518,68.5,85.8,46.8,97.1,1263,45.4,,,,,,,, 
2018-03-28 00:00:00,60.393,66.0,83.1,43.2,87.5,1707,41.2,,,,,,,, 
2018-03-29 00:00:00,60.313,63.8,82.9,40.8,89.9,1201,39.9,,,,,,,, 
2018-03-30 00:00:00,60.157,63.2,86.5,41.3,93.9,401,40.6,,,,,,,, 
2018-03-31 00:00:00,59.911,65.4,87.8,42.7,89.6,795,41.9,,,,,,,, 
2018-04-01 00:00:00,59.869,64.1,87.7,41.4,82.7,1550,39.7,,,,,,,, 
2018-04-02 00:00:00,60.043,55.8,85.8,37.7,97.8,477,38.0,,,,,,,, 
2018-04-03 00:00:00,60.183,63.1,89.9,42.6,99.9,959,41.2,,,,,,,, 
2018-04-04 00:00:00,60.169,64.4,89.3,41.4,99.9,893,39.8,,,,,,,, 
2018-04-05 00:00:00,60.129,64.6,88.1,41.4,95.6,2044,39.2,,,,,,,, 
2018-04-06 00:00:00,60.220,66.8,89.6,46.5,98.7,1159,45.4,,,,,,,, 
2018-04-07 00:00:00,60.120,73.6,91.5,50.4,99.9,773,48.0,,,,,,,, 
2018-04-08 00:00:00,60.099,76.0,91.0,50.6,99.9,1312,47.6,,,,,,,, 
2018-04-09 00:00:00,59.944,76.4,90.4,50.6,98.5,2290,48.5,,,,,,,, 
2018-04-10 00:00:00,59.866,72.2,88.8,46.0,99.9,631,46.5,,,,,,,, 
2018-04-11 00:00:00,59.783,70.6,88.6,46.8,99.9,614,46.2,,,,,,,, 
2018-04-12 00:00:00,59.709,69.1,88.2,45.4,99.9,418,45.6,,,,,,,, 
2018-04-13 00:00:00,59.671,69.9,88.8,47.7,99.9,405,46.2,,,,,,,, 
2018-04-14 00:00:00,59.594,74.8,89.5,50.6,98.6,2114,48.6,,,,,,,, 
2018-04-15 00:00:00,59.514,76.1,88.7,50.5,99.7,1338,49.9,,,,,,,, 
2018-04-16 00:00:00,59.388,75.3,86.8,51.5,99.3,1528,50.5,,,,,,,, 
2018-04-17 00:00:00,58.937,77.2,87.0,55.4,96.7,2431,53.7,,,,,,,, 
2018-04-18 00:00:00,58.253,77.8,84.9,55.5,96.7,1761,54.1,,,,,,,, 
2018-04-20 00:00:00,57.920,81.7,77.3,62.4,72.1,6365,60.2,,,,,,,, 
2018-04-21 00:00:00,57.588,85.7,75.3,59.0,70.9,3697,58.4,,,,,,,, 
2018-04-23 00:00:00,57.124,74.5,70.5,52.1,90.5,945,50.9,,,,,,,, 
2018-04-24 00:00:00,56.820,75.3,70.8,50.8,93.0,1304,49.0,,,,,,,, 
2018-04-25 00:00:00,56.379,71.6,71.2,48.5,92.8,2277,45.6,,,,,,,, 
2018-04-26 00:00:00,56.261,68.7,72.5,48.2,88.1,2228,45.7,,,,,,,, 
2018-04-27 00:00:00,56.161,73.1,76.2,47.8,75.2,2224,44.4,,,,,,,, 
2018-04-28 00:00:00,56.018,76.9,76.1,48.1,74.5,2577,45.4,,,,,,,, 
2018-04-29 00:00:00,56.341,76.9,74.5,48.9,76.3,2522,47.4,,,,,,,, 
2018-04-30 00:00:00,58.407,75.5,71.7,49.4,70.1,2949,45.9,,,,,,,, 
2018-05-01 00:00:00,58.094,71.8,70.5,48.6,84.9,1127,47.5,,,,,,,, 
2018-05-02 00:00:00,58.034,70.3,74.1,49.0,93.4,2531,47.6,,,,,,,, 
2018-05-03 00:00:00,57.850,69.7,76.2,50.0,95.0,1242,48.9,,,,,,,, 
2018-05-04 00:00:00,57.801,78.8,80.4,57.7,99.3,1839,55.2,,,,,,,, 
2018-05-05 00:00:00,57.260,83.2,79.9,60.2,98.0,2374,57.1,,,,,,,, 
2018-05-06 00:00:00,56.464,83.1,75.2,59.2,96.9,2425,57.2,,,,,,,, 
2018-05-07 00:00:00,56.220,82.4,71.9,59.8,94.0,2162,58.4,,,,,,,, 
2018-05-08 00:00:00,56.063,79.3,69.7,56.9,89.6,1446,55.9,,,,,,,, 
2018-05-09 00:00:00,55.900,73.2,64.9,50.7,93.4,987,50.2,,,,,,,, 
2018-05-10 00:00:00,55.949,73.1,62.6,51.2,84.1,2285,49.8,,,,,,,, 
2018-05-11 00:00:00,55.655,72.5,61.6,50.2,90.5,1151,49.3,,,,,,,, 
2018-05-12 00:00:00,55.645,75.3,61.6,53.1,78.1,2730,49.6,,,,,,,, 
2018-05-13 00:00:00,55.616,77.1,59.5,54.1,72.4,1920,50.5,,,,,,,, 
2018-05-14 00:00:00,55.375,78.4,61.4,56.9,83.0,932,53.6,,,,,,,, 
2018-05-15 00:00:00,55.213,78.3,63.7,56.8,87.3,1238,54.4,,,,,,,, 
2018-05-16 00:00:00,55.236,75.4,59.3,53.8,74.1,2452,50.8,,,,,,,, 
2018-05-17 00:00:00,55.149,75.7,56.7,53.7,67.6,2101,50.9,,,,,,,, 
2018-05-18 00:00:00,55.048,77.4,56.2,56.7,70.5,1515,54.5,,,,,,,, 
2018-05-19 00:00:00,54.537,82.0,58.6,60.5,68.0,1636,58.0,,,,,,,, 
2018-05-20 00:00:00,54.381,94.4,71.2,58.5,79.3,291,57.8,,,,,,,, 
2018-05-21 00:00:00,54.017,92.7,73.6,52.5,97.8,222,52.5,,,,,,,, 
2018-05-22 00:00:00,53.914,91.2,73.5,54.2,95.0,939,53.5,,,,,,,, 
2018-05-23 00:00:00,53.979,92.4,73.5,56.6,85.7,1896,54.2,,,,,,,, 
2018-05-24 00:00:00,53.934,92.1,72.8,58.9,82.6,1377,57.2,,,,,,,, 
2018-05-25 00:00:00,54.000,91.8,72.1,66.4,82.7,581,60.4,,,,,,,, 
2018-05-27 00:00:00,52.344,92.0,75.3,69.4,79.4,1971,60.4,,,,,,,, 
2018-05-28 00:00:00,52.322,91.8,76.8,70.9,72.7,1695,60.4,,,,,,,, 
2018-05-29 00:00:00,52.127,90.5,77.7,65.0,81.8,1451,60.4,,,,,,,, 
2018-05-30 00:00:00,52.021,90.6,77.9,64.4,81.9,1192,60.4,,,,,,,, 
2018-05-31 00:00:00,51.781,89.4,77.7,64.5,91.9,1138,60.4,,,,,,,, 
2018-06-01 00:00:00,51.670,88.9,78.7,65.5,93.4,753,60.4,,,,,,,, 
2018-06-02 00:00:00,51.676,89.2,79.5,64.3,92.7,1129,60.4,,,,,,,, 
2018-06-03 00:00:00,51.828,87.9,79.3,63.7,78.8,1880,60.4,,,,,,,, 
2018-06-04 00:00:00,51.809,87.0,79.2,66.4,80.2,585,60.4,,,,,,,, 
2018-06-05 00:00:00,49.653,87.0,79.8,62.6,85.8,667,60.4,,,,,,,, 
2018-06-06 00:00:00,48.286,92.6,79.0,63.7,74.6,1637,60.4,,,,,,,, 
2018-06-07 00:00:00,49.690,90.3,76.8,66.2,73.0,1629,60.4,,,,,,,, 
2018-06-08 00:00:00,49.435,89.8,75.6,65.3,75.6,520,60.4,,,,,,,, 
2018-06-09 00:00:00,49.184,89.1,76.2,66.0,75.9,938,60.4,,,,,,,, 
2018-06-10 00:00:00,49.024,86.2,76.4,63.4,75.4,565,60.4,,,,,,,, 
2018-06-11 00:00:00,48.860,84.6,75.5,60.3,75.4,776,60.4,,,,,,,, 
2018-06-12 00:00:00,48.679,82.9,74.7,58.6,75.6,377,60.4,,,,,,,, 
2018-06-13 00:00:00,48.363,80.9,72.5,59.0,82.8,179,60.4,,,,,,,, 
2018-06-14 00:00:00,42.152,77.4,71.2,59.1,82.1,524,60.4,,,,,,,, 
2018-06-15 00:00:00,48.007,77.4,71.1,55.6,83.6,525,60.4,,,,,,,, 
2018-06-16 00:00:00,47.892,82.7,71.9,57.4,82.3,870,60.4,,,,,,,, 
2018-06-17 00:00:00,47.154,92.6,71.3,59.2,87.1,434,60.4,,,,,,,, 
2018-06-18 00:00:00,46.982,87.0,68.4,58.4,78.3,533,60.4,,,,,,,, 
2018-06-19 00:00:00,46.682,86.5,67.1,55.2,82.8,356,60.4,,,,,,,, 
2018-06-20 00:00:00,46.494,83.6,66.3,57.7,86.8,560,60.4,,,,,,,, 
2018-06-21 00:00:00,46.349,83.8,65.7,55.8,72.1,1613,60.4,,,,,,,, 
2018-06-22 00:00:00,46.126,87.4,65.9,59.2,70.1,1514,60.4,,,,,,,, 
2018-06-23 00:00:00,45.936,88.0,65.7,58.6,73.3,1190,60.4,,,,,,,, 
2018-06-24 00:00:00,45.810,88.8,66.0,63.6,68.6,1962,60.4,,,,,,,, 
2018-06-25 00:00:00,45.863,91.2,66.8,67.0,70.5,1631,60.4,,,,,,,, 
2018-06-26 00:00:00,45.049,92.8,68.7,67.9,61.3,1901,60.4,,,,,,,, 
2018-06-27 00:00:00,44.690,95.9,71.7,74.7,57.2,2373,60.4,,,,,,,, 
2018-06-28 00:00:00,45.031,95.8,73.3,74.0,59.7,2146,60.4,,,,,,,, 
2018-06-29 00:00:00,45.384,95.6,74.8,73.5,55.5,2110,60.4,,,,,,,, 
2018-06-30 00:00:00,45.603,95.4,75.7,68.7,60.3,1973,60.4,,,,,,,, 
2018-07-01 00:00:00,45.743,95.2,76.0,65.9,65.4,2076,60.4,,,,,,,, 
2018-07-02 00:00:00,45.865,95.3,76.4,66.0,68.0,2153,60.4,,,,,,,, 
2018-07-03 00:00:00,46.147,95.4,76.9,67.2,59.8,2082,60.4,,,,,,,, 
2018-07-04 00:00:00,46.369,95.4,76.9,67.7,62.2,2015,60.4,,,,,,,, 
2018-07-05 00:00:00,46.472,95.4,76.9,64.6,67.6,1107,60.4,,,,,,,, 
2018-07-06 00:00:00,46.495,95.3,76.1,62.9,66.0,586,60.4,,,,,,,, 
2018-07-07 00:00:00,46.553,95.2,76.0,66.4,73.6,657,60.4,,,,,,,, 
2018-07-08 00:00:00,46.743,95.4,75.4,70.2,71.5,1078,60.4,,,,,,,, 
2018-07-09 00:00:00,46.758,94.9,74.9,64.6,70.4,1668,60.4,,,,,,,, 
2018-07-10 00:00:00,46.712,95.0,74.5,63.4,67.1,1165,60.4,,,,,,,, 
2018-07-11 00:00:00,46.563,94.9,74.8,62.4,82.1,257,60.4,,,,,,,, 
2018-07-12 00:00:00,46.437,94.7,74.8,62.6,81.9,932,60.4,,,,,,,, 
2018-07-13 00:00:00,46.475,94.7,74.4,61.9,71.0,616,60.4,,,,,,,, 
2018-07-14 00:00:00,46.402,94.6,74.5,67.4,69.4,852,60.4,,,,,,,, 
2018-07-15 00:00:00,46.260,94.6,74.5,66.5,87.7,465,60.4,,,,,,,, 
2018-07-16 00:00:00,46.354,94.3,74.6,59.2,90.2,0,60.4,,,,,,,, 
2018-07-17 00:00:00,46.273,94.1,74.3,61.7,77.2,787,60.4,,,,,,,, 
2018-07-18 00:00:00,46.157,94.1,74.0,63.9,79.5,639,60.4,,,,,,,, 
2018-07-19 00:00:00,46.011,94.1,73.8,63.6,70.2,1255,60.4,,,,,,,, 
2018-07-20 00:00:00,45.788,94.0,73.7,61.9,88.3,525,60.4,,,,,,,, 
2018-07-21 00:00:00,45.614,93.9,74.2,61.8,88.0,536,60.4,,,,,,,, 
2018-07-22 00:00:00,45.270,94.1,74.9,69.4,88.4,919,60.4,,,,,,,, 
2018-07-23 00:00:00,45.229,94.3,76.2,69.7,85.4,1047,60.4,,,,,,,, 
2018-07-24 00:00:00,45.167,94.3,76.9,64.8,76.9,1374,60.4,,,,,,,, 
2018-07-25 00:00:00,45.139,94.3,76.6,66.1,64.3,1547,60.4,,,,,,,, 
2018-07-26 00:00:00,44.870,94.5,76.8,67.5,73.6,1786,60.4,,,,,,,, 
2018-07-27 00:00:00,44.540,94.7,77.2,65.2,90.0,220,60.4,,,,,,,, 
2018-09-05 00:00:00,6.483,61.9,99.9,62.0,99.9,1,62.6,,,,,,,, 
2018-09-06 00:00:00,6.288,52.3,99.9,53.8,99.0,0,62.6,,,,,,,, 
2018-09-07 00:00:00,6.510,50.9,99.9,52.6,98.8,0,62.6,,,,,,,, 
2018-09-08 00:00:00,6.533,57.8,99.9,59.1,99.9,0,62.6,,,,,,,, 
2018-09-09 00:00:00,6.876,57.0,99.9,59.0,99.9,0,62.6,,,,,,,, 
2018-09-10 00:00:00,6.917,52.5,99.9,54.2,99.9,0,62.6,,,,,,,, 
2018-09-12 00:00:00,5.634,52.6,99.9,54.8,94.8,0,62.6,,,,,,,, 
2018-09-28 00:00:00,55.299,86.1,99.9,53.4,78.1,732,62.6,,,,,,,, 
2018-09-29 00:00:00,54.786,78.5,99.9,48.7,93.8,272,62.6,,,,,,,, 
2018-09-30 00:00:00,55.699,70.5,99.9,50.0,97.7,275,62.6,,,,,,,, 
2018-10-01 00:00:00,56.922,77.4,99.9,49.6,99.0,110,62.6,,,,,,,, 
2018-10-02 00:00:00,56.266,83.2,99.3,54.0,99.7,122,62.6,,,,,,,, 
2018-10-03 00:00:00,55.617,85.1,95.0,55.9,99.9,164,62.6,,,,,,,, 
2018-10-04 00:00:00,55.606,84.6,91.5,55.6,99.9,218,62.6,,,,,,,, 
2018-10-05 00:00:00,55.698,75.7,87.8,49.8,94.1,290,62.6,,,,,,,, 
2018-10-06 00:00:00,55.415,66.6,88.1,47.3,89.2,788,62.6,,,,,,,, 
2018-10-07 00:00:00,55.235,64.7,89.0,49.3,99.7,118,62.6,,,,,,,, 
2018-10-08 00:00:00,58.027,73.5,92.6,56.8,99.9,182,62.6,,,,,,,, 
2018-10-09 00:00:00,59.979,80.4,91.4,58.4,99.9,200,62.6,,,,,,,, 
2018-10-10 00:00:00,60.549,84.1,89.7,61.4,98.8,41,62.6,,,,,,,, 
2018-10-11 00:00:00,60.726,84.8,88.8,57.7,99.2,47,62.6,,,,,,,, 
2018-10-12 00:00:00,60.236,76.7,85.7,55.0,99.9,35,62.6,,,,,,,, 
2018-10-13 00:00:00,60.310,73.5,89.6,53.1,99.9,13,62.6,,,,,,,, 
2018-10-14 00:00:00,61.140,72.2,90.9,48.0,94.0,12,62.6,,,,,,,, 
2018-10-15 00:00:00,61.860,77.7,91.2,49.2,92.1,12,62.6,,,,,,,, 
2018-10-16 00:00:00,63.384,80.7,89.4,53.3,99.6,17,62.6,,,,,,,, 
2018-10-17 00:00:00,64.740,81.3,84.1,50.2,96.1,14,62.6,,,,,,,, 
2018-10-18 00:00:00,64.269,80.3,80.2,48.2,92.7,11,62.6,,,,,,,, 
2018-10-19 00:00:00,63.727,81.6,79.6,51.7,99.9,12,62.6,,,,,,,, 
2018-10-20 00:00:00,63.145,82.1,81.6,56.3,99.9,10,62.6,,,,,,,, 
2018-10-21 00:00:00,62.646,77.8,81.1,53.5,98.7,10,62.6,,,,,,,, 
2018-10-22 00:00:00,62.133,69.7,77.7,47.3,99.9,8,62.6,,,,,,,, 
2018-10-23 00:00:00,61.786,68.1,77.6,51.3,99.9,8,62.6,,,,,,,, 
2018-10-24 00:00:00,61.561,68.5,78.5,50.2,99.9,9,62.6,,,,,,,, 
2018-10-25 00:00:00,63.164,70.5,80.0,49.6,99.9,9,62.6,,,,,,,, 
2018-10-26 00:00:00,64.629,59.3,74.4,42.8,99.8,8,62.6,,,,,,,, 
2018-10-27 00:00:00,64.382,54.6,73.5,40.4,92.8,5,62.6,,,,,,,, 
2018-10-28 00:00:00,64.196,59.3,76.8,40.5,94.8,6,62.6,,,,,,,, 
2018-10-29 00:00:00,63.867,61.4,77.9,40.1,97.3,7,62.6,,,,,,,, 
2018-10-30 00:00:00,63.527,64.9,79.9,42.3,95.6,6,62.6,,,,,,,, 
2018-10-31 00:00:00,63.352,67.3,81.1,44.1,99.9,6,62.6,,,,,,,, 
2018-11-01 00:00:00,63.118,55.7,77.2,39.3,99.9,6,,,,,,,,, 
2018-11-02 00:00:00,63.085,56.1,79.1,42.6,99.9,6,,,,,,,,, 
2018-11-03 00:00:00,62.870,65.8,86.3,55.2,99.9,2,,,,,,,,, 
2018-11-04 00:00:00,62.587,67.4,87.0,50.3,99.9,4,,,,,,,,, 
2018-11-05 00:00:00,62.576,66.4,87.9,51.7,99.9,1,,,,,,,,, 
2018-11-06 00:00:00,62.402,64.0,89.1,52.9,99.9,1,,,,,,,,, 
2018-11-07 00:00:00,62.409,60.4,88.7,46.9,99.9,2,,,,,,,,, 
2018-11-08 00:00:00,62.205,59.1,88.3,47.5,99.9,2,,,,,,,,, 
2018-11-09 00:00:00,62.138,57.0,88.8,49.2,99.9,1,,,,,,,,, 
2018-11-10 00:00:00,62.109,56.5,89.5,45.8,99.9,1,,,,,,,,, 
2018-11-11 00:00:00,61.987,56.0,89.9,44.9,99.9,1,,,,,,,,, 
2018-11-12 00:00:00,61.679,60.2,91.3,48.6,99.9,1,,,,,,,,, 
2018-11-13 00:00:00,61.314,58.8,90.3,48.5,99.9,1,,,,,,,,, 
2018-11-14 00:00:00,61.319,61.4,92.1,55.4,99.9,1,,,,,,,,, 
2018-11-15 00:00:00,61.223,61.1,92.8,52.9,99.9,1,,,,,,,,, 
2018-11-16 00:00:00,61.197,60.4,93.0,51.2,99.9,0,,,,,,,,, 
2018-11-17 00:00:00,60.970,60.4,93.5,50.1,99.9,1,,,,,,,,, 
2018-11-18 00:00:00,60.851,57.7,92.7,47.0,99.2,0,,,,,,,,, 
2018-11-19 00:00:00,60.860,53.0,91.4,43.6,99.9,0,,,,,,,,, 