2014-04-15 00:00:00,89.775,32.0,0.0,32.0,0.0,0,30.6,,,,,,,, 
2014-04-25 00:00:00,0.850,32.0,0.0,32.0,0.0,0,60.6,,,,,,,, 
2014-04-26 00:00:00,0.200,37.4,6.5,32.0,0.0,0,60.6,,,,,,,, 
2014-04-29 00:00:00,61.190,65.1,40.4,32.0,0.0,0,58.4,,,,,,,, 
2014-04-30 00:00:00,77.105,71.3,51.3,32.0,0.0,0,54.7,,,,,,,, 
2014-05-01 00:00:00,76.950,69.4,49.1,32.0,0.0,0,44.9,,,,,,,, 
2014-05-02 00:00:00,76.301,68.5,49.2,32.0,0.0,0,46.9,,,,,,,, 
2014-05-03 00:00:00,76.427,69.5,49.2,32.0,0.0,0,50.5,,,,,,,, 
2014-05-04 00:00:00,40.277,70.0,46.2,32.0,0.0,0,49.9,,,,,,,, 
2014-05-05 00:00:00,0.000,63.9,40.8,32.0,0.0,0,47.3,,,,,,,, 
2014-05-06 00:00:00,24.510,47.5,11.6,32.0,0.0,0,50.5,,,,,,,, 
2014-05-07 00:00:00,118.563,96.4,37.2,32.0,0.0,0,51.1,,,,,,,, 
2014-05-08 00:00:00,118.542,97.2,45.6,32.0,0.0,0,67.9,,,,,,,, 
2014-05-09 00:00:00,119.321,97.0,50.0,32.0,0.0,0,70.0,,,,,,,, 
2014-05-10 00:00:00,118.866,97.2,39.7,32.0,0.0,0,57.8,,,,,,,, 
2014-05-11 00:00:00,119.677,98.0,43.6,32.0,0.0,0,64.3,,,,,,,, 
2014-05-12 00:00:00,121.775,98.0,52.8,32.0,0.0,0,65.6,,,,,,,, 
2014-05-13 00:00:00,121.576,97.8,48.3,32.0,0.0,0,67.7,,,,,,,, 
2014-05-14 00:00:00,121.550,97.8,43.4,32.0,0.0,0,53.3,,,,,,,, 
2014-05-15 00:00:00,121.903,96.2,37.2,32.0,0.0,0,43.8,,,,,,,, 
2014-05-16 00:00:00,121.186,96.2,36.6,32.0,0.0,0,42.2,,,,,,,, 
2014-05-17 00:00:00,120.241,97.0,37.1,32.0,0.0,0,45.4,,,,,,,, 
2014-05-18 00:00:00,119.654,97.7,38.5,32.0,0.0,0,54.7,,,,,,,, 
2014-05-19 00:00:00,121.917,98.2,43.6,32.0,0.0,0,59.2,,,,,,,, 
2014-05-20 00:00:00,124.717,98.1,46.9,32.0,0.0,0,65.9,,,,,,,, 
2014-05-21 00:00:00,130.232,97.8,56.7,32.0,0.0,0,70.3,,,,,,,, 
2014-05-22 00:00:00,133.270,97.7,51.0,32.0,0.0,0,62.6,,,,,,,, 
2014-05-23 00:00:00,134.643,97.9,49.8,32.0,0.0,0,58.8,,,,,,,, 
2014-05-24 00:00:00,136.995,98.0,52.0,32.0,0.0,0,63.4,,,,,,,, 
2014-05-25 00:00:00,139.889,98.1,52.8,32.0,0.0,0,67.9,,,,,,,, 
2014-05-26 00:00:00,83.060,97.9,53.7,32.0,0.0,0,71.2,,,,,,,, 
2014-05-27 00:00:00,144.460,97.8,56.2,32.0,0.0,0,73.0,,,,,,,, 
2014-05-28 00:00:00,146.068,97.4,56.1,32.0,0.0,0,64.7,,,,,,,, 
2014-05-29 00:00:00,147.814,97.3,57.4,32.0,0.0,0,63.3,,,,,,,, 
2014-05-30 00:00:00,152.733,97.0,58.2,32.0,0.0,0,68.4,,,,,,,, 
2014-05-31 00:00:00,158.183,97.2,54.3,32.0,0.0,0,72.7,,,,,,,, 
2014-06-01 00:00:00,164.123,97.7,49.6,32.0,0.0,0,73.6,,,,,,,, 
2014-06-02 00:00:00,168.918,97.7,55.8,32.0,0.0,0,74.2,,,,,,,, 
2014-06-03 00:00:00,170.723,97.3,51.9,32.0,0.0,0,69.6,,,,,,,, 
2014-06-04 00:00:00,171.616,97.2,52.5,32.0,0.0,0,61.5,,,,,,,, 
2014-06-05 00:00:00,173.315,96.8,51.5,32.0,0.0,0,64.0,,,,,,,, 
2014-06-06 00:00:00,175.334,96.9,51.1,32.0,0.0,0,66.3,,,,,,,, 
2014-06-07 00:00:00,177.511,97.0,49.9,32.0,0.0,0,70.0,,,,,,,, 
2014-06-08 00:00:00,179.272,97.0,51.1,32.0,0.0,0,69.7,,,,,,,, 
2014-06-09 00:00:00,179.772,97.2,53.4,32.0,0.0,0,68.6,,,,,,,, 
2014-06-10 00:00:00,182.560,97.4,51.5,32.0,0.0,0,67.7,,,,,,,, 
2014-06-11 00:00:00,184.766,97.4,55.7,32.0,0.0,0,65.6,,,,,,,, 
2014-06-12 00:00:00,184.776,97.5,56.7,32.0,0.0,0,68.5,,,,,,,, 
2014-06-13 00:00:00,185.006,97.4,52.2,32.0,0.0,0,58.7,,,,,,,, 
2014-06-14 00:00:00,184.796,97.4,52.5,32.0,0.0,0,60.7,,,,,,,, 
2014-06-15 00:00:00,187.485,97.2,52.0,32.0,0.0,0,69.7,,,,,,,, 
2014-06-16 00:00:00,190.980,97.4,54.4,32.0,0.0,0,76.8,,,,,,,, 
2014-06-17 00:00:00,195.514,97.3,56.4,32.0,0.0,0,76.6,,,,,,,, 
2014-06-18 00:00:00,153.908,97.3,57.5,32.0,0.0,0,68.3,,,,,,,, 
2014-06-19 00:00:00,198.031,97.3,55.6,32.0,0.0,0,68.2,,,,,,,, 
2014-06-20 00:00:00,200.045,96.8,57.4,32.0,0.0,0,61.1,,,,,,,, 
2014-06-21 00:00:00,201.459,97.1,57.6,32.0,0.0,0,67.7,,,,,,,, 
2014-06-22 00:00:00,224.455,97.3,62.2,32.0,0.0,0,73.3,,,,,,,, 
2014-06-23 00:00:00,208.419,97.1,61.9,32.0,0.0,0,68.9,,,,,,,, 
2014-06-24 00:00:00,226.376,97.0,60.7,32.0,0.0,0,71.1,,,,,,,, 
2014-06-25 00:00:00,224.900,96.8,57.9,32.0,0.0,0,68.3,,,,,,,, 
2014-06-26 00:00:00,224.664,96.6,58.9,32.0,0.0,0,69.2,,,,,,,, 
2014-06-27 00:00:00,227.145,96.5,60.9,32.0,0.0,0,73.6,,,,,,,, 
2014-06-28 00:00:00,230.846,96.5,63.5,32.0,0.0,0,73.9,,,,,,,, 
2014-06-29 00:00:00,232.331,96.6,63.7,32.0,0.0,0,77.6,,,,,,,, 
2014-06-30 00:00:00,237.609,96.8,65.5,32.0,0.0,0,78.1,,,,,,,, 
2014-07-01 00:00:00,244.624,96.4,64.0,32.0,0.0,0,72.2,,,,,,,, 
2014-07-02 00:00:00,250.440,96.4,60.2,32.0,0.0,0,67.0,,,,,,,, 
2014-07-03 00:00:00,259.988,96.6,56.5,32.0,0.0,0,63.1,,,,,,,, 
2014-07-04 00:00:00,284.530,97.2,54.0,32.0,0.0,0,64.5,,,,,,,, 
2014-07-05 00:00:00,293.200,97.2,54.5,32.0,0.0,0,66.3,,,,,,,, 
2014-07-06 00:00:00,303.468,97.3,57.4,32.0,0.0,0,71.1,,,,,,,, 
2014-07-07 00:00:00,107.588,97.1,58.2,32.0,0.0,0,75.6,,,,,,,, 
2014-07-08 00:00:00,319.699,97.1,53.8,32.0,0.0,0,69.6,,,,,,,, 
2014-07-09 00:00:00,323.092,96.8,52.7,32.0,0.0,0,66.2,,,,,,,, 
2014-07-10 00:00:00,329.480,96.7,53.9,32.0,0.0,0,64.8,,,,,,,, 
2014-07-11 00:00:00,336.820,96.8,56.2,32.0,0.0,0,68.1,,,,,,,, 
2014-07-12 00:00:00,345.151,96.7,59.0,32.0,0.0,0,67.0,,,,,,,, 
2014-07-13 00:00:00,351.359,96.6,59.7,32.0,0.0,0,72.2,,,,,,,, 
2014-07-14 00:00:00,367.012,97.1,56.4,32.0,0.0,0,67.8,,,,,,,, 
2014-07-15 00:00:00,366.015,96.9,45.0,32.0,0.0,0,60.6,,,,,,,, 
2014-07-16 00:00:00,364.350,97.0,43.9,32.0,0.0,0,59.9,,,,,,,, 
2014-07-17 00:00:00,365.116,96.6,48.7,32.0,0.0,0,63.8,,,,,,,, 
2014-07-18 00:00:00,369.022,96.6,53.4,32.0,0.0,0,66.3,,,,,,,, 
2014-07-19 00:00:00,374.687,96.5,56.1,32.0,0.0,0,68.6,,,,,,,, 
2014-07-20 00:00:00,380.442,96.7,58.3,32.0,0.0,0,71.0,,,,,,,, 
2014-07-21 00:00:00,358.844,96.9,58.8,32.0,0.0,0,73.6,,,,,,,, 
2014-07-22 00:00:00,243.727,97.0,59.8,32.0,0.0,0,76.2,,,,,,,, 
2014-07-23 00:00:00,250.492,96.6,56.5,32.0,0.0,0,69.2,,,,,,,, 
2014-07-24 00:00:00,255.218,96.9,55.2,32.0,0.0,0,65.6,,,,,,,, 
2014-07-25 00:00:00,260.297,96.8,55.6,32.0,0.0,0,64.4,,,,,,,, 
2014-07-26 00:00:00,267.195,96.8,57.7,32.0,0.0,0,69.8,,,,,,,, 
2014-07-27 00:00:00,272.674,96.7,59.0,32.0,0.0,0,69.1,,,,,,,, 
2014-07-28 00:00:00,272.172,96.4,53.5,32.0,0.0,0,61.9,,,,,,,, 
2014-07-29 00:00:00,272.941,96.5,54.0,32.0,0.0,0,60.7,,,,,,,, 
2014-07-30 00:00:00,277.740,96.3,54.2,32.0,0.0,0,62.8,,,,,,,, 
2014-07-31 00:00:00,291.903,96.4,54.5,32.0,0.0,0,65.4,,,,,,,, 
2014-08-01 00:00:00,295.334,96.4,56.2,32.0,0.0,0,67.6,,,,,,,, 
2014-08-02 00:00:00,296.991,96.5,55.7,32.0,0.0,0,69.1,,,,,,,, 
2014-08-03 00:00:00,297.322,96.4,57.2,32.0,0.0,0,70.9,,,,,,,, 
2014-08-04 00:00:00,191.457,96.5,57.5,32.0,0.0,0,68.9,,,,,,,, 
2014-08-05 00:00:00,222.756,96.7,57.9,32.0,0.0,0,69.5,,,,,,,, 
2014-08-06 00:00:00,295.827,96.8,57.0,32.0,0.0,0,68.7,,,,,,,, 
2014-08-07 00:00:00,293.898,96.8,56.6,32.0,0.0,0,68.2,,,,,,,, 
2014-08-08 00:00:00,294.092,96.5,56.2,32.0,0.0,0,66.0,,,,,,,, 
2014-08-09 00:00:00,294.201,96.5,55.1,32.0,0.0,0,70.4,,,,,,,, 
2014-08-10 00:00:00,294.359,96.3,56.9,32.0,0.0,0,70.4,,,,,,,, 
2014-08-11 00:00:00,293.755,96.1,56.5,32.0,0.0,0,70.4,,,,,,,, 
2014-08-12 00:00:00,291.060,96.7,53.7,32.0,0.0,0,70.4,,,,,,,, 
2014-08-13 00:00:00,290.338,96.7,52.1,32.0,0.0,0,70.2,,,,,,,, 
2014-08-14 00:00:00,290.816,97.1,50.0,32.0,0.0,0,70.4,,,,,,,, 
2014-08-15 00:00:00,290.179,96.6,51.1,32.0,0.0,0,70.4,,,,,,,, 
2014-08-16 00:00:00,289.469,96.7,51.5,32.0,0.0,0,70.4,,,,,,,, 
2014-08-17 00:00:00,287.658,96.6,55.3,32.0,0.0,0,70.4,,,,,,,, 
2014-08-18 00:00:00,287.073,96.7,55.3,32.0,0.0,0,70.4,,,,,,,, 
2014-08-19 00:00:00,287.313,96.4,56.7,32.0,0.0,0,70.4,,,,,,,, 
2014-08-20 00:00:00,286.560,96.5,56.3,32.0,0.0,0,70.4,,,,,,,, 
2014-08-21 00:00:00,286.724,96.5,56.1,32.0,0.0,0,70.4,,,,,,,, 
2014-08-22 00:00:00,286.306,96.5,58.7,32.0,0.0,0,70.4,,,,,,,, 
2014-08-23 00:00:00,286.189,96.6,56.3,32.0,0.0,0,70.4,,,,,,,, 
2014-08-24 00:00:00,270.780,96.7,66.5,32.0,0.0,0,70.4,,,,,,,, 
2014-08-25 00:00:00,262.120,97.7,67.4,32.0,0.0,0,70.4,,,,,,,, 
2014-08-26 00:00:00,262.060,97.0,61.4,32.0,0.0,0,70.4,,,,,,,, 
2014-08-27 00:00:00,261.799,96.2,55.7,32.0,0.0,0,70.4,,,,,,,, 
2014-08-28 00:00:00,261.590,95.9,49.7,32.0,0.0,0,70.4,,,,,,,, 
2014-08-29 00:00:00,261.750,96.1,49.6,32.0,0.0,0,70.4,,,,,,,, 
2014-08-30 00:00:00,262.591,96.1,56.1,32.0,0.0,0,70.4,,,,,,,, 
2014-08-31 00:00:00,263.633,96.0,56.5,32.0,0.0,0,70.4,,,,,,,, 
2014-09-01 00:00:00,265.474,96.2,56.6,32.0,0.0,0,70.4,,,,,,,, 
2014-09-02 00:00:00,265.851,95.8,54.5,32.0,0.0,0,70.4,,,,,,,, 
2014-09-03 00:00:00,269.937,95.8,52.0,32.0,0.0,0,70.4,,,,,,,, 
2014-09-04 00:00:00,274.556,95.9,56.1,32.0,0.0,0,70.5,,,,,,,, 
2014-09-05 00:00:00,277.675,96.2,60.4,32.0,0.0,0,70.4,,,,,,,, 
2014-09-06 00:00:00,280.687,95.5,55.5,32.0,0.0,0,70.2,,,,,,,, 
2014-09-07 00:00:00,281.378,96.0,51.8,32.0,0.0,0,70.4,,,,,,,, 
2014-09-08 00:00:00,283.816,95.9,50.4,32.0,0.0,0,70.4,,,,,,,, 
2014-09-09 00:00:00,229.648,96.3,50.1,32.0,0.0,0,70.4,,,,,,,, 
2014-09-10 00:00:00,143.686,96.7,51.4,32.0,0.0,0,70.4,,,,,,,, 
2014-09-11 00:00:00,142.464,97.2,43.9,32.0,0.0,0,70.4,,,,,,,, 
2014-09-12 00:00:00,141.412,97.3,46.0,32.0,0.0,0,70.4,,,,,,,, 
2014-09-13 00:00:00,140.877,97.3,45.5,32.0,0.0,0,70.4,,,,,,,, 
2014-09-14 00:00:00,139.698,97.4,46.0,32.0,0.0,0,70.4,,,,,,,, 
2014-09-15 00:00:00,138.594,97.5,47.7,32.0,0.0,0,70.4,,,,,,,, 
2014-09-16 00:00:00,138.339,97.6,46.3,32.0,0.0,0,70.4,,,,,,,, 
2014-09-17 00:00:00,137.079,97.5,44.8,32.0,0.0,0,70.4,,,,,,,, 
2014-09-18 00:00:00,136.289,97.5,45.4,32.0,0.0,0,70.4,,,,,,,, 
2014-09-19 00:00:00,135.249,97.2,46.0,32.0,0.0,0,70.4,,,,,,,, 
2014-09-20 00:00:00,134.388,97.3,48.4,32.0,0.0,0,70.4,,,,,,,, 
2014-09-21 00:00:00,134.461,97.2,47.0,32.0,0.0,0,70.4,,,,,,,, 
2014-09-22 00:00:00,133.758,97.0,45.1,32.0,0.0,0,70.4,,,,,,,, 
2014-09-23 00:00:00,132.967,96.9,47.1,32.0,0.0,0,70.4,,,,,,,, 
2014-09-24 00:00:00,139.220,96.6,49.8,32.0,0.0,0,70.4,,,,,,,, 
2014-09-25 00:00:00,161.587,96.1,53.5,32.0,0.0,0,70.4,,,,,,,, 
2014-09-26 00:00:00,161.117,96.1,54.4,32.0,0.0,0,70.4,,,,,,,, 
2014-09-27 00:00:00,160.874,96.1,54.1,32.0,0.0,0,70.2,,,,,,,, 
2014-09-28 00:00:00,160.538,96.0,54.4,32.0,0.0,0,70.4,,,,,,,, 
2014-09-29 00:00:00,160.388,95.9,54.9,32.0,0.0,0,70.4,,,,,,,, 
2014-09-30 00:00:00,160.252,95.5,54.3,32.0,0.0,0,70.4,,,,,,,, 
2014-10-01 00:00:00,159.698,95.1,52.3,32.0,0.0,0,70.4,,,,,,,, 
2014-10-02 00:00:00,159.383,95.0,52.4,32.0,0.0,0,70.2,,,,,,,, 
2014-10-03 00:00:00,160.480,95.4,52.5,32.0,0.0,0,70.4,,,,,,,, 
2014-10-04 00:00:00,160.290,94.4,49.2,32.0,0.0,0,70.4,,,,,,,, 
2014-10-05 00:00:00,79.446,93.6,49.4,32.0,0.0,0,70.4,,,,,,,, 
2014-10-06 00:00:00,48.832,94.0,48.2,32.0,0.0,0,70.2,,,,,,,, 
2014-10-07 00:00:00,159.216,94.1,49.1,32.0,0.0,0,70.4,,,,,,,, 
2014-10-08 00:00:00,158.628,94.0,45.7,32.0,0.0,0,70.4,,,,,,,, 
2014-10-09 00:00:00,157.882,93.2,47.4,32.0,0.0,0,70.4,,,,,,,, 
2014-10-10 00:00:00,157.285,92.8,49.7,32.0,0.0,0,70.4,,,,,,,, 
2014-10-11 00:00:00,156.789,92.7,48.4,32.0,0.0,0,70.4,,,,,,,, 
2014-10-12 00:00:00,156.132,92.2,49.6,32.0,0.0,0,70.4,,,,,,,, 
2014-10-13 00:00:00,155.518,93.6,53.5,32.0,0.0,0,70.4,,,,,,,, 
2014-10-14 00:00:00,155.142,95.4,52.6,32.0,0.0,0,70.4,,,,,,,, 
2014-10-15 00:00:00,155.532,93.6,52.4,32.0,0.0,0,70.4,,,,,,,, 
2014-10-16 00:00:00,155.516,92.5,53.4,32.0,0.0,0,70.4,,,,,,,, 
2014-10-17 00:00:00,155.063,91.9,52.3,32.0,0.0,0,70.4,,,,,,,, 
2014-10-18 00:00:00,154.905,92.0,49.5,32.0,0.0,0,70.4,,,,,,,, 
2014-10-19 00:00:00,142.699,90.7,51.6,32.0,0.0,0,70.4,,,,,,,, 
2014-10-20 00:00:00,127.195,90.7,51.0,32.0,0.0,0,70.4,,,,,,,, 
2014-10-21 00:00:00,127.045,89.9,48.3,32.0,0.0,0,70.4,,,,,,,, 
2014-10-22 00:00:00,126.825,89.4,49.0,32.0,0.0,0,70.4,,,,,,,, 
2014-10-23 00:00:00,126.550,87.6,55.4,32.0,0.0,0,70.4,,,,,,,, 
2014-10-24 00:00:00,125.945,88.4,55.1,32.0,0.0,0,70.4,,,,,,,, 
2014-10-25 00:00:00,125.371,84.0,45.8,32.0,0.0,0,70.4,,,,,,,, 
2014-10-26 00:00:00,125.123,83.1,55.2,32.0,0.0,0,70.4,,,,,,,, 
2014-10-27 00:00:00,124.631,84.6,58.9,32.0,0.0,0,70.4,,,,,,,, 
2014-10-28 00:00:00,124.231,82.9,46.3,32.0,0.0,0,70.4,,,,,,,, 
2014-10-29 00:00:00,124.108,76.8,56.5,32.0,0.0,0,70.4,,,,,,,, 
2014-10-30 00:00:00,124.112,80.9,57.8,32.0,0.0,0,70.4,,,,,,,, 
2014-10-31 00:00:00,123.819,78.6,62.9,32.0,0.0,0,70.2,,,,,,,, 
2014-11-01 00:00:00,123.714,82.4,61.5,32.0,0.0,0,70.4,,,,,,,, 
2014-11-02 00:00:00,123.839,81.0,58.9,32.0,0.0,0,70.4,,,,,,,, 
2014-11-03 00:00:00,123.352,74.9,63.2,32.0,0.0,0,70.4,,,,,,,, 
2014-11-04 00:00:00,119.883,69.8,54.4,32.0,0.0,0,70.4,,,,,,,, 
2014-11-05 00:00:00,90.514,78.0,61.5,32.0,0.0,0,70.4,,,,,,,, 
2014-11-06 00:00:00,123.243,74.8,63.3,32.0,0.0,0,70.4,,,,,,,, 
2014-11-07 00:00:00,123.098,78.4,61.9,32.0,0.0,0,70.4,,,,,,,, 
2014-11-08 00:00:00,122.962,77.1,65.4,32.0,0.0,0,70.4,,,,,,,, 
2014-11-09 00:00:00,122.766,76.6,63.3,32.0,0.0,0,70.4,,,,,,,, 
2014-11-10 00:00:00,122.700,74.9,61.8,32.0,0.0,0,70.4,,,,,,,, 
2014-11-11 00:00:00,122.420,70.1,60.5,32.0,0.0,0,70.4,,,,,,,, 
2014-11-12 00:00:00,122.262,78.7,61.1,32.0,0.0,0,70.1,,,,,,,, 
2014-11-13 00:00:00,122.184,79.7,63.2,32.0,0.0,0,70.4,,,,,,,, 
2014-11-14 00:00:00,122.071,79.3,61.3,32.0,0.0,0,70.4,,,,,,,, 
2014-11-15 00:00:00,121.765,78.7,63.8,32.0,0.0,0,70.4,,,,,,,, 
2014-11-16 00:00:00,122.001,78.7,66.7,32.0,0.0,0,70.4,,,,,,,, 
2014-11-17 00:00:00,121.315,79.5,54.2,32.0,0.0,0,70.4,,,,,,,, 
2014-11-18 00:00:00,120.635,81.0,51.5,32.0,0.0,0,56.3,,,,,,,, 
2014-11-19 00:00:00,120.534,78.5,60.7,32.0,0.0,0,33.4,,,,,,,, 
2014-11-20 00:00:00,120.465,80.5,52.8,32.0,0.0,0,33.4,,,,,,,, 
2014-11-21 00:00:00,120.552,79.5,56.0,32.0,0.0,0,33.4,,,,,,,, 
2014-11-22 00:00:00,120.337,74.9,62.5,32.0,0.0,0,33.4,,,,,,,, 
2014-11-23 00:00:00,120.606,72.1,62.5,32.0,0.0,0,33.4,,,,,,,, 
2014-11-24 00:00:00,120.463,72.0,62.7,32.0,0.0,0,33.4,,,,,,,, 
2014-11-25 00:00:00,120.519,80.9,60.0,32.0,0.0,0,33.4,,,,,,,, 
2014-11-26 00:00:00,120.923,77.7,68.3,32.0,0.0,0,33.4,,,,,,,, 
2014-11-27 00:00:00,120.740,76.8,64.7,32.0,0.0,0,33.4,,,,,,,, 
2014-11-28 00:00:00,120.474,75.5,64.5,32.0,0.0,0,33.4,,,,,,,, 
2014-11-29 00:00:00,120.073,69.0,63.7,32.0,0.0,0,33.4,,,,,,,, 
2014-11-30 00:00:00,119.884,72.8,65.1,32.0,0.0,0,33.4,,,,,,,, 
2014-12-01 00:00:00,119.909,77.2,65.2,32.0,0.0,0,33.4,,,,,,,, 
2014-12-02 00:00:00,119.637,72.6,67.3,32.0,0.0,0,33.4,,,,,,,, 
2014-12-03 00:00:00,119.207,73.5,65.8,32.0,0.0,0,33.4,,,,,,,, 
2014-12-04 00:00:00,119.389,73.4,65.2,32.0,0.0,0,33.4,,,,,,,, 
2014-12-05 00:00:00,119.237,67.5,63.1,,,,33.4,,,,,,,, 
2014-12-06 00:00:00,118.935,67.5,58.5,,,,33.4,,,,,,,, 
2014-12-07 00:00:00,118.837,67.8,52.9,,,,33.4,,,,,,,, 
2014-12-08 00:00:00,119.047,66.1,58.4,,,,33.4,,,,,,,, 
2014-12-09 00:00:00,119.616,65.6,56.7,,,,33.4,,,,,,,, 
2014-12-10 00:00:00,118.672,67.0,52.8,,,,33.4,,,,,,,, 
2014-12-11 00:00:00,118.515,70.4,63.4,,,,33.4,,,,,,,, 
2014-12-12 00:00:00,118.194,71.9,72.4,,,,33.4,,,,,,,, 
2014-12-13 00:00:00,118.040,72.2,74.1,,,,33.4,,,,,,,, 
2014-12-14 00:00:00,118.199,75.6,67.2,,,,33.4,,,,,,,, 
2014-12-15 00:00:00,118.169,72.6,49.8,,,,33.4,,,,,,,, 
2014-12-16 00:00:00,118.295,68.0,57.6,,,,33.4,,,,,,,, 
2014-12-17 00:00:00,117.767,76.7,65.3,,,,33.4,,,,,,,, 
2014-12-18 00:00:00,117.948,75.1,63.2,,,,33.4,,,,,,,, 
2014-12-19 00:00:00,117.966,71.5,50.6,,,,33.4,,,,,,,, 
2014-12-20 00:00:00,117.765,63.3,45.9,,,,33.4,,,,,,,, 
2014-12-21 00:00:00,117.369,61.2,46.6,,,,33.4,,,,,,,, 
2014-12-22 00:00:00,117.100,61.8,42.0,,,,33.4,,,,,,,, 
2014-12-23 00:00:00,117.026,66.2,51.5,,,,33.4,,,,,,,, 
2014-12-24 00:00:00,117.561,67.0,54.2,,,,33.4,,,,,,,, 
2014-12-25 00:00:00,116.458,70.3,59.3,,,,33.4,,,,,,,, 
2014-12-26 00:00:00,116.451,64.7,44.9,,,,33.4,,,,,,,, 
2014-12-27 00:00:00,116.140,65.0,55.7,,,,33.4,,,,,,,, 
2014-12-28 00:00:00,116.464,70.3,57.8,,,,33.4,,,,,,,, 
2014-12-29 00:00:00,116.705,63.1,47.0,,,,33.4,,,,,,,, 
2014-12-30 00:00:00,116.362,59.5,50.5,,,,33.4,,,,,,,, 
2014-12-31 00:00:00,115.662,67.8,49.2,,,,33.4,,,,,,,, 
2015-01-01 00:00:00,115.106,68.0,57.3,,,,33.4,,,,,,,, 
2015-01-02 00:00:00,115.566,66.7,45.8,,,,33.4,,,,,,,, 
2015-01-03 00:00:00,116.903,59.2,43.4,,,,33.4,,,,,,,, 
2015-01-04 00:00:00,117.018,63.8,52.3,,,,33.4,,,,,,,, 
2015-01-05 00:00:00,116.269,71.4,50.6,,,,33.4,,,,,,,, 
2015-01-06 00:00:00,115.664,60.3,43.7,,,,33.4,,,,,,,, 
2015-01-07 00:00:00,115.285,60.6,34.6,,,,33.4,,,,,,,, 
2015-01-08 00:00:00,114.133,53.6,33.1,,,,33.4,,,,,,,, 
2015-01-09 00:00:00,114.248,60.1,48.5,,,,33.4,,,,,,,, 
2015-01-10 00:00:00,113.626,44.8,31.2,,,,33.4,,,,,,,, 
2015-01-11 00:00:00,113.240,49.5,36.4,,,,33.4,,,,,,,, 
2015-01-12 00:00:00,113.040,54.7,43.0,,,,33.4,,,,,,,, 
2015-01-13 00:00:00,113.052,34.7,28.3,,,,33.4,,,,,,,, 
2015-01-14 00:00:00,112.644,29.9,35.0,,,,33.4,,,,,,,, 
2015-01-15 00:00:00,111.698,51.0,42.1,,,,33.4,,,,,,,, 
2015-01-16 00:00:00,111.855,59.3,49.7,,,,33.4,,,,,,,, 
2015-01-17 00:00:00,,52.5,44.9,,,,33.4,,,,,,,, 
2015-01-18 00:00:00,,63.6,42.6,,,,33.4,,,,,,,, 
2015-01-19 00:00:00,,57.6,38.3,,,,33.4,,,,,,,, 
2015-01-20 00:00:00,,50.5,41.6,,,,33.4,,,,,,,, 
2015-01-21 00:00:00,,49.3,40.2,,,,33.4,,,,,,,, 
2015-01-22 00:00:00,,48.7,41.9,,,,33.4,,,,,,,, 
2015-01-23 00:00:00,,46.4,45.9,,,,33.4,,,,,,,, 
2015-01-24 00:00:00,,53.3,47.8,,,,33.4,,,,,,,, 
2015-01-25 00:00:00,,61.5,39.4,,,,33.4,,,,,,,, 
2015-01-26 00:00:00,,46.7,30.4,,,,33.4,,,,,,,, 
2015-01-27 00:00:00,,41.2,37.5,,,,33.4,,,,,,,, 
2015-01-28 00:00:00,,36.0,36.3,,,,33.4,,,,,,,, 
2015-01-29 00:00:00,,49.6,43.1,,,,33.4,,,,,,,, 
2015-01-30 00:00:00,,43.7,36.6,,,,33.4,,,,,,,, 
2015-01-31 00:00:00,,44.5,45.8,,,,33.4,,,,,,,, 
2015-02-01 00:00:00,,44.1,39.2,,,,33.4,,,,,,,, 
2015-02-02 00:00:00,,36.3,35.0,,,,33.4,,,,,,,, 
2015-02-03 00:00:00,,31.6,43.7,,,,33.4,,,,,,,, 
2015-02-04 00:00:00,,40.8,48.0,,,,33.4,,,,,,,, 
2015-02-05 00:00:00,,28.3,38.6,,,,33.4,,,,,,,, 
2015-02-06 00:00:00,,39.0,48.5,,,,33.4,,,,,,,, 
2015-02-07 00:00:00,,50.2,49.2,,,,33.4,,,,,,,, 
2015-02-08 00:00:00,,52.7,44.0,,,,33.4,,,,,,,, 
2015-02-09 00:00:00,,38.4,42.3,,,,33.4,,,,,,,, 
2015-02-10 00:00:00,,30.3,40.8,,,,33.4,,,,,,,, 
2015-02-11 00:00:00,,40.5,50.4,,,,33.4,,,,,,,, 
2015-02-12 00:00:00,,36.9,34.4,,,,33.4,,,,,,,, 
2015-02-13 00:00:00,,27.6,40.2,,,,29.9,,,,,,,, 
2015-02-14 00:00:00,,34.0,41.7,,,,11.8,,,,,,,, 
2015-02-15 00:00:00,,13.4,35.4,,,,-2.4,,,,,,,, 
2015-02-16 00:00:00,,18.4,34.5,,,,2.9,,,,,,,, 
2015-02-17 00:00:00,,26.1,45.2,,,,10.9,,,,,,,, 
2015-02-18 00:00:00,,25.0,43.2,,,,7.4,,,,,,,, 
2015-02-19 00:00:00,,14.8,39.2,,,,-2.8,,,,,,,, 
2015-02-20 00:00:00,,6.9,46.5,,,,0.6,,,,,,,, 
2015-02-21 00:00:00,,20.5,62.0,,,,17.9,,,,,,,, 
2015-03-02 00:00:00,,44.2,60.1,,,,25.0,,,,,,,, 
2015-03-03 00:00:00,,42.4,65.6,,,,27.1,,,,,,,, 
2015-03-04 00:00:00,,43.4,65.3,,,,23.1,,,,,,,, 
2015-03-05 00:00:00,,40.2,63.1,,,,10.0,,,,,,,, 
2015-03-06 00:00:00,,40.0,64.5,,,,13.6,,,,,,,, 
2015-03-07 00:00:00,,40.4,64.7,,,,23.4,,,,,,,, 
2015-05-02 00:00:00,102.912,93.7,52.9,,,,67.8,,,,,,,, 
2015-05-03 00:00:00,112.886,96.6,51.2,,,,66.5,,,,,,,, 
2015-05-04 00:00:00,119.236,96.6,50.3,,,,67.3,,,,,,,, 
2015-05-05 00:00:00,120.867,96.6,54.4,,,,52.7,,,,,,,, 
2015-05-06 00:00:00,121.289,96.9,55.3,,,,60.1,,,,,,,, 
2015-05-07 00:00:00,125.299,97.0,52.8,,,,72.7,,,,,,,, 
2015-05-08 00:00:00,128.978,97.2,53.8,,,,73.0,,,,,,,, 
2015-05-09 00:00:00,131.744,97.2,56.2,,,,66.4,,,,,,,, 
2015-05-10 00:00:00,131.428,97.3,55.0,,,,56.0,,,,,,,, 
2015-05-11 00:00:00,130.291,97.3,54.1,,,,59.6,,,,,,,, 
2015-05-12 00:00:00,128.705,97.6,45.3,,,,50.0,,,,,,,, 
2015-05-13 00:00:00,126.716,97.6,47.8,,,,49.1,,,,,,,, 
2015-05-14 00:00:00,132.449,96.9,46.8,,,,53.2,,,,,,,, 
2015-05-15 00:00:00,133.213,97.1,49.8,,,,60.3,,,,,,,, 
2015-05-16 00:00:00,135.001,96.9,57.2,,,,67.7,,,,,,,, 
2015-05-17 00:00:00,136.761,96.7,58.2,,,,74.0,,,,,,,, 
2015-05-18 00:00:00,138.682,96.7,58.0,,,,73.7,,,,,,,, 
2015-05-19 00:00:00,138.480,96.8,49.8,,,,49.6,,,,,,,, 
2015-05-20 00:00:00,138.162,97.2,45.9,,,,47.8,,,,,,,, 
2015-05-21 00:00:00,138.172,97.1,47.3,,,,54.8,,,,,,,, 
2015-05-22 00:00:00,140.450,97.1,49.7,,,,57.6,,,,,,,, 
2015-05-23 00:00:00,144.069,97.0,49.3,,,,61.4,,,,,,,, 
2015-05-24 00:00:00,151.284,97.1,51.5,,,,67.7,,,,,,,, 
2015-05-25 00:00:00,155.785,97.1,54.1,,,,72.1,,,,,,,, 
2015-05-26 00:00:00,160.643,96.8,57.7,,,,71.1,,,,,,,, 
2015-05-27 00:00:00,165.056,96.6,56.1,,,,69.4,,,,,,,, 
2015-05-28 00:00:00,170.834,96.5,56.4,,,,69.7,,,,,,,, 
2015-05-29 00:00:00,177.781,96.3,57.0,,,,72.4,,,,,,,, 
2015-05-30 00:00:00,179.189,96.5,57.4,,,,64.6,,,,,,,, 
2015-05-31 00:00:00,177.809,97.0,51.0,,,,48.9,,,,,,,, 
2015-06-01 00:00:00,179.969,96.9,51.3,,,,53.1,,,,,,,, 
2015-06-02 00:00:00,191.054,96.5,53.9,,,,58.7,,,,,,,, 
2015-06-03 00:00:00,191.676,96.1,55.2,,,,65.0,,,,,,,, 
2015-06-04 00:00:00,191.040,96.3,54.2,,,,69.1,,,,,,,, 
2015-06-05 00:00:00,190.494,96.8,53.8,,,,64.5,,,,,,,, 
2015-06-06 00:00:00,189.657,97.1,52.6,,,,63.1,,,,,,,, 
2015-06-07 00:00:00,189.859,97.1,54.3,,,,66.0,,,,,,,, 
2015-06-08 00:00:00,190.318,97.0,56.1,,,,72.2,,,,,,,, 
2015-06-09 00:00:00,190.849,97.1,54.6,,,,67.2,,,,,,,, 
2015-06-10 00:00:00,191.952,97.4,53.4,,,,75.7,,,,,,,, 
2015-06-11 00:00:00,192.867,97.4,53.2,,,,67.6,,,,,,,, 
2015-06-12 00:00:00,192.614,97.6,53.0,,,,61.0,,,,,,,, 
2015-06-13 00:00:00,191.940,97.6,54.7,,,,58.8,,,,,,,, 
2015-06-14 00:00:00,192.128,97.3,59.1,,,,58.8,,,,,,,, 
2015-06-15 00:00:00,190.969,97.4,58.8,,,,63.9,,,,,,,, 
2015-06-16 00:00:00,188.615,97.4,54.4,,,,74.3,,,,,,,, 
2015-06-17 00:00:00,183.821,97.4,54.3,,,,67.7,,,,,,,, 
2015-06-18 00:00:00,183.037,97.4,55.7,,,,70.8,,,,,,,, 
2015-06-19 00:00:00,182.476,97.2,53.8,,,,63.9,,,,,,,, 
2015-06-20 00:00:00,182.892,97.1,57.5,,,,69.1,,,,,,,, 
2015-06-21 00:00:00,183.178,96.9,57.1,,,,74.3,,,,,,,, 
2015-06-22 00:00:00,183.015,97.2,59.3,,,,72.9,,,,,,,, 
2015-06-23 00:00:00,182.571,97.0,54.4,,,,71.6,,,,,,,, 
2015-06-24 00:00:00,182.266,97.1,56.4,,,,68.3,,,,,,,, 
2015-06-25 00:00:00,182.580,96.9,56.4,,,,67.0,,,,,,,, 
2015-06-26 00:00:00,182.041,97.0,55.0,,,,67.8,,,,,,,, 
2015-06-27 00:00:00,181.168,97.3,52.3,,,,62.6,,,,,,,, 
2015-06-28 00:00:00,180.498,97.2,53.3,,,,67.5,,,,,,,, 
2015-06-29 00:00:00,181.113,97.0,54.8,,,,68.9,,,,,,,, 
2015-06-30 00:00:00,182.085,96.9,55.7,,,,65.0,,,,,,,, 
2015-07-01 00:00:00,180.931,97.2,54.6,,,,62.7,,,,,,,, 
2015-07-02 00:00:00,178.255,97.1,53.2,,,,63.9,,,,,,,, 
2015-07-03 00:00:00,177.422,97.2,51.4,,,,64.5,,,,,,,, 
2015-07-04 00:00:00,179.347,97.1,52.2,,,,67.4,,,,,,,, 
2015-07-05 00:00:00,182.715,97.1,54.3,,,,71.9,,,,,,,, 
2015-07-06 00:00:00,185.563,97.2,56.2,,,,74.2,,,,,,,, 
2015-07-07 00:00:00,187.858,97.3,55.9,,,,68.1,,,,,,,, 
2015-07-08 00:00:00,186.649,97.5,52.7,,,,60.9,,,,,,,, 
2015-07-09 00:00:00,186.515,97.4,53.2,,,,66.2,,,,,,,, 
2015-07-10 00:00:00,187.527,97.3,53.4,,,,71.1,,,,,,,, 
2015-07-20 00:00:00,195.593,97.3,57.0,,,,77.2,,,,,,,, 
2015-07-21 00:00:00,195.127,97.5,55.4,,,,70.9,,,,,,,, 
2015-07-22 00:00:00,195.092,97.6,54.8,,,,68.2,,,,,,,, 
2015-07-23 00:00:00,195.644,97.6,56.7,,,,71.5,,,,,,,, 
2015-07-24 00:00:00,196.515,97.5,56.3,,,,74.1,,,,,,,, 
2015-07-25 00:00:00,197.069,97.7,58.0,,,,76.1,,,,,,,, 
2015-07-26 00:00:00,197.744,97.4,56.6,,,,74.8,,,,,,,, 
2015-07-27 00:00:00,198.361,97.6,55.7,,,,76.3,,,,,,,, 
2015-07-28 00:00:00,199.032,97.7,55.1,,,,77.6,,,,,,,, 
2015-07-29 00:00:00,199.320,97.7,55.3,,,,76.6,,,,,,,, 
2015-07-30 00:00:00,199.157,97.7,52.4,,,,73.9,,,,,,,, 
2015-07-31 00:00:00,199.287,97.8,51.3,,,,73.2,,,,,,,, 
2015-08-01 00:00:00,182.781,97.8,48.8,,,,70.6,,,,,,,, 
2015-08-02 00:00:00,166.602,98.0,52.0,,,,74.2,,,,,,,, 
2015-08-03 00:00:00,168.502,97.9,53.9,,,,68.3,,,,,,,, 
2015-08-04 00:00:00,179.134,98.1,49.7,,,,67.9,,,,,,,, 
2015-08-05 00:00:00,178.817,98.2,50.3,,,,67.4,,,,,,,, 
2015-08-06 00:00:00,178.439,98.2,50.3,,,,68.1,,,,,,,, 
2015-08-07 00:00:00,178.024,98.2,52.4,,,,68.5,,,,,,,, 
2015-08-08 00:00:00,177.746,98.2,55.4,,,,67.9,,,,,,,, 
2015-08-09 00:00:00,177.375,98.4,56.9,,,,73.0,,,,,,,, 
2015-08-10 00:00:00,176.716,98.3,58.2,,,,71.3,,,,,,,, 
2015-08-11 00:00:00,174.328,98.2,54.3,,,,70.0,,,,,,,, 
2015-08-12 00:00:00,174.460,98.1,51.4,,,,67.0,,,,,,,, 
2015-08-13 00:00:00,174.900,98.0,51.2,,,,71.1,,,,,,,, 
2015-08-14 00:00:00,,98.4,59.7,,,,82.2,,,,,,,, 
2015-08-15 00:00:00,,98.3,56.5,,,,85.6,,,,,,,, 
2015-08-16 00:00:00,,97.4,77.6,,,,84.6,,,,,,,, 
2015-08-17 00:00:00,,97.4,76.0,,,,76.9,,,,,,,, 
2015-08-18 00:00:00,,97.0,69.6,,,,73.8,,,,,,,, 
2015-08-19 00:00:00,,97.1,64.6,,,,76.8,,,,,,,, 
2015-08-21 00:00:00,,96.6,51.7,,,,76.7,,,,,,,, 
2015-08-23 00:00:00,,97.1,49.4,,,,67.9,,,,,,,, 
2015-08-24 00:00:00,,97.0,41.6,,,,63.3,,,,,,,, 
2015-08-27 00:00:00,185.247,97.2,42.0,,,,66.3,,,,,,,, 
2015-08-28 00:00:00,187.498,97.4,41.8,,,,63.7,,,,,,,, 
2015-08-29 00:00:00,187.402,97.5,47.4,,,,64.9,,,,,,,, 
2015-08-30 00:00:00,187.451,97.7,48.5,,,,65.0,,,,,,,, 
2015-08-31 00:00:00,,97.6,53.3,,,,78.4,,,,,,,, 
2015-09-01 00:00:00,,97.9,55.0,,,,82.6,,,,,,,, 
2015-09-02 00:00:00,,98.0,56.3,,,,79.1,,,,,,,, 
2015-09-03 00:00:00,,97.6,56.2,,,,74.4,,,,,,,, 
2015-09-04 00:00:00,,97.6,54.4,,,,71.6,,,,,,,, 
2015-09-05 00:00:00,,97.6,54.3,,,,71.9,,,,,,,, 
2015-09-06 00:00:00,,97.5,56.8,,,,80.1,,,,,,,, 
2015-09-07 00:00:00,,97.6,58.8,,,,78.0,,,,,,,, 
2015-09-08 00:00:00,,97.6,58.3,,,,75.0,,,,,,,, 
2015-09-09 00:00:00,185.368,97.2,53.0,,,,68.8,,,,,,,, 
2015-09-10 00:00:00,185.064,96.8,45.3,,,,64.1,,,,,,,, 
2015-09-11 00:00:00,184.949,96.4,44.3,,,,59.9,,,,,,,, 
2015-09-13 00:00:00,,95.5,44.1,,,,67.0,,,,,,,, 
2015-09-14 00:00:00,,95.3,35.0,,,,74.2,,,,,,,, 
2015-09-17 00:00:00,188.292,96.7,41.4,,,,75.2,,,,,,,, 
2015-09-18 00:00:00,190.477,96.7,46.9,,,,75.2,,,,,,,, 
2015-09-19 00:00:00,190.681,96.6,43.6,,,,75.2,,,,,,,, 
2015-09-20 00:00:00,190.200,95.4,36.0,,,,75.2,,,,,,,, 
2015-09-21 00:00:00,189.465,94.8,35.4,,,,75.2,,,,,,,, 
2015-09-22 00:00:00,188.834,95.1,37.3,,,,75.2,,,,,,,, 
2015-09-23 00:00:00,188.367,95.9,40.6,,,,75.2,,,,,,,, 
2015-09-24 00:00:00,187.857,96.1,41.3,,,,75.2,,,,,,,, 
2015-09-25 00:00:00,187.407,96.5,45.3,,,,75.2,,,,,,,, 
2015-09-26 00:00:00,186.962,96.6,43.5,,,,75.2,,,,,,,, 
2015-09-27 00:00:00,186.392,96.4,43.7,,,,75.2,,,,,,,, 
2015-09-28 00:00:00,180.333,96.7,50.1,,,,75.2,,,,,,,, 
2015-09-29 00:00:00,163.446,96.9,46.9,,,,75.2,,,,,,,, 
2015-09-30 00:00:00,163.010,96.0,38.9,,,,75.2,,,,,,,, 
2015-10-01 00:00:00,162.609,95.6,37.3,,,,75.2,,,,,,,, 
2015-10-02 00:00:00,162.155,95.8,37.3,,,,75.2,,,,,,,, 
2015-10-03 00:00:00,161.892,95.6,35.8,,,,75.2,,,,,,,, 
2015-10-04 00:00:00,162.205,95.6,39.7,,,,,,,,,,,, 
2015-10-05 00:00:00,162.078,96.2,46.7,,,,,,,,,,,, 
2015-10-06 00:00:00,161.600,96.5,47.6,,,,,,,,,,,, 
2015-10-07 00:00:00,161.228,96.5,47.4,,,,,,,,,,,, 
2015-10-08 00:00:00,160.729,96.0,47.6,,,,,,,,,,,, 
2015-10-09 00:00:00,160.615,96.1,49.3,,,,,,,,,,,, 
2015-10-10 00:00:00,174.134,95.6,45.0,,,,,,,,,,,, 
2015-10-11 00:00:00,191.748,96.5,50.7,,,,,,,,,,,, 
2015-10-12 00:00:00,189.911,96.5,51.4,,,,,,,,,,,, 
2015-10-13 00:00:00,188.855,96.5,51.2,,,,,,,,,,,, 
2015-10-14 00:00:00,188.305,96.5,50.8,,,,,,,,,,,, 
2015-10-15 00:00:00,186.748,96.6,47.0,,,,,,,,,,,, 
2015-10-16 00:00:00,185.704,96.6,44.6,,,,,,,,,,,, 
2015-10-17 00:00:00,184.903,96.4,39.5,,,,,,,,,,,, 
2015-10-18 00:00:00,184.344,96.4,40.0,,,,,,,,,,,, 
2015-10-19 00:00:00,183.770,96.5,41.0,,,,,,,,,,,, 
2015-10-20 00:00:00,184.682,97.3,50.4,,,,,,,,,,,, 
2015-10-21 00:00:00,183.949,97.3,51.2,,,,,,,,,,,, 
2015-10-22 00:00:00,180.733,97.3,51.1,,,,,,,,,,,, 
2015-10-23 00:00:00,174.761,96.9,42.6,,,,,,,,,,,, 
2015-10-24 00:00:00,174.209,96.7,45.4,,,,,,,,,,,, 
2015-10-25 00:00:00,174.102,96.8,45.7,,,,,,,,,,,, 
2015-10-26 00:00:00,173.583,96.5,43.6,,,,,,,,,,,, 
2015-10-27 00:00:00,172.992,96.5,41.8,,,,,,,,,,,, 
2015-10-28 00:00:00,172.783,96.4,43.0,,,,,,,,,,,, 
2015-10-29 00:00:00,172.576,96.2,39.6,,,,,,,,,,,, 
2015-10-30 00:00:00,173.015,96.0,41.3,,,,,,,,,,,, 
2015-10-31 00:00:00,172.729,95.6,39.9,,,,,,,,,,,, 
2015-11-01 00:00:00,172.004,95.6,46.5,,,,,,,,,,,, 
2015-11-02 00:00:00,171.369,95.7,48.3,,,,,,,,,,,, 
2015-11-03 00:00:00,170.473,95.9,51.1,,,,,,,,,,,, 
2015-11-04 00:00:00,169.948,95.9,52.4,,,,,,,,,,,, 
2015-11-05 00:00:00,169.357,95.8,52.0,,,,,,,,,,,, 
2015-11-06 00:00:00,168.909,95.4,48.1,,,,,,,,,,,, 
2015-11-07 00:00:00,168.741,94.9,46.0,,,,,,,,,,,, 
2015-11-08 00:00:00,168.761,94.6,44.9,,,,,,,,,,,, 
2015-11-09 00:00:00,168.381,94.2,45.6,,,,,,,,,,,, 
2015-11-10 00:00:00,168.085,94.3,47.6,,,,,,,,,,,, 
2015-11-11 00:00:00,167.618,92.9,46.1,,,,,,,,,,,, 
2015-11-12 00:00:00,166.453,92.2,49.0,,,,,,,,,,,, 
2015-11-13 00:00:00,166.599,92.2,50.1,,,,,,,,,,,, 
2015-11-14 00:00:00,166.876,91.9,48.6,,,,,,,,,,,, 
2015-11-15 00:00:00,166.242,92.3,48.9,,,,,,,,,,,, 
2015-11-16 00:00:00,165.743,92.4,44.7,,,,,,,,,,,, 
2015-11-17 00:00:00,165.081,91.1,43.0,,,,,,,,,,,, 
2015-11-18 00:00:00,164.372,89.3,42.8,,,,,,,,,,,, 
2015-11-19 00:00:00,163.886,90.0,44.1,,,,,,,,,,,, 
2015-11-20 00:00:00,163.791,90.0,47.7,,,,,,,,,,,, 
2015-11-21 00:00:00,166.316,88.9,49.8,,,,,,,,,,,, 
2015-11-22 00:00:00,166.998,86.4,51.4,,,,,,,,,,,, 
2015-11-23 00:00:00,165.091,84.0,52.9,,,,,,,,,,,, 
2015-11-24 00:00:00,164.357,80.8,57.6,,,,,,,,,,,, 
2015-11-25 00:00:00,163.342,77.9,61.3,,,,,,,,,,,, 
2015-11-26 00:00:00,163.264,78.2,58.9,,,,,,,,,,,, 
2015-11-27 00:00:00,163.741,80.3,50.8,,,,83.5,,,,,,,, 
2015-11-28 00:00:00,163.961,79.2,57.9,,,,29.4,,,,,,,, 
2015-11-29 00:00:00,164.082,79.6,55.8,,,,29.2,,,,,,,, 
2015-11-30 00:00:00,163.759,76.8,63.7,,,,33.7,,,,,,,, 
2015-12-01 00:00:00,163.364,74.0,67.6,,,,39.7,,,,,,,, 
2015-12-02 00:00:00,163.608,73.7,67.3,,,,34.4,,,,,,,, 
2015-12-03 00:00:00,163.161,71.4,70.6,,,,36.8,,,,,,,, 
2015-12-04 00:00:00,162.799,78.9,62.7,,,,41.4,,,,,,,, 
2015-12-05 00:00:00,162.601,79.8,56.9,,,,38.8,,,,,,,, 
2015-12-06 00:00:00,162.620,76.4,61.1,,,,38.8,,,,,,,, 
2015-12-07 00:00:00,162.358,72.9,66.5,,,,38.8,,,,,,,, 
2015-12-08 00:00:00,162.036,71.1,70.2,,,,38.8,,,,,,,, 
2015-12-09 00:00:00,161.943,68.8,71.5,,,,38.8,,,,,,,, 
2015-12-10 00:00:00,161.539,71.3,69.6,,,,38.8,,,,,,,, 
2015-12-11 00:00:00,161.076,77.6,61.3,,,,38.8,,,,,,,, 
2015-12-12 00:00:00,161.219,78.6,64.7,,,,38.8,,,,,,,, 
2015-12-13 00:00:00,161.135,85.3,57.7,,,,38.8,,,,,,,, 
2015-12-14 00:00:00,160.797,85.8,49.6,,,,38.8,,,,,,,, 
2015-12-15 00:00:00,161.065,79.8,60.0,,,,38.8,,,,,,,, 
2015-12-16 00:00:00,160.857,78.3,64.2,,,,38.8,,,,,,,, 
2015-12-17 00:00:00,160.440,77.5,65.7,,,,38.8,,,,,,,, 
2015-12-18 00:00:00,160.276,79.2,63.7,,,,38.8,,,,,,,, 
2015-12-19 00:00:00,159.974,79.0,59.5,,,,38.8,,,,,,,, 
2015-12-20 00:00:00,160.033,76.0,61.8,,,,38.8,,,,,,,, 
2015-12-21 00:00:00,160.277,71.7,73.8,,,,38.8,,,,,,,, 
2015-12-22 00:00:00,160.518,72.4,70.2,,,,38.8,,,,,,,, 
2015-12-23 00:00:00,160.365,75.1,70.5,,,,38.8,,,,,,,, 
2015-12-24 00:00:00,159.973,77.9,58.8,,,,,,,,,,,, 
2015-12-25 00:00:00,160.524,76.0,64.8,,,,,,,,,,,, 
2015-12-26 00:00:00,160.353,73.2,70.0,,,,,,,,,,,, 
2015-12-27 00:00:00,160.085,72.7,73.2,,,,,,,,,,,, 
2015-12-28 00:00:00,159.842,75.5,67.4,,,,,,,,,,,, 
2015-12-29 00:00:00,159.816,74.5,72.0,,,,,,,,,,,, 
2015-12-30 00:00:00,159.541,75.1,73.4,,,,,,,,,,,, 
2015-12-31 00:00:00,159.311,74.5,74.8,,,,,,,,,,,, 
2016-01-01 00:00:00,159.181,73.6,70.8,,,,,,,,,,,,0.00 
2016-01-02 00:00:00,158.968,73.0,69.1,,,,,,,,,,,,0.00 
2016-01-03 00:00:00,159.238,71.7,73.1,,,,,,,,,,,,0.00 
2016-01-04 00:00:00,159.178,74.3,65.2,,,,,,,,,,,,0.00 
2016-01-05 00:00:00,159.042,74.7,55.8,,,,,,,,,,,,0.00 
2016-01-06 00:00:00,158.614,72.5,62.7,,,,,,,,,,,,0.00 
2016-01-07 00:00:00,158.431,68.9,70.8,,,,,,,,,,,,0.00 
2016-01-08 00:00:00,158.284,66.6,77.5,,,,,,,,,,,,0.00 
2016-01-09 00:00:00,158.021,66.6,76.7,,,,,,,,,,,,0.00 
2016-01-10 00:00:00,157.947,70.0,68.2,,,,,,,,,,,,0.00 
2016-01-13 00:00:00,157.174,73.7,50.7,,,,,,,,,,,,0.00 
2016-01-14 00:00:00,157.633,70.5,65.1,,,,68.4,,,,,,,,0.00 
2016-01-15 00:00:00,157.430,67.5,69.6,,,,,,,,,,,,0.00 
2016-01-16 00:00:00,157.040,66.7,68.6,,,,,,,,,,,,0.00 
2016-01-17 00:00:00,156.673,70.1,56.9,,,,,,,,,,,,0.00 
2016-01-18 00:00:00,156.443,72.6,50.8,,,,,,,,,,,,0.00 
2016-01-19 00:00:00,156.507,71.7,56.9,,,,,,,,,,,,0.00 
2016-01-20 00:00:00,156.444,66.5,56.8,,,,,,,,,,,,0.00 
2016-01-22 00:00:00,156.285,68.1,77.3,,,,,,,,,,,,0.00 
2016-01-23 00:00:00,156.011,66.1,76.4,,,,,,,,,,,,0.00 
2016-01-24 00:00:00,155.465,62.5,73.0,,,,,,,,,,,,0.00 
2016-01-25 00:00:00,155.440,67.9,79.7,,,,,,,,,,,,0.00 
2016-01-26 00:00:00,154.869,69.6,74.5,,,,,,,,,,,,0.00 
2016-01-27 00:00:00,155.119,66.3,76.5,,,,,,,,,,,,0.00 
2016-01-28 00:00:00,154.588,67.1,81.6,,,,,,,,,,,,0.00 
2016-01-29 00:00:00,154.876,66.2,73.0,,,,,,,,,,,,0.00 
2016-01-30 00:00:00,154.247,65.1,73.5,,,,,,,,,,,,0.00 
2016-01-31 00:00:00,154.222,68.6,68.6,,,,,,,,,,,,0.00 
2016-02-01 00:00:00,154.517,68.1,63.8,,,,,,,,,,,,0.00 
2016-02-02 00:00:00,154.875,62.0,65.1,,,,,,,,,,,,0.00 
2016-02-03 00:00:00,154.435,63.9,64.4,,,,,,,,,,,,0.00 
2016-02-04 00:00:00,154.627,63.5,68.6,,,,,,,,,,,,0.00 
2016-02-05 00:00:00,154.477,57.2,67.8,,,,,,,,,,,,0.00 
2016-02-06 00:00:00,,56.9,59.1,,,,,,,,,,,,0.00 
2016-02-07 00:00:00,,58.2,60.6,,,,,,,,,,,,0.00 
2016-02-08 00:00:00,,59.1,57.2,,,,,,,,,,,,0.00 
2016-02-09 00:00:00,,59.6,61.8,,,,,,,,,,,,0.00 
2016-02-10 00:00:00,,58.5,60.4,,,,,,,,,,,,0.00 
2016-02-11 00:00:00,,51.7,59.9,,,,,,,,,,,,0.00 
2016-02-12 00:00:00,,44.7,51.6,,,,,,,,,,,,0.00 
2016-02-13 00:00:00,,39.8,40.9,,,,,,,,,,,,0.00 
2016-02-14 00:00:00,,26.6,41.5,,,,,,,,,,,,0.00 
2016-02-15 00:00:00,,33.8,54.3,,,,,,,,,,,,0.00 
2016-02-16 00:00:00,,42.3,59.3,,,,,,,,,,,,0.00 
2016-02-17 00:00:00,,43.3,56.8,,,,,,,,,,,,0.00 
2016-02-18 00:00:00,,32.3,53.9,,,,,,,,,,,,0.00 
2016-02-19 00:00:00,,42.4,60.1,,,,,,,,,,,,0.00 
2016-02-29 00:00:00,,63.8,45.9,,,,,,,,,,,,0.00 
2016-03-01 00:00:00,,46.1,40.7,,,,,,,,,,,,0.00 
2016-03-02 00:00:00,,44.4,41.7,,,,,,,,,,,,0.00 
2016-03-03 00:00:00,,40.0,55.2,,,,,,,,,,,,0.00 
2016-03-04 00:00:00,,33.2,49.4,,,,,,,,,,,,0.00 
2016-03-05 00:00:00,,,,,,,,,,,,,,,0.00 
2016-03-07 00:00:00,,82.8,50.1,,,,,,,,,,,,0.00 
2016-03-08 00:00:00,,79.4,54.3,,,,,,,,,,,,0.00 
2016-03-09 00:00:00,,90.6,61.2,,,,,,,,,,,,0.00 
2016-03-10 00:00:00,,86.0,54.1,,,,,,,,,,,,0.00 
2016-03-11 00:00:00,,76.2,54.2,,,,,,,,,,,,0.00 
2016-03-12 00:00:00,,75.8,62.2,,,,,,,,,,,,0.00 
2016-03-13 00:00:00,,75.0,52.9,,,,,,,,,,,,0.00 
2016-03-14 00:00:00,,74.2,58.5,,,,,,,,,,,,0.00 
2016-03-15 00:00:00,,77.1,57.1,,,,,,,,,,,,0.00 
2016-03-16 00:00:00,,77.1,61.8,,,,,,,,,,,,0.00 
2016-03-18 00:00:00,,77.9,67.7,,,,,,,,,,,,0.00 
2016-03-22 00:00:00,,86.4,63.2,,,,,,,,,,,,0.00 
2016-03-23 00:00:00,,86.6,56.7,,,,,,,,,,,,0.00 
2016-03-24 00:00:00,,68.6,48.7,,,,,,,,,,,,0.00 
2016-03-25 00:00:00,,76.8,57.8,,,,,,,,,,,,0.00 
2016-03-26 00:00:00,,74.0,63.8,,,,,,,,,,,,0.00 
2016-03-27 00:00:00,,85.6,63.7,,,,,,,,,,,,0.00 
2016-03-28 00:00:00,,93.7,53.2,,,,,,,,,,,,0.00 
2016-03-29 00:00:00,140.821,92.4,52.1,,,,,,,,,,,,0.00 
2016-03-30 00:00:00,,93.9,54.9,,,,,,,,,,,,0.00 
2016-03-31 00:00:00,,95.0,57.1,,,,,,,,,,,,0.00 
2016-04-01 00:00:00,,95.2,54.2,,,,,,,,,,,,0.00 
2016-04-02 00:00:00,,92.6,49.1,,,,,,,,,,,,0.00 
2016-04-03 00:00:00,,92.0,52.1,,,,,,,,,,,,0.00 
2016-04-05 00:00:00,,92.4,52.5,,,,,,,,,,,,0.00 
2016-04-06 00:00:00,,91.8,52.3,,,,,,,,,,,,0.00 
2016-04-07 00:00:00,,93.4,48.4,,,,,,,,,,,,0.00 
2016-04-08 00:00:00,,92.4,47.2,,,,,,,,,,,,0.00 
2016-04-09 00:00:00,,91.4,44.0,,,,,,,,,,,,0.00 
2016-04-10 00:00:00,,88.7,39.3,,,,38.8,,,,,,,,0.00 
2016-04-11 00:00:00,,92.4,51.3,,,,,,,,,,,,0.00 
2016-04-12 00:00:00,,95.2,51.7,,,,,,,,,,,,0.00 
2016-04-13 00:00:00,,95.9,55.1,,,,,,,,,,,,0.00 
2016-04-14 00:00:00,,96.6,60.0,,,,,,,,,,,,0.00 
2016-04-15 00:00:00,,97.3,64.1,,,,,,,,,,,,0.00 
2016-04-16 00:00:00,,97.2,66.9,,,,,,,,,,,,0.00 
2016-04-17 00:00:00,,97.5,66.8,,,,,,,,,,,,0.00 
2016-04-18 00:00:00,,97.6,66.0,,,,,,,,,,,,0.00 
2016-04-19 00:00:00,,97.4,63.2,,,,,,,,,,,,0.00 
2016-04-21 00:00:00,,97.5,59.8,,,,,,,,,,,,0.00 
2016-04-22 00:00:00,,97.5,57.5,,,,,,,,,,,,0.00 
2016-04-23 00:00:00,145.436,97.7,56.3,,,,,,,,,,,,0.00 
2016-04-24 00:00:00,,97.6,51.2,,,,61.3,,,,,,,,0.00 
2016-04-25 00:00:00,,97.6,56.7,,,,,,,,,,,,0.00 
2016-04-26 00:00:00,,97.5,50.2,,,,,,,,,,,,0.00 
2016-04-27 00:00:00,,97.6,48.5,,,,,,,,,,,,0.00 
2016-04-28 00:00:00,,97.6,51.1,,,,,,,,,,,,0.00 
2016-04-29 00:00:00,,97.6,47.6,,,,,,,,,,,,0.00 
2016-04-30 00:00:00,,97.6,50.0,,,,61.9,,,,,,,,0.00 
2016-05-01 00:00:00,,97.7,50.4,,,,61.1,,,,,,,,0.00 
2016-05-02 00:00:00,,97.6,51.4,,,,61.3,,,,,,,,0.00 
2016-05-03 00:00:00,185.623,97.5,56.6,,,,61.3,,,,,,,,0.00 
2016-05-04 00:00:00,183.434,97.6,48.4,,,,61.3,,,,,,,,0.00 
2016-05-05 00:00:00,185.393,97.5,47.8,,,,,,,,,,,,0.00 
2016-05-06 00:00:00,193.526,97.4,56.7,,,,,,,,,,,,0.00 
2016-05-07 00:00:00,199.413,97.4,50.9,,,,,,,,,,,,0.00 
2016-05-08 00:00:00,201.313,97.5,47.7,,,,,,,,,,,,0.00 
2016-05-09 00:00:00,,97.3,42.2,,,,,,,,,,,,0.00 
2016-05-10 00:00:00,,96.7,39.3,,,,,,,,,,,,0.00 
2016-05-11 00:00:00,,96.9,45.1,,,,,,,,,,,,0.00 
2016-05-12 00:00:00,,96.7,45.9,,,,61.3,,,,,,,,0.00 
2016-05-13 00:00:00,,96.7,41.9,,,,,,,,,,,,0.00 
2016-05-14 00:00:00,,96.5,46.3,,,,,,,,,,,,0.00 
2016-05-15 00:00:00,,96.3,41.3,,,,,,,,,,,,0.00 
2016-05-16 00:00:00,,96.6,34.1,,,,,,,,,,,,0.00 
2016-05-17 00:00:00,,97.0,43.7,,,,61.3,,,,,,,,0.00 
2016-05-18 00:00:00,153.528,96.9,44.0,,,,61.3,,,,,,,,0.00 
2016-05-19 00:00:00,154.282,96.9,41.0,,,,61.3,,,,,,,,0.00 
2016-05-20 00:00:00,158.991,96.9,40.8,,,,61.3,,,,,,,,0.00 
2016-05-21 00:00:00,161.700,96.7,37.8,,,,61.3,,,,,,,,0.00 
2016-05-22 00:00:00,164.617,96.8,38.9,,,,61.3,,,,,,,,0.00 
2016-05-23 00:00:00,168.778,97.1,43.0,,,,61.3,,,,,,,,0.00 
2016-05-24 00:00:00,173.422,97.2,42.9,,,,61.3,,,,,,,,0.00 
2016-05-25 00:00:00,177.611,97.4,46.9,,,,61.3,,,,,,,,0.00 
2016-05-26 00:00:00,182.089,97.5,50.5,,,,61.3,,,,,,,,0.00 
2016-05-27 00:00:00,184.420,97.4,49.1,,,,61.3,,,,,,,,0.00 
2016-05-28 00:00:00,185.577,97.3,49.4,,,,61.3,,,,,,,,0.00 
2016-05-29 00:00:00,186.497,97.2,47.7,,,,61.3,,,,,,,,0.00 
2016-05-30 00:00:00,188.123,97.1,46.5,,,,61.3,,,,,,,,0.00 
2016-05-31 00:00:00,198.680,97.0,50.1,,,,61.3,,,,,,,,0.00 
2016-06-01 00:00:00,200.559,96.5,47.0,,,,,,,,,,,,0.00 
2016-06-12 00:00:00,216.880,96.4,36.2,,,,65.9,,,,,,,,0.00 
2016-06-13 00:00:00,220.867,96.9,46.5,,,,66.0,,,,,,,,0.00 
2016-06-14 00:00:00,220.902,96.4,45.7,,,,65.9,,,,,,,,0.00 
2016-06-15 00:00:00,221.398,96.6,48.0,,,,66.0,,,,,,,,0.00 
2016-06-16 00:00:00,222.533,96.5,50.8,,,,66.8,,,,,,,,0.00 
2016-06-17 00:00:00,222.560,96.7,48.8,,,,67.3,,,,,,,,0.00 
2016-06-18 00:00:00,222.225,97.0,46.9,,,,67.3,,,,,,,,0.00 
2016-06-19 00:00:00,221.674,97.3,45.2,,,,67.3,,,,,,,,0.00 
2016-06-20 00:00:00,221.058,97.1,49.1,,,,67.7,,,,,,,,0.00 
2016-06-21 00:00:00,221.307,96.8,44.4,,,,72.6,,,,,,,,0.00 
2016-06-22 00:00:00,220.186,97.2,46.3,,,,72.6,,,,,,,,0.00 
2016-06-23 00:00:00,220.774,97.3,48.4,,,,72.4,,,,,,,,0.00 
2016-06-24 00:00:00,220.806,97.3,44.8,,,,69.8,,,,,,,,0.00 
2016-06-25 00:00:00,220.513,97.5,46.8,,,,69.7,,,,,,,,0.00 
2016-06-26 00:00:00,220.470,97.8,52.7,,,,69.7,,,,,,,,0.00 
2016-06-27 00:00:00,220.929,97.7,51.6,,,,69.7,,,,,,,,0.00 
2016-06-28 00:00:00,221.167,97.6,48.4,,,,69.8,,,,,,,,0.00 
2016-06-29 00:00:00,221.551,97.5,47.3,,,,69.8,,,,,,,,0.00 
2016-06-30 00:00:00,221.646,97.6,46.6,,,,69.8,,,,,,,,0.00 
2016-07-01 00:00:00,222.334,97.6,46.2,,,,69.8,,,,,,,,0.00 
2016-07-02 00:00:00,222.551,97.5,48.4,,,,69.8,,,,,,,,0.00 
2016-07-03 00:00:00,222.389,97.8,47.4,,,,69.8,,,,,,,,0.00 
2016-07-04 00:00:00,222.766,97.8,47.9,,,,69.8,,,,,,,,0.00 
2016-07-05 00:00:00,222.892,97.9,51.1,,,,69.8,,,,,,,,0.00 
2016-07-06 00:00:00,223.360,97.9,52.0,,,,69.8,,,,,,,,0.00 
2016-07-07 00:00:00,224.018,97.8,52.7,,,,69.8,,,,,,,,0.00 
2016-07-08 00:00:00,224.593,97.8,53.4,,,,69.8,,,,,,,,0.00 
2016-07-09 00:00:00,224.781,97.7,51.4,,,,,,,,,,,,0.00 
2016-07-10 00:00:00,224.968,97.6,50.7,,,,,,,,,,,,0.00 
2016-07-11 00:00:00,225.061,97.6,53.1,,,,61.3,,,,,,,,0.00 
2016-07-12 00:00:00,225.333,97.6,53.3,,,,73.8,,,,,,,,0.00 
2016-07-13 00:00:00,226.170,97.7,56.9,,,,77.0,,,,,,,,0.00 
2016-07-14 00:00:00,225.702,97.7,53.7,,,,73.5,,,,,,,,0.00 
2016-07-15 00:00:00,225.667,97.5,54.1,,,,73.4,,,,,,,,0.00 
2016-07-16 00:00:00,225.934,97.4,53.6,,,,73.0,,,,,,,,0.00 
2016-07-17 00:00:00,226.366,97.5,54.8,,,,60.6,,,,,,,,0.00 
2016-07-18 00:00:00,228.349,97.2,57.8,,,,60.6,,,,,,,,0.00 
2016-07-19 00:00:00,231.000,97.2,57.2,,,,60.6,,,,,,,,0.00 
2016-07-20 00:00:00,235.237,97.1,58.9,,,,60.6,,,,,,,,0.00 
2016-07-21 00:00:00,239.270,97.0,62.1,,,,60.6,,,,,,,,0.00 
2016-07-22 00:00:00,241.783,97.0,61.1,,,,60.6,,,,,,,,0.00 
2016-07-23 00:00:00,247.738,96.8,60.6,,,,60.6,,,,,,,,0.00 
2016-07-24 00:00:00,250.761,97.1,61.3,,,,60.6,,,,,,,,0.00 
2016-07-25 00:00:00,251.074,97.1,58.4,,,,60.6,,,,,,,,0.00 
2016-07-26 00:00:00,255.392,96.8,57.1,,,,60.6,,,,,,,,0.00 
2016-07-27 00:00:00,258.154,96.9,56.3,,,,60.6,,,,,,,,0.00 
2016-07-28 00:00:00,261.457,96.9,56.1,,,,60.6,,,,,,,,0.00 
2016-07-29 00:00:00,264.735,96.8,54.2,,,,60.6,,,,,,,,0.00 
2016-07-30 00:00:00,263.252,97.1,53.8,,,,60.6,,,,,,,,0.00 
2016-07-31 00:00:00,261.338,97.4,54.4,,,,60.6,,,,,,,,0.00 
2016-08-01 00:00:00,263.732,97.0,53.1,,,,,,,,,,,,0.00 
2016-08-02 00:00:00,260.715,97.0,55.6,,,,,,,,,,,,0.00 
2016-08-03 00:00:00,261.707,96.9,57.9,,,,,,,,,,,,0.00 
2016-08-04 00:00:00,275.484,96.7,55.7,,,,,,,,,,,,0.00 
2016-08-05 00:00:00,276.949,96.8,56.9,,,,,,,,,,,,0.00 
2016-08-06 00:00:00,278.984,96.6,53.5,,,,,,,,,,,,0.00 
2016-08-07 00:00:00,281.204,97.0,52.8,,,,,,,,,,,,0.00 
2016-08-08 00:00:00,282.732,97.0,51.6,,,,,,,,,,,,0.00 
2016-08-09 00:00:00,283.494,97.0,53.7,,,,,,,,,,,,0.00 
2016-08-10 00:00:00,284.392,97.2,55.2,,,,,,,,,,,,0.00 
2016-08-11 00:00:00,285.126,97.2,59.6,,,,,,,,,,,,0.00 
2016-08-12 00:00:00,285.899,97.1,62.1,,,,,,,,,,,,0.00 
2016-08-13 00:00:00,276.219,97.3,62.5,,,,,,,,,,,,0.00 
2016-08-14 00:00:00,276.775,97.0,59.0,,,,,,,,,,,,0.00 
2016-08-15 00:00:00,279.200,96.8,56.9,,,,,,,,,,,,0.00 
2016-08-16 00:00:00,272.839,97.1,58.7,,,,,,,,,,,,0.00 
2016-08-17 00:00:00,267.624,97.2,55.9,,,,,,,,,,,,0.00 