2017-04-17 00:00:00,118.252,92.7,58.9,63.7,54.0,2517,61.2,,,,,,,, 
2017-04-18 00:00:00,118.327,92.2,58.7,58.5,66.0,1354,57.2,,,,,,,, 
2017-04-19 00:00:00,118.040,92.2,56.4,56.2,62.4,933,54.4,,,,,,,, 
2017-04-20 00:00:00,203.088,93.0,57.8,58.5,57.8,150,56.2,,,,,,,, 
2017-04-21 00:00:00,138.168,92.6,57.7,57.4,53.7,769,57.0,,,,,,,, 
2017-04-22 00:00:00,118.270,92.7,59.1,60.0,51.6,1708,57.7,,,,,,,, 
2017-04-23 00:00:00,118.019,92.8,58.9,60.9,49.2,1645,57.9,,,,,,,, 
2017-04-24 00:00:00,117.792,92.8,58.4,56.9,61.7,1057,54.7,,,,,,,, 
2017-04-25 00:00:00,117.549,93.4,59.3,58.8,54.6,2029,56.8,,,,,,,, 
2017-04-26 00:00:00,117.436,93.1,60.2,56.2,64.3,663,56.0,,,,,,,, 
2017-04-27 00:00:00,117.354,93.4,59.3,56.3,42.2,1944,53.6,,,,,,,, 
2017-04-28 00:00:00,117.067,94.0,62.7,58.1,43.1,1887,56.6,,,,,,,, 
2017-04-29 00:00:00,118.436,94.5,65.6,59.1,47.5,,57.1,,,,,,,, 
2017-04-30 00:00:00,118.436,94.8,66.8,63.2,42.0,,60.6,,,,,,,, 
2017-05-01 00:00:00,118.696,94.5,66.1,54.0,55.9,,52.7,,,,,,,, 
2017-05-02 00:00:00,119.016,94.9,68.0,59.5,57.1,,58.1,,,,,,,, 
2017-05-03 00:00:00,120.284,95.1,69.9,68.3,58.5,,67.4,,,,,,,, 
2017-05-04 00:00:00,121.946,95.1,69.1,72.4,62.5,,72.3,,,,,,,, 
2017-05-05 00:00:00,123.561,94.7,68.9,63.9,77.8,,63.9,,,,,,,, 
2017-05-06 00:00:00,123.572,94.7,68.8,59.2,46.5,,57.3,,,,,,,, 
2017-05-07 00:00:00,120.437,94.7,67.4,58.8,39.2,,56.9,,,,,,,, 
2017-05-08 00:00:00,116.859,94.7,68.0,59.6,51.0,,58.4,,,,,,,, 
2017-05-09 00:00:00,116.555,94.7,68.3,64.4,52.4,,63.5,,,,,,,, 
2017-05-10 00:00:00,116.471,94.8,68.0,68.3,53.8,,67.4,,,,,,,, 
2017-05-11 00:00:00,116.465,94.7,68.0,64.0,63.6,,63.4,,,,,,,, 
2017-05-12 00:00:00,274.091,94.5,67.2,62.2,42.4,2775,59.2,,,,,,,, 
2017-05-13 00:00:00,282.233,94.5,67.4,55.8,57.0,2173,53.9,,,,,,,, 
2017-05-14 00:00:00,195.860,94.6,68.4,58.0,54.9,2676,55.5,,,,,,,, 
2017-05-15 00:00:00,118.752,94.5,68.2,60.1,51.7,2699,57.6,,,,,,,, 
2017-05-16 00:00:00,119.151,94.2,67.6,54.3,77.0,1596,53.4,,,,,,,, 
2017-05-17 00:00:00,119.547,94.4,69.3,60.0,60.5,2618,58.8,,,,,,,, 
2017-05-18 00:00:00,119.574,94.6,68.9,65.9,50.7,3079,64.3,,,,,,,, 
2017-05-19 00:00:00,120.127,94.7,68.6,68.7,54.3,2939,67.7,,,,,,,, 
2017-05-20 00:00:00,121.117,94.7,67.9,69.6,55.9,2298,68.6,,,,,,,, 
2017-05-21 00:00:00,122.498,94.8,68.4,71.2,56.4,3050,70.5,,,,,,,, 
2017-05-22 00:00:00,122.292,94.8,67.4,73.8,52.4,3165,72.7,,,,,,,, 
2017-05-23 00:00:00,128.473,95.1,67.2,76.4,47.1,1413,76.1,,,,,,,, 
2017-05-24 00:00:00,135.639,94.5,63.7,67.3,30.6,2723,64.0,,,,,,,, 
2017-05-25 00:00:00,135.648,94.9,64.3,61.3,54.3,1307,59.6,,,,,,,, 
2017-05-26 00:00:00,137.134,95.1,64.5,66.6,56.0,3500,66.3,,,,,,,, 
2017-05-27 00:00:00,141.802,95.0,65.2,73.0,47.4,3301,72.3,,,,,,,, 
2017-05-28 00:00:00,147.837,95.2,64.2,75.0,50.6,3563,73.8,,,,,,,, 
2017-05-29 00:00:00,151.762,95.0,63.8,77.8,49.2,3549,77.2,,,,,,,, 
2017-05-30 00:00:00,154.811,95.1,63.9,76.7,52.9,3112,75.3,,,,,,,, 
2017-05-31 00:00:00,156.565,95.2,64.1,67.3,60.0,1880,65.1,,,,,,,, 
2017-06-01 00:00:00,159.460,95.1,64.9,67.6,65.1,1643,67.6,,,,,,,, 
2017-06-02 00:00:00,160.745,95.0,63.2,72.4,47.3,3309,70.6,,,,,,,, 
2017-06-03 00:00:00,160.876,95.0,64.1,74.0,48.1,2895,72.5,,,,,,,, 
2017-06-04 00:00:00,161.543,94.8,65.1,67.4,48.0,1621,66.0,,,,,,,, 
2017-06-05 00:00:00,170.881,94.7,63.6,67.3,44.3,3196,66.1,,,,,,,, 
2017-06-06 00:00:00,178.734,94.8,61.9,73.1,42.5,3314,72.2,,,,,,,, 
2017-06-07 00:00:00,180.881,94.7,63.5,77.8,48.6,3089,76.1,,,,,,,, 
2017-06-08 00:00:00,182.837,94.6,64.1,72.1,50.6,1150,70.7,,,,,,,, 
2017-06-09 00:00:00,183.212,94.6,64.3,65.9,45.9,3092,62.9,,,,,,,, 
2017-06-10 00:00:00,183.062,94.7,63.8,64.4,48.0,2807,61.5,,,,,,,, 
2017-06-11 00:00:00,183.522,94.7,66.3,65.5,51.7,3123,64.0,,,,,,,, 
2017-06-12 00:00:00,184.028,94.3,60.9,71.9,43.8,2803,70.1,,,,,,,, 
2017-06-13 00:00:00,183.775,93.8,54.9,69.4,39.5,2968,68.0,,,,,,,, 
2017-06-14 00:00:00,184.637,94.3,58.4,67.7,42.8,2546,65.4,,,,,,,, 
2017-06-15 00:00:00,186.160,94.4,60.0,65.8,67.5,1872,64.4,,,,,,,, 
2017-06-16 00:00:00,187.968,94.4,62.1,67.1,68.5,1000,66.9,,,,,,,, 
2017-06-17 00:00:00,189.346,94.3,60.3,69.5,54.4,2919,67.9,,,,,,,, 
2017-06-18 00:00:00,190.825,94.5,58.5,76.6,50.8,2001,75.4,,,,,,,, 
2017-06-19 00:00:00,193.169,94.6,59.0,80.5,54.6,3011,79.3,,,,,,,, 
2017-06-20 00:00:00,194.784,94.5,58.3,81.5,47.4,2926,77.8,,,,,,,, 
2017-06-21 00:00:00,195.236,94.5,55.6,75.4,34.8,2883,74.1,,,,,,,, 
2017-06-22 00:00:00,195.499,94.5,55.0,72.7,34.3,2817,71.6,,,,,,,, 
2017-06-23 00:00:00,196.133,94.6,55.9,73.4,46.5,2812,72.2,,,,,,,, 
2017-06-24 00:00:00,197.021,94.7,55.7,77.4,45.6,2842,76.6,,,,,,,, 
2017-06-25 00:00:00,198.501,94.8,56.6,77.1,51.3,368,75.8,,,,,,,, 
2017-06-26 00:00:00,199.879,94.8,59.7,82.3,54.9,3469,82.2,,,,,,,, 
2017-06-27 00:00:00,200.042,94.4,57.7,77.9,49.7,3184,76.5,,,,,,,, 
2017-06-28 00:00:00,199.184,94.7,58.7,77.4,43.3,2889,76.3,,,,,,,, 
2017-06-29 00:00:00,198.707,94.5,58.4,76.2,47.5,2820,75.1,,,,,,,, 
2017-06-30 00:00:00,198.774,94.6,58.0,78.1,50.5,2834,76.7,,,,,,,, 
2017-07-01 00:00:00,199.326,95.1,58.3,80.6,50.2,3153,80.1,,,,,,,, 
2017-07-02 00:00:00,199.698,95.0,58.8,76.6,52.1,3735,75.1,,,,,,,, 
2017-07-04 00:00:00,131.991,94.5,58.5,86.6,34.9,1726,85.8,,,,,,,, 
2017-07-05 00:00:00,132.041,94.5,58.9,82.1,44.2,2650,82.0,,,,,,,, 
2017-07-06 00:00:00,132.319,94.6,59.9,85.3,47.4,1687,85.2,,,,,,,, 
2017-07-07 00:00:00,132.688,94.5,60.1,86.3,43.7,3479,86.0,,,,,,,, 
2017-07-08 00:00:00,131.932,94.2,57.1,82.2,40.3,7862,81.8,,,,,,,, 
2017-07-09 00:00:00,131.219,94.2,57.0,83.0,42.3,8503,83.2,,,,,,,, 
2017-07-10 00:00:00,130.574,94.1,56.1,81.7,41.1,8379,80.6,,,,,,,, 
2017-07-11 00:00:00,131.322,94.1,56.4,76.7,38.8,7826,64.8,,,,,,,, 
2017-07-12 00:00:00,133.098,94.1,57.7,78.8,46.3,8458,78.7,,,,,,,, 
2017-07-13 00:00:00,132.793,94.0,57.1,82.4,40.1,8687,82.4,,,,,,,, 
2017-07-14 00:00:00,132.420,93.9,57.5,81.1,42.9,9311,80.7,,,,,,,, 
2017-07-15 00:00:00,132.456,94.2,57.6,83.6,41.9,7999,83.3,,,,,,,, 
2017-07-16 00:00:00,132.261,93.9,58.5,75.5,41.1,8285,74.6,,,,,,,, 
2017-07-17 00:00:00,131.882,93.9,59.6,73.9,40.7,8176,73.3,,,,,,,, 
2017-07-18 00:00:00,131.669,93.9,60.1,75.4,45.6,8671,75.1,,,,,,,, 
2017-07-19 00:00:00,131.668,94.1,58.3,81.6,39.5,8630,81.9,,,,,,,, 
2017-07-20 00:00:00,131.567,93.7,57.4,79.5,38.5,8900,78.0,,,,,,,, 
2017-07-21 00:00:00,131.560,93.7,60.1,75.4,45.5,8571,74.2,,,,,,,, 
2017-07-22 00:00:00,131.727,93.6,60.3,79.0,48.4,8765,78.3,,,,,,,, 
2017-07-23 00:00:00,132.160,94.0,60.7,84.2,45.6,9096,84.9,,,,,,,, 
2017-07-24 00:00:00,131.566,93.7,57.7,80.8,34.0,8694,80.8,,,,,,,, 
2017-07-25 00:00:00,131.325,93.8,58.8,80.0,45.0,8756,79.9,,,,,,,, 
2017-07-26 00:00:00,131.531,93.9,59.5,82.2,46.4,9353,82.5,,,,,,,, 
2017-07-27 00:00:00,131.383,93.9,58.4,85.6,38.6,8937,85.8,,,,,,,, 
2017-07-28 00:00:00,131.300,93.8,59.5,80.2,45.3,8923,79.7,,,,,,,, 
2017-07-29 00:00:00,131.345,93.8,59.5,80.7,44.7,8799,80.5,,,,,,,, 
2017-07-30 00:00:00,131.736,93.8,59.1,82.7,42.4,8629,83.3,,,,,,,, 
2017-07-31 00:00:00,131.825,94.0,58.9,81.8,42.1,8293,81.6,,,,,,,, 
2017-08-01 00:00:00,131.127,93.9,57.2,80.6,48.4,7545,80.1,,,,,,,, 
2017-08-02 00:00:00,130.390,93.8,56.1,82.2,47.8,8491,82.8,,,,,,,, 
2017-08-03 00:00:00,130.169,94.0,57.4,82.8,48.4,9095,83.3,,,,,,,, 
2017-08-04 00:00:00,130.153,93.8,57.0,84.0,48.5,9140,84.0,,,,,,,, 
2017-08-05 00:00:00,129.955,93.9,57.5,80.5,50.6,7801,76.1,,,,,,,, 
2017-08-06 00:00:00,129.610,94.0,57.7,80.5,53.2,8775,79.8,,,,,,,, 
2017-08-07 00:00:00,128.162,94.0,57.6,82.2,49.4,8911,82.2,,,,,,,, 
2017-08-08 00:00:00,129.262,94.2,58.3,82.0,53.2,8660,82.0,,,,,,,, 
2017-08-09 00:00:00,132.130,94.4,58.6,82.1,54.5,8346,81.7,,,,,,,, 
2017-08-10 00:00:00,132.681,94.3,58.2,82.2,54.2,7815,63.5,,,,,,,, 
2017-08-11 00:00:00,133.945,94.0,58.3,82.1,53.2,8456,82.8,,,,,,,, 
2017-08-12 00:00:00,134.263,94.1,56.6,84.7,46.4,5710,85.1,,,,,,,, 
2017-08-13 00:00:00,134.177,93.9,58.4,76.9,56.2,5769,72.1,,,,,,,, 
2017-08-14 00:00:00,133.832,93.4,58.3,70.9,52.2,11024,69.6,,,,,,,, 
2017-08-15 00:00:00,134.592,92.9,59.8,74.1,49.6,8788,73.3,,,,,,,, 
2017-08-16 00:00:00,135.085,93.0,59.1,77.8,47.2,10121,77.9,,,,,,,, 
2017-08-17 00:00:00,134.941,93.5,59.5,78.5,50.3,10334,70.6,,,,,,,, 
2017-08-18 00:00:00,134.414,93.6,60.4,77.6,52.9,13762,76.9,,,,,,,, 
2017-08-19 00:00:00,133.636,93.6,59.9,80.4,39.8,15124,79.6,,,,,,,, 
2017-08-20 00:00:00,133.248,93.4,60.0,73.5,50.8,9774,72.0,,,,,,,, 
2017-08-21 00:00:00,132.999,93.5,60.0,73.2,55.5,11106,65.3,,,,,,,, 
2017-08-22 00:00:00,132.919,93.7,60.7,71.7,59.8,9741,43.0,,,,,,,, 
2017-08-26 00:00:00,130.132,94.2,59.0,79.4,42.7,2016,79.3,,,,,,,, 
2017-08-27 00:00:00,129.571,94.0,58.8,73.5,51.8,9170,73.6,,,,,,,, 
2017-08-28 00:00:00,129.218,94.2,59.6,77.3,54.0,6696,77.7,,,,,,,, 
2017-08-29 00:00:00,129.168,94.4,59.9,79.0,55.6,9124,79.1,,,,,,,, 
2017-08-30 00:00:00,129.177,94.1,60.0,79.5,52.0,8710,78.8,,,,,,,, 
2017-08-31 00:00:00,128.834,93.8,59.9,76.7,52.1,11094,76.5,,,,,,,, 
2017-09-01 00:00:00,128.685,93.9,61.2,77.4,54.3,10588,73.4,,,,,,,, 
2017-09-02 00:00:00,128.887,94.0,61.7,76.7,54.8,9650,76.9,,,,,,,, 
2017-09-03 00:00:00,129.009,94.3,62.1,76.2,60.7,6071,76.4,,,,,,,, 
2017-09-04 00:00:00,129.426,94.5,63.2,75.7,63.7,5217,76.2,,,,,,,, 
2017-09-05 00:00:00,129.245,94.3,61.9,79.5,42.5,3971,79.9,,,,,,,, 
2017-09-06 00:00:00,128.414,93.8,60.8,73.0,59.8,4495,68.5,,,,,,,, 
2017-09-07 00:00:00,128.442,94.0,62.7,72.7,69.0,3637,72.1,,,,,,,, 
2017-09-08 00:00:00,128.503,94.2,63.3,78.2,61.4,6818,78.6,,,,,,,, 
2017-09-09 00:00:00,128.766,94.0,62.8,77.9,54.5,9672,76.8,,,,,,,, 
2017-09-10 00:00:00,129.198,94.1,63.1,73.4,60.9,10444,72.0,,,,,,,, 
2017-09-11 00:00:00,129.508,93.9,63.8,70.6,62.3,10490,70.1,,,,,,,, 
2017-09-12 00:00:00,129.810,94.4,64.5,65.3,75.6,1,62.7,,,,,,,, 
2017-09-13 00:00:00,129.576,93.9,62.8,74.3,45.2,15788,72.7,,,,,,,, 
2017-09-14 00:00:00,130.163,92.9,61.5,66.8,40.8,3914,66.4,,,,,,,, 
2017-09-15 00:00:00,130.868,92.6,62.6,64.6,47.2,8246,63.6,,,,,,,, 
2017-09-16 00:00:00,130.218,92.5,63.3,60.3,56.1,8809,58.6,,,,,,,, 
2017-09-17 00:00:00,130.068,92.3,62.8,64.2,54.2,5331,65.1,,,,,,,, 
2017-09-18 00:00:00,130.996,93.0,62.9,63.8,67.1,8314,61.6,,,,,,,, 
2017-09-19 00:00:00,131.100,92.5,58.4,59.7,58.2,5042,58.4,,,,,,,, 
2017-09-20 00:00:00,130.956,92.1,54.5,54.9,75.7,3018,54.1,,,,,,,, 
2017-09-21 00:00:00,131.140,91.9,54.3,54.6,70.0,7890,53.0,,,,,,,, 
2017-09-22 00:00:00,120.461,92.0,55.3,57.2,69.0,13860,56.0,,,,,,,, 
2017-09-23 00:00:00,103.521,92.9,56.5,61.6,58.3,10059,60.2,,,,,,,, 
2017-09-24 00:00:00,103.508,93.4,57.3,63.7,57.0,9744,61.9,,,,,,,, 
2017-09-25 00:00:00,103.652,93.6,57.4,64.7,59.9,6668,63.1,,,,,,,, 
2017-09-26 00:00:00,103.993,94.0,57.9,67.6,59.2,6215,66.7,,,,,,,, 
2017-09-27 00:00:00,104.737,93.8,57.5,66.4,55.3,10439,65.4,,,,,,,, 
2017-09-28 00:00:00,105.485,93.7,57.3,65.8,56.6,12205,64.4,,,,,,,, 
2017-09-29 00:00:00,106.300,93.3,57.3,64.5,59.2,12160,62.8,,,,,,,, 
2017-09-30 00:00:00,103.675,93.1,57.8,62.7,45.4,14156,60.6,,,,,,,, 
2017-10-01 00:00:00,102.665,92.6,57.6,61.4,46.5,12646,59.2,,,,,,,, 
2017-10-02 00:00:00,103.124,92.2,57.6,58.4,48.4,7182,56.7,,,,,,,, 
2017-10-03 00:00:00,102.636,91.0,57.5,57.3,43.8,8136,55.8,,,,,,,, 
2017-10-04 00:00:00,101.802,89.9,57.5,54.6,47.9,7803,53.0,,,,,,,, 
2017-10-05 00:00:00,102.279,88.2,57.5,54.0,61.2,5432,52.9,,,,,,,, 
2017-10-06 00:00:00,102.675,86.9,57.8,61.5,46.3,7353,61.1,,,,,,,, 
2017-10-07 00:00:00,102.315,87.1,58.6,62.7,39.7,8290,61.5,,,,,,,, 
2017-10-08 00:00:00,102.087,86.6,59.2,57.7,44.7,10918,56.0,,,,,,,, 
2017-10-09 00:00:00,101.987,85.6,59.3,53.5,57.1,7813,51.8,,,,,,,, 
2017-10-10 00:00:00,101.638,84.7,59.2,51.8,56.6,3433,50.5,,,,,,,, 
2017-10-11 00:00:00,102.617,83.6,59.3,52.7,56.6,6531,50.3,,,,,,,, 
2017-10-12 00:00:00,104.211,84.7,58.9,47.8,77.2,1852,47.0,,,,,,,, 
2017-10-13 00:00:00,103.803,82.3,58.7,50.2,66.8,6570,48.5,,,,,,,, 
2017-10-14 00:00:00,103.158,80.9,58.4,49.5,58.1,6447,48.2,,,,,,,, 
2017-10-15 00:00:00,102.512,80.4,58.3,49.6,61.5,6656,47.6,,,,,,,, 
2017-10-16 00:00:00,109.035,80.3,58.4,50.5,67.0,5570,49.5,,,,,,,, 
2017-10-17 00:00:00,126.163,81.0,58.4,56.7,58.8,3384,55.7,,,,,,,, 
2017-10-18 00:00:00,124.951,81.4,57.8,55.5,74.6,1386,54.5,,,,,,,, 
2017-10-19 00:00:00,123.777,84.1,59.2,61.3,59.6,1678,61.5,,,,,,,, 
2017-10-20 00:00:00,123.605,81.3,58.6,52.4,73.1,5297,52.4,,,,,,,, 
2017-10-21 00:00:00,132.294,75.8,59.3,49.2,55.6,1343,49.3,,,,,,,, 
2017-10-22 00:00:00,131.189,84.8,61.0,60.2,63.0,4537,60.7,,,,,,,, 
2017-10-23 00:00:00,134.266,91.3,60.3,54.2,68.6,3168,52.8,,,,,,,, 
2017-10-24 00:00:00,137.071,89.3,59.0,50.6,73.7,3572,48.7,,,,,,,, 
2017-10-25 00:00:00,136.069,90.4,58.8,56.2,69.1,4812,55.5,,,,,,,, 
2017-10-26 00:00:00,139.073,90.7,59.1,52.9,70.3,3303,51.1,,,,,,,, 
2017-10-27 00:00:00,142.808,88.8,59.6,50.6,70.3,3652,48.8,,,,,,,, 
2017-10-28 00:00:00,142.009,85.8,60.1,48.9,76.3,3893,47.1,,,,,,,, 
2017-10-29 00:00:00,141.477,83.6,60.0,49.1,75.0,3597,48.0,,,,,,,, 
2017-10-30 00:00:00,140.570,83.2,60.1,50.3,37.9,4214,49.5,,,,,,,, 
2017-10-31 00:00:00,135.438,81.9,59.7,47.8,51.4,4425,47.5,,,,,,,, 
2017-11-01 00:00:00,125.717,82.9,60.0,54.3,54.7,3201,54.1,,,,,,,, 
2017-11-02 00:00:00,125.231,76.5,59.4,52.0,59.1,3322,52.2,,,,,,,, 
2017-11-03 00:00:00,124.870,72.8,58.9,46.7,56.9,5641,45.0,,,,,,,, 
2017-11-04 00:00:00,124.656,69.1,57.9,37.5,66.5,1957,35.7,,,,,,,, 
2017-11-05 00:00:00,124.572,69.8,57.6,35.6,26.9,1752,34.4,,,,,,,, 
2017-11-06 00:00:00,124.394,71.4,57.7,37.3,73.7,6347,35.7,,,,,,,, 
2017-11-07 00:00:00,124.002,70.6,57.3,34.2,76.9,3285,32.9,,,,,,,, 
2017-11-08 00:00:00,123.847,71.1,57.4,40.6,73.1,2320,39.8,,,,,,,, 
2017-11-09 00:00:00,123.745,71.4,57.5,41.9,89.7,1829,42.2,,,,,,,, 
2017-11-10 00:00:00,123.642,71.2,57.3,41.0,87.6,1110,40.1,,,,,,,, 
2017-11-11 00:00:00,123.456,71.3,57.4,45.0,87.7,1649,43.7,,,,,,,, 
2017-11-12 00:00:00,123.259,71.5,57.6,44.4,86.8,2361,43.1,,,,,,,, 
2017-11-13 00:00:00,122.937,76.8,58.5,45.8,81.0,1468,46.7,,,,,,,, 
2017-11-14 00:00:00,121.845,85.2,59.6,50.0,60.7,7464,48.3,,,,,,,, 
2017-11-15 00:00:00,121.009,82.5,59.9,50.9,63.8,2552,50.5,,,,,,,, 
2017-11-16 00:00:00,120.645,78.2,60.0,47.4,75.7,7078,47.5,,,,,,,, 
2017-11-17 00:00:00,120.163,75.2,61.5,46.8,64.3,7347,46.4,,,,,,,, 
2017-11-18 00:00:00,119.805,72.2,63.0,45.7,67.9,5003,44.7,,,,,,,, 
2017-11-19 00:00:00,119.600,71.2,62.7,43.2,68.7,1609,42.8,,,,,,,, 
2017-11-20 00:00:00,119.490,71.2,62.8,47.8,81.0,1869,48.7,,,,,,,, 
2017-11-21 00:00:00,119.351,70.5,61.6,41.3,89.7,954,40.3,,,,,,,, 
2017-11-22 00:00:00,119.242,68.9,61.9,46.1,89.0,1515,45.7,,,,,,,, 
2017-11-23 00:00:00,118.841,77.8,63.7,56.8,74.3,5125,57.2,,,,,,,, 
2017-11-24 00:00:00,118.200,79.1,64.2,48.8,69.2,6583,48.2,,,,,,,, 
2017-11-25 00:00:00,117.932,71.5,62.8,41.4,84.8,2541,39.4,,,,,,,, 
2017-11-26 00:00:00,117.837,69.2,63.1,45.0,86.9,1575,44.5,,,,,,,, 
2017-11-27 00:00:00,121.096,69.7,63.2,45.2,71.7,6121,44.6,,,,,,,, 
2017-11-28 00:00:00,127.641,68.0,62.4,41.9,83.0,810,41.6,,,,,,,, 
2017-11-29 00:00:00,127.535,67.5,63.5,43.4,79.5,2521,43.5,,,,,,,, 
2017-11-30 00:00:00,127.340,66.7,61.7,37.0,89.6,800,35.1,,,,,,,, 
2017-12-01 00:00:00,127.264,64.8,62.8,35.7,90.1,607,34.0,,,,,,,, 
2017-12-02 00:00:00,127.216,63.7,64.5,37.1,90.1,758,35.4,,,,,,,, 
2017-12-03 00:00:00,127.145,64.1,66.2,40.7,77.8,2761,39.8,,,,,,,, 
2017-12-04 00:00:00,126.920,63.9,65.1,36.3,77.5,4295,34.6,,,,,,,, 
2017-12-05 00:00:00,126.602,63.5,64.0,33.0,80.0,5660,31.7,,,,,,,, 
2017-12-06 00:00:00,126.386,59.4,65.4,31.9,83.4,5606,30.3,,,,,,,, 
2017-12-07 00:00:00,126.327,55.9,67.5,31.3,89.5,861,29.6,,,,,,,, 
2017-12-08 00:00:00,126.310,57.3,68.7,33.5,88.5,488,32.2,,,,,,,, 
2017-12-09 00:00:00,126.054,58.0,69.0,33.6,80.2,598,32.0,,,,,,,, 
2017-12-10 00:00:00,125.796,52.2,69.5,33.7,76.9,398,32.2,,,,,,,, 
2017-12-11 00:00:00,125.689,50.1,68.9,34.4,79.0,612,32.7,,,,,,,, 
2017-12-12 00:00:00,125.592,48.2,67.9,34.1,75.6,410,32.5,,,,,,,, 
2017-12-13 00:00:00,125.497,50.9,67.7,34.3,79.6,600,32.9,,,,,,,, 
2017-12-14 00:00:00,125.401,51.4,67.3,35.3,79.8,653,33.7,,,,,,,, 
2017-12-15 00:00:00,125.330,50.3,67.2,33.9,86.9,673,32.6,,,,,,,, 
2017-12-16 00:00:00,125.243,48.3,66.9,34.0,90.1,918,33.0,,,,,,,, 
2017-12-17 00:00:00,125.169,49.8,67.2,36.4,89.5,491,35.8,,,,,,,, 
2017-12-18 00:00:00,124.898,67.6,70.6,50.5,72.2,1616,50.7,,,,,,,, 
2017-12-19 00:00:00,124.608,70.6,67.7,42.0,90.1,746,42.2,,,,,,,, 
2017-12-20 00:00:00,124.344,64.2,64.2,38.8,67.3,2566,38.2,,,,,,,, 
2017-12-21 00:00:00,124.095,54.3,63.7,32.6,79.6,1530,31.2,,,,,,,, 
2017-12-22 00:00:00,124.000,49.1,65.3,33.3,83.1,563,32.0,,,,,,,, 
2017-12-23 00:00:00,123.780,47.0,65.1,29.7,59.9,5203,28.2,,,,,,,, 
2017-12-24 00:00:00,123.470,41.2,63.0,22.1,77.7,1328,19.9,,,,,,,, 
2017-12-25 00:00:00,123.401,43.7,64.5,26.3,84.4,1752,23.9,,,,,,,, 
2017-12-26 00:00:00,123.339,49.1,66.2,29.1,76.2,2322,27.3,,,,,,,, 
2017-12-27 00:00:00,123.284,51.5,65.3,29.0,77.4,1435,27.3,,,,,,,, 
2017-12-28 00:00:00,123.190,48.5,66.9,30.3,83.6,975,28.7,,,,,,,, 
2017-12-29 00:00:00,123.300,47.1,68.1,32.0,90.1,751,30.9,,,,,,,, 
2017-12-30 00:00:00,123.366,48.1,69.5,37.3,90.1,7749,39.2,,,,,,,, 
2017-12-31 00:00:00,123.137,45.0,67.8,29.7,84.9,5519,28.7,,,,,,,, 
2018-01-01 00:00:00,122.932,42.8,66.9,29.3,80.7,1561,28.2,,,,,,,, 
2018-01-02 00:00:00,122.806,42.0,66.8,31.9,81.4,615,30.8,,,,,,,, 
2018-01-03 00:00:00,122.674,40.0,66.7,31.8,78.7,3523,30.0,,,,,,,, 
2018-01-04 00:00:00,122.555,38.9,66.9,32.0,85.0,1216,30.7,,,,,,,, 
2018-01-05 00:00:00,122.530,41.0,67.6,35.5,87.9,1652,34.0,,,,,,,, 
2018-01-06 00:00:00,122.522,41.7,68.0,35.7,89.6,3196,34.7,,,,,,,, 
2018-01-07 00:00:00,122.510,40.1,68.2,35.4,78.8,865,34.0,,,,,,,, 
2018-01-08 00:00:00,122.511,41.6,68.6,37.4,80.5,2002,36.2,,,,,,,, 
2018-01-09 00:00:00,122.562,43.3,69.0,39.4,61.0,1435,39.1,,,,,,,, 
2018-01-10 00:00:00,122.265,46.1,69.7,43.3,75.4,3470,43.8,,,,,,,, 
2018-01-11 00:00:00,122.110,45.4,69.5,39.8,53.6,762,38.7,,,,,,,, 
2018-01-12 00:00:00,121.900,43.0,69.3,38.9,58.4,1588,37.9,,,,,,,, 
2018-01-13 00:00:00,121.511,46.3,69.8,42.5,85.7,5250,41.2,,,,,,,, 
2018-01-14 00:00:00,121.371,42.7,69.4,38.6,88.9,5526,37.1,,,,,,,, 
2018-01-15 00:00:00,150.654,43.4,69.6,39.5,90.0,531,38.0,,,,,,,, 
2018-01-16 00:00:00,244.940,47.7,69.9,42.9,78.1,5753,42.2,,,,,,,, 
2018-01-17 00:00:00,189.815,44.8,69.6,40.8,90.1,1626,39.6,,,,,,,, 
2018-01-18 00:00:00,181.312,47.2,70.3,44.5,75.6,764,44.9,,,,,,,, 
2018-01-19 00:00:00,177.611,47.2,70.3,44.4,73.9,5272,44.2,,,,,,,, 
2018-01-20 00:00:00,126.407,47.7,70.4,44.9,70.9,3807,44.5,,,,,,,, 
2018-01-21 00:00:00,125.578,44.7,72.8,41.7,84.8,956,41.7,,,,,,,, 
2018-01-22 00:00:00,123.196,46.7,76.6,44.3,84.8,5994,44.3,,,,,,,, 
2018-01-23 00:00:00,123.269,42.0,75.7,38.2,91.2,1006,36.7,,,,,,,, 
2018-01-24 00:00:00,123.366,44.8,76.7,43.8,82.4,847,44.1,,,,,,,, 
2018-01-25 00:00:00,123.371,45.0,76.6,42.1,85.1,2199,42.4,,,,,,,, 
2018-01-26 00:00:00,123.205,45.1,76.8,44.7,71.6,1709,44.8,,,,,,,, 
2018-01-27 00:00:00,123.019,48.0,77.4,47.2,81.0,1632,47.6,,,,,,,, 
2018-01-28 00:00:00,123.041,49.2,77.6,46.6,93.5,886,45.7,,,,,,,, 
2018-01-29 00:00:00,123.098,47.9,77.4,45.5,98.5,1174,44.9,,,,,,,, 
2018-01-30 00:00:00,122.904,50.7,77.4,47.6,71.1,7920,47.2,,,,,,,, 
2018-01-31 00:00:00,122.430,45.0,76.1,42.1,80.2,2401,41.4,,,,,,,, 
2018-02-01 00:00:00,122.125,44.3,76.2,42.7,85.3,2419,42.4,,,,,,,, 
2018-02-02 00:00:00,122.159,48.2,77.3,46.7,71.6,3697,47.8,,,,,,,, 
2018-02-03 00:00:00,121.944,55.9,78.7,55.5,81.6,2169,56.2,,,,,,,, 
2018-02-04 00:00:00,121.602,59.6,78.8,57.2,78.8,1354,58.1,,,,,,,, 
2018-02-05 00:00:00,121.502,56.4,77.4,52.4,69.8,3352,52.7,,,,,,,, 
2018-02-06 00:00:00,112.074,51.0,76.0,47.4,79.8,4753,46.4,,,,,,,, 
2018-02-07 00:00:00,101.719,52.7,76.4,50.7,81.4,832,51.2,,,,,,,, 
2018-02-08 00:00:00,121.714,59.1,76.6,57.4,65.9,3270,58.0,,,,,,,, 
2018-02-09 00:00:00,137.635,49.4,72.9,45.6,60.6,3348,44.7,,,,,,,, 
2018-02-10 00:00:00,137.333,41.7,70.7,39.9,57.8,4263,38.4,,,,,,,, 
2018-02-11 00:00:00,135.275,38.8,71.2,37.2,73.2,2314,35.8,,,,,,,, 
2018-02-12 00:00:00,138.290,37.1,69.7,34.0,58.2,3890,32.8,,,,,,,, 
2018-02-13 00:00:00,129.348,37.1,69.1,36.2,63.2,3507,34.9,,,,,,,, 
2018-02-14 00:00:00,108.124,42.8,71.7,40.6,86.0,3654,39.4,,,,,,,, 
2018-02-15 00:00:00,108.117,42.6,71.9,41.9,73.1,3721,41.6,,,,,,,, 
2018-02-16 00:00:00,107.753,47.6,72.8,46.7,76.2,3804,46.3,,,,,,,, 
2018-02-17 00:00:00,106.753,51.7,72.9,50.3,71.3,2772,50.4,,,,,,,, 
2018-02-18 00:00:00,105.242,43.0,69.4,37.8,71.9,2771,36.9,,,,,,,, 
2018-02-19 00:00:00,102.524,31.2,65.5,29.2,51.6,4688,28.2,,,,,,,, 
2018-02-20 00:00:00,102.542,29.9,65.8,28.9,69.4,4647,26.9,,,,,,,, 
2018-02-21 00:00:00,102.534,30.4,66.6,28.8,66.2,5330,27.2,,,,,,,, 
2018-02-22 00:00:00,102.412,31.8,67.1,30.2,65.7,4843,28.1,,,,,,,, 
2018-02-23 00:00:00,102.367,29.8,66.3,29.5,71.1,4733,27.9,,,,,,,, 
2018-02-24 00:00:00,102.465,37.8,69.9,38.8,76.2,3814,38.7,,,,,,,, 
2018-02-25 00:00:00,104.847,44.1,71.0,44.8,66.8,4093,44.2,,,,,,,, 
2018-02-26 00:00:00,104.964,41.2,68.4,39.6,60.4,6061,39.2,,,,,,,, 
2018-02-27 00:00:00,104.853,40.6,69.2,40.8,73.4,3201,40.4,,,,,,,, 
2018-02-28 00:00:00,104.888,45.4,70.9,45.6,72.5,4089,45.2,,,,,,,, 
2018-03-01 00:00:00,105.244,47.2,71.5,43.9,87.8,1760,42.9,,,,,,,, 
2018-03-02 00:00:00,105.121,43.4,71.1,43.4,75.8,3876,42.1,,,,,,,, 
2018-03-03 00:00:00,106.637,41.4,69.6,39.7,74.8,6916,37.5,,,,,,,, 
2018-03-04 00:00:00,107.281,41.9,69.9,41.8,72.1,9810,40.8,,,,,,,, 
2018-03-05 00:00:00,106.566,47.5,70.0,46.7,61.9,9230,44.5,,,,,,,, 
2018-03-06 00:00:00,103.677,42.7,67.6,40.7,67.2,8166,39.4,,,,,,,, 
2018-03-07 00:00:00,103.629,41.4,67.5,41.4,68.1,8002,40.1,,,,,,,, 
2018-03-08 00:00:00,103.151,46.4,70.1,46.8,81.3,5038,46.5,,,,,,,, 
2018-03-09 00:00:00,102.902,52.7,70.1,51.1,58.5,8732,50.7,,,,,,,, 
2018-03-10 00:00:00,103.969,46.2,67.1,45.2,65.2,7890,43.8,,,,,,,, 
2018-03-11 00:00:00,103.636,50.1,67.0,50.2,55.9,11478,49.6,,,,,,,, 
2018-03-12 00:00:00,104.624,50.7,66.9,50.5,64.2,14531,49.2,,,,,,,, 
2018-03-13 00:00:00,102.120,52.6,67.6,51.6,69.5,3441,50.5,,,,,,,, 
2018-03-14 00:00:00,101.278,54.1,69.4,51.4,81.5,6265,51.0,,,,,,,, 
2018-03-15 00:00:00,101.582,49.2,66.8,47.6,65.9,5486,46.7,,,,,,,, 
2018-03-16 00:00:00,101.302,46.7,67.0,45.6,77.9,5500,44.2,,,,,,,, 
2018-03-17 00:00:00,100.927,49.2,68.4,48.5,79.5,5371,46.7,,,,,,,, 
2018-03-18 00:00:00,101.607,52.5,67.6,50.8,61.8,11192,49.7,,,,,,,, 
2018-03-19 00:00:00,101.496,51.8,65.9,50.3,59.3,12082,48.6,,,,,,,, 
2018-03-20 00:00:00,102.440,49.4,64.5,48.3,62.0,15622,47.1,,,,,,,, 
2018-03-21 00:00:00,103.548,49.0,65.5,48.1,73.9,4221,46.3,,,,,,,, 
2018-03-22 00:00:00,103.478,50.2,68.0,48.2,80.4,3165,47.0,,,,,,,, 
2018-03-23 00:00:00,103.140,46.3,65.7,45.7,70.4,8909,43.3,,,,,,,, 
2018-03-24 00:00:00,102.651,48.8,66.4,48.4,65.5,9569,46.7,,,,,,,, 
2018-03-25 00:00:00,101.885,46.1,65.0,46.3,70.6,8692,44.2,,,,,,,, 
2018-03-30 00:00:00,,,,,,0,46.4,,,,,,,, 
2018-04-02 00:00:00,-0.980,68.1,37.1,68.9,35.4,3,49.4,,,,,,,, 
2018-04-03 00:00:00,-0.721,67.1,32.0,68.1,31.9,34,45.1,,,,,,,, 
2018-04-04 00:00:00,-0.696,66.7,33.5,67.2,33.0,14,50.1,,,,,,,, 
2018-04-05 00:00:00,-0.687,65.0,35.5,66.0,34.4,11,50.2,,,,,,,, 
2018-04-06 00:00:00,-0.689,65.2,36.4,66.5,35.1,22,55.3,,,,,,,, 
2018-04-07 00:00:00,-0.688,65.1,37.0,66.2,35.7,11,53.1,,,,,,,, 
2018-04-08 00:00:00,-0.692,65.1,36.3,66.3,34.9,16,55.3,,,,,,,, 
2018-04-09 00:00:00,-0.714,68.0,36.0,68.0,35.7,37,54.6,,,,,,,, 
2018-04-10 00:00:00,-3.185,69.2,35.8,68.4,36.3,25,52.1,,,,,,,, 
2018-04-11 00:00:00,81.578,82.5,58.7,53.1,67.4,1359,55.6,,,,,,,, 
2018-04-12 00:00:00,103.428,75.1,72.5,48.9,67.7,909,50.5,,,,,,,, 
2018-04-13 00:00:00,102.917,68.9,91.4,49.2,66.9,415,51.7,,,,,,,, 
2018-04-14 00:00:00,105.770,73.0,88.4,57.0,55.5,814,58.7,,,,,,,, 
2018-04-15 00:00:00,107.692,72.0,87.7,53.8,74.4,993,55.2,,,,,,,, 
2018-04-16 00:00:00,108.482,69.0,88.7,48.5,67.0,584,50.5,,,,,,,, 
2018-04-17 00:00:00,105.800,70.6,89.5,51.6,51.3,810,52.3,,,,,,,, 
2018-04-18 00:00:00,103.604,71.3,89.1,51.0,57.1,982,52.6,,,,,,,, 
2018-04-19 00:00:00,102.099,73.6,81.7,55.5,45.6,1152,58.7,,,,,,,, 
2018-04-20 00:00:00,100.876,76.4,73.3,58.2,48.1,1205,53.3,,,,,,,, 
2018-04-21 00:00:00,108.034,81.2,54.7,59.4,33.7,1329,59.3,,,,,,,, 
2018-04-22 00:00:00,112.616,82.7,57.2,51.1,49.5,1105,52.8,,,,,,,, 
2018-04-23 00:00:00,112.360,82.9,57.0,53.4,45.1,1245,55.9,,,,,,,, 
2018-04-24 00:00:00,112.488,84.3,55.0,57.0,50.6,1400,59.7,,,,,,,, 
2018-04-25 00:00:00,113.814,85.9,52.8,65.6,42.7,44,66.1,,,,,,,, 
2018-04-26 00:00:00,113.641,85.4,54.9,62.6,52.9,1154,65.8,,,,,,,, 
2018-04-27 00:00:00,114.699,86.1,53.9,64.5,53.8,1093,67.3,,,,,,,, 
2018-04-28 00:00:00,115.695,83.5,58.7,57.2,63.6,867,58.8,,,,,,,, 
2018-04-29 00:00:00,116.154,85.0,56.1,59.4,49.5,1052,60.8,,,,,,,, 
2018-04-30 00:00:00,116.474,84.4,56.0,58.3,51.1,1024,59.9,,,,,,,, 
2018-05-01 00:00:00,116.940,84.6,57.3,59.0,51.1,880,60.8,,,,,,,, 
2018-05-02 00:00:00,117.376,85.5,57.0,61.9,51.5,1129,60.8,,,,,,,, 
2018-05-03 00:00:00,117.880,87.1,53.7,66.2,51.8,1273,68.7,,,,,,,, 
2018-05-04 00:00:00,118.617,88.7,48.0,71.2,41.4,1406,72.8,,,,,,,, 
2018-05-05 00:00:00,119.717,87.6,53.4,66.7,53.2,763,68.0,,,,,,,, 
2018-05-06 00:00:00,121.316,85.9,58.7,63.6,72.5,893,58.4,,,,,,,, 
2018-05-07 00:00:00,123.889,85.5,58.5,67.0,70.9,1038,40.1,,,,,,,, 
2018-05-08 00:00:00,125.933,85.0,55.3,68.1,69.9,1303,12.9,,,,,,,, 
2018-05-09 00:00:00,128.370,83.4,53.3,64.7,65.2,584,26.5,,,,,,,, 
2018-05-10 00:00:00,130.052,83.5,49.9,61.1,53.9,864,-8.4,,,,,,,, 
2018-05-11 00:00:00,131.778,83.0,56.2,57.7,74.4,753,-3.1,,,,,,,, 
2018-05-12 00:00:00,134.882,84.0,52.1,64.6,63.6,1183,-5.1,,,,,,,, 
2018-05-13 00:00:00,139.430,85.4,48.7,68.0,57.6,1100,-12.5,,,,,,,, 
2018-05-14 00:00:00,145.403,86.5,47.0,70.9,56.7,1084,4.3,,,,,,,, 
2018-05-15 00:00:00,152.321,87.0,47.3,71.8,56.2,1105,5.5,,,,,,,, 
2018-05-16 00:00:00,158.024,87.4,49.0,69.3,60.4,722,-26.3,,,,,,,, 
2018-05-17 00:00:00,161.880,89.1,48.4,68.1,60.5,906,51.0,,,,,,,, 
2018-05-18 00:00:00,166.556,91.1,49.8,66.6,64.8,1059,-22.3,,,,,,,, 
2018-05-19 00:00:00,170.306,92.6,54.9,66.4,64.0,1231,4.9,,,,,,,, 
2018-05-20 00:00:00,174.803,92.6,58.5,66.9,63.6,783,-32.2,,,,,,,, 
2018-05-21 00:00:00,177.813,91.9,58.5,69.3,55.7,969,8.0,,,,,,,, 
2018-05-22 00:00:00,180.025,91.9,56.3,72.5,57.6,1156,75.2,,,,,,,, 
2018-05-23 00:00:00,182.046,92.2,55.1,75.1,52.1,1180,77.6,,,,,,,, 
2018-05-24 00:00:00,184.351,92.3,55.5,76.1,49.8,1194,78.1,,,,,,,, 
2018-05-25 00:00:00,179.824,88.8,52.3,67.9,58.7,504,69.5,,,,,,,, 
2018-05-26 00:00:00,170.411,86.8,50.4,68.7,47.8,1073,69.5,,,,,,,, 
2018-05-27 00:00:00,171.260,86.2,50.4,67.4,50.5,1050,68.9,,,,,,,, 
2018-05-28 00:00:00,172.592,87.0,45.5,72.3,48.3,1081,74.5,,,,,,,, 
2018-05-29 00:00:00,173.640,86.2,48.5,65.6,45.1,1152,66.6,,,,,,,, 
2018-05-30 00:00:00,174.300,85.1,53.1,61.7,44.4,1066,63.1,,,,,,,, 
2018-05-31 00:00:00,175.164,83.5,56.5,60.7,57.0,629,60.9,,,,,,,, 
2018-06-01 00:00:00,175.771,84.3,53.6,64.0,43.5,1079,65.7,,,,,,,, 
2018-06-02 00:00:00,177.126,85.9,51.0,67.3,49.7,953,69.1,,,,,,,, 
2018-06-03 00:00:00,180.049,87.1,45.7,71.8,51.2,1212,72.8,,,,,,,, 
2018-06-04 00:00:00,182.714,86.9,46.1,68.4,42.5,1059,69.1,,,,,,,, 
2018-06-05 00:00:00,184.437,86.7,44.1,66.9,41.5,1056,68.6,,,,,,,, 
2018-06-06 00:00:00,186.642,87.0,45.9,66.8,52.0,1135,68.5,,,,,,,, 
2018-06-07 00:00:00,189.492,87.2,42.9,71.4,50.5,1046,73.2,,,,,,,, 
2018-06-08 00:00:00,193.673,87.5,41.2,73.1,41.5,1190,75.1,,,,,,,, 
2018-06-09 00:00:00,196.261,85.3,49.2,60.2,68.3,575,61.1,,,,,,,, 
2018-06-10 00:00:00,197.019,84.6,44.8,60.4,50.3,1089,60.2,,,,,,,, 
2018-06-11 00:00:00,198.219,85.9,44.2,62.2,48.3,1318,62.8,,,,,,,, 
2018-06-12 00:00:00,-5.033,74.2,33.7,72.9,34.0,39,70.4,,,,,,,, 
2018-06-13 00:00:00,40.704,76.8,31.3,72.6,32.7,363,72.7,,,,,,,, 
2018-06-14 00:00:00,33.523,74.7,34.9,67.9,38.1,15,67.0,,,,,,,, 
2018-06-15 00:00:00,201.082,89.1,50.4,66.5,49.2,1048,67.6,,,,,,,, 
2018-06-16 00:00:00,202.234,87.7,52.6,65.0,66.1,727,67.4,,,,,,,, 
2018-06-17 00:00:00,203.361,89.1,50.9,70.8,57.1,1219,72.1,,,,,,,, 
2018-06-18 00:00:00,204.288,88.2,54.7,67.1,68.9,481,68.1,,,,,,,, 
2018-06-19 00:00:00,205.621,88.6,54.5,72.1,66.5,934,73.7,,,,,,,, 
2018-06-20 00:00:00,206.830,89.0,49.6,76.0,57.9,1114,77.6,,,,,,,, 
2018-06-21 00:00:00,207.611,90.0,46.9,80.5,46.6,1098,82.0,,,,,,,, 
2018-06-22 00:00:00,208.577,89.4,44.2,76.7,42.8,1249,78.0,,,,,,,, 
2018-06-23 00:00:00,209.732,88.8,47.2,74.1,45.6,1100,75.9,,,,,,,, 
2018-06-24 00:00:00,210.855,88.0,47.6,76.0,53.9,1074,78.2,,,,,,,, 
2018-06-25 00:00:00,211.432,88.2,45.9,74.8,40.5,929,74.9,,,,,,,, 
2018-06-26 00:00:00,211.854,86.6,48.5,67.5,42.6,1054,68.6,,,,,,,, 
2018-06-27 00:00:00,210.512,86.4,49.7,69.3,45.6,1052,71.1,,,,,,,, 
2018-06-28 00:00:00,200.009,87.7,47.5,71.2,42.1,889,71.7,,,,,,,, 
2018-06-29 00:00:00,165.864,90.1,51.7,76.0,41.3,846,77.3,,,,,,,, 
2018-06-30 00:00:00,132.890,88.9,49.5,73.6,48.1,1178,74.2,,,,,,,, 
2018-07-01 00:00:00,115.108,87.1,48.3,73.1,46.2,1087,74.2,,,,,,,, 
2018-07-02 00:00:00,114.779,84.4,48.8,68.5,38.9,1107,67.6,,,,,,,, 
2018-07-03 00:00:00,114.335,83.6,50.8,68.1,41.5,867,69.0,,,,,,,, 
2018-07-04 00:00:00,114.120,83.7,49.6,71.3,43.7,931,73.6,,,,,,,, 
2018-07-05 00:00:00,113.894,88.3,46.6,78.1,43.9,880,80.7,,,,,,,, 
2018-07-06 00:00:00,113.984,89.7,42.1,80.5,40.0,1110,82.1,,,,,,,, 
2018-07-07 00:00:00,114.274,88.5,41.4,75.0,38.2,955,77.2,,,,,,,, 
2018-07-08 00:00:00,114.664,87.9,45.1,74.6,47.9,969,76.4,,,,,,,, 
2018-07-09 00:00:00,105.402,86.3,56.2,78.6,44.6,938,80.4,,,,,,,, 
2018-07-10 00:00:00,103.019,86.0,73.6,76.1,41.9,949,75.6,,,,,,,, 
2018-07-11 00:00:00,105.611,84.2,72.2,74.8,46.7,935,76.5,,,,,,,, 
2018-07-12 00:00:00,102.944,86.1,53.8,78.7,49.7,916,80.0,,,,,,,, 
2018-07-13 00:00:00,102.096,89.8,46.5,83.5,42.8,938,87.6,,,,,,,, 
2018-07-14 00:00:00,101.342,87.9,44.9,81.1,37.1,908,83.9,,,,,,,, 
2018-07-15 00:00:00,100.944,86.0,47.9,77.5,43.9,942,80.1,,,,,,,, 
2018-07-16 00:00:00,100.930,87.2,48.7,79.8,46.0,1015,82.0,,,,,,,, 
2018-07-17 00:00:00,101.022,90.1,42.0,84.9,36.0,926,87.8,,,,,,,, 
2018-07-18 00:00:00,100.960,89.6,42.2,84.3,32.9,946,86.1,,,,,,,, 
2018-07-19 00:00:00,104.595,87.8,51.2,79.2,43.4,829,80.9,,,,,,,, 
2018-07-20 00:00:00,105.960,84.4,58.8,73.3,39.6,942,76.4,,,,,,,, 
2018-07-21 00:00:00,105.273,83.8,56.1,72.5,39.3,928,74.9,,,,,,,, 
2018-07-22 00:00:00,104.775,84.2,55.1,74.4,46.3,947,77.2,,,,,,,, 
2018-07-23 00:00:00,104.447,85.4,52.7,76.9,46.9,988,79.3,,,,,,,, 
2018-07-24 00:00:00,104.207,87.1,51.0,79.6,45.8,934,81.4,,,,,,,, 
2018-07-25 00:00:00,103.756,87.7,50.0,80.8,44.4,923,83.3,,,,,,,, 
2018-07-26 00:00:00,103.404,87.9,49.1,81.2,44.3,878,83.8,,,,,,,, 
2018-07-27 00:00:00,102.976,87.7,52.0,80.9,47.6,763,83.1,,,,,,,, 
2018-07-28 00:00:00,102.790,87.8,53.9,80.8,50.7,823,82.7,,,,,,,, 
2018-07-29 00:00:00,102.530,88.1,52.4,81.5,47.5,853,84.3,,,,,,,, 
2018-07-30 00:00:00,102.240,88.2,50.4,82.0,46.2,918,84.9,,,,,,,, 
2018-07-31 00:00:00,102.001,88.9,48.8,83.2,41.8,756,86.3,,,,,,,, 
2018-08-01 00:00:00,101.640,89.5,44.5,84.1,33.9,838,88.0,,,,,,,, 
2018-08-02 00:00:00,101.224,87.0,49.0,79.3,39.3,791,81.6,,,,,,,, 
2018-08-03 00:00:00,100.712,83.5,56.4,73.7,46.8,792,75.2,,,,,,,, 
2018-08-04 00:00:00,100.100,82.5,59.0,72.1,53.6,792,74.1,,,,,,,, 
2018-08-05 00:00:00,102.657,83.8,66.8,75.0,53.4,819,76.7,,,,,,,, 
2018-08-06 00:00:00,105.616,84.0,71.3,76.8,51.1,858,78.4,,,,,,,, 
2018-08-07 00:00:00,106.318,84.2,67.3,77.4,51.4,809,79.8,,,,,,,, 
2018-08-08 00:00:00,110.118,86.2,66.7,80.2,51.3,800,82.8,,,,,,,, 
2018-08-09 00:00:00,108.420,87.2,62.6,79.6,57.9,784,84.4,,,,,,,, 
2018-08-10 00:00:00,107.217,89.0,52.8,83.8,49.4,804,87.2,,,,,,,, 
2018-08-11 00:00:00,106.405,86.6,51.7,78.9,41.7,681,80.2,,,,,,,, 
2018-08-12 00:00:00,105.687,81.6,60.7,70.6,54.8,773,71.7,,,,,,,, 
2018-08-13 00:00:00,107.720,77.4,70.1,66.0,66.0,894,67.3,,,,,,,, 
2018-08-14 00:00:00,113.207,82.5,68.9,75.0,51.9,978,77.5,,,,,,,, 
2018-08-15 00:00:00,111.981,81.7,72.0,72.8,56.3,705,75.2,,,,,,,, 
2018-08-16 00:00:00,110.430,86.3,58.0,78.9,55.3,669,81.9,,,,,,,, 
2018-08-17 00:00:00,109.425,87.9,50.6,79.7,43.0,669,82.1,,,,,,,, 
2018-08-18 00:00:00,108.799,84.1,56.1,74.3,51.7,754,76.7,,,,,,,, 
2018-08-19 00:00:00,108.209,82.5,58.1,72.7,52.8,606,74.9,,,,,,,, 
2018-08-20 00:00:00,107.541,81.9,60.0,71.6,54.8,527,74.1,,,,,,,, 
2018-08-21 00:00:00,106.813,82.0,57.8,72.5,46.4,719,75.5,,,,,,,, 
2018-08-22 00:00:00,106.340,82.8,60.9,72.8,53.8,690,75.3,,,,,,,, 
2018-08-23 00:00:00,105.879,83.7,59.6,74.5,51.3,626,77.2,,,,,,,, 
2018-08-24 00:00:00,105.270,81.0,61.4,67.7,52.6,764,70.5,,,,,,,, 
2018-08-25 00:00:00,104.591,79.1,66.1,65.4,59.2,746,66.9,,,,,,,, 
2018-08-26 00:00:00,103.732,79.2,66.8,65.7,58.2,426,66.9,,,,,,,, 
2018-08-27 00:00:00,102.847,79.9,65.2,66.8,58.5,546,68.8,,,,,,,, 
2018-08-28 00:00:00,102.122,79.4,66.2,65.5,62.2,670,67.8,,,,,,,, 
2018-08-29 00:00:00,101.283,82.8,61.9,71.2,50.3,646,74.1,,,,,,,, 
2018-08-30 00:00:00,100.500,84.1,61.2,72.3,46.4,646,74.7,,,,,,,, 
2018-08-31 00:00:00,99.994,82.5,62.7,70.0,49.5,626,72.8,,,,,,,, 
2018-09-01 00:00:00,99.523,80.3,64.5,66.4,54.8,551,68.4,,,,,,,, 
2018-09-02 00:00:00,98.984,79.9,64.7,66.5,54.2,570,68.9,,,,,,,, 
2018-09-03 00:00:00,98.544,81.2,65.3,68.3,56.9,541,71.0,,,,,,,, 
2018-09-04 00:00:00,97.983,79.6,59.7,66.9,43.7,570,70.3,,,,,,,, 
2018-09-05 00:00:00,91.385,78.8,65.8,63.9,53.3,487,66.0,,,,,,,, 
2018-09-06 00:00:00,80.031,79.1,67.8,67.3,53.6,551,69.9,,,,,,,, 
2018-09-07 00:00:00,79.037,81.7,69.7,73.2,52.3,511,76.0,,,,,,,, 
2018-09-08 00:00:00,78.264,80.0,69.8,70.0,54.4,526,72.6,,,,,,,, 
2018-09-09 00:00:00,77.188,78.4,66.6,68.2,51.2,523,70.5,,,,,,,, 
2018-09-10 00:00:00,76.097,78.8,63.3,68.9,47.1,571,70.4,,,,,,,, 
2018-09-11 00:00:00,75.138,76.2,62.5,64.1,55.8,357,66.0,,,,,,,, 
2018-09-12 00:00:00,77.736,76.8,60.8,62.9,58.1,475,65.6,,,,,,,, 
2018-09-13 00:00:00,82.530,75.7,59.6,62.1,57.2,442,65.2,,,,,,,, 
2018-09-14 00:00:00,81.488,74.9,59.3,60.8,62.1,547,63.2,,,,,,,, 
2018-09-15 00:00:00,80.573,76.1,54.7,64.1,50.3,568,66.9,,,,,,,, 
2018-09-16 00:00:00,79.813,75.3,52.9,62.7,53.5,596,65.6,,,,,,,, 
2018-09-17 00:00:00,79.229,71.9,52.5,57.5,63.1,576,58.9,,,,,,,, 
2018-09-18 00:00:00,72.931,71.7,51.3,57.4,61.5,463,59.0,,,,,,,, 
2018-09-19 00:00:00,61.106,74.9,48.8,58.3,61.2,477,60.0,,,,,,,, 
2018-09-20 00:00:00,60.756,76.5,48.1,60.7,60.7,503,63.1,,,,,,,, 
2018-09-21 00:00:00,60.423,77.0,50.3,63.4,61.9,661,65.6,,,,,,,, 
2018-09-22 00:00:00,60.110,79.0,47.6,66.2,54.3,454,68.6,,,,,,,, 
2018-09-23 00:00:00,59.904,73.1,46.2,59.3,53.5,555,61.1,,,,,,,, 
2018-09-24 00:00:00,59.641,70.8,48.7,57.4,61.1,490,59.6,,,,,,,, 
2018-09-25 00:00:00,59.446,69.9,52.5,57.9,66.0,511,60.0,,,,,,,, 
2018-09-26 00:00:00,59.283,68.5,54.0,58.2,63.9,471,60.1,,,,,,,, 
2018-09-27 00:00:00,59.146,65.0,56.9,52.6,79.0,607,53.3,,,,,,,, 
2018-09-28 00:00:00,58.265,72.5,48.7,64.1,50.1,593,67.1,,,,,,,, 
2018-09-29 00:00:00,58.109,69.4,46.3,60.1,50.1,495,62.2,,,,,,,, 
2018-09-30 00:00:00,57.992,65.1,46.8,55.1,52.3,318,56.9,,,,,,,, 
2018-10-01 00:00:00,56.587,67.9,53.7,60.4,61.4,540,62.1,,,,,,,, 
2018-10-02 00:00:00,53.969,71.2,51.2,63.6,54.4,279,66.1,,,,,,,, 
2018-10-03 00:00:00,54.261,59.4,46.4,50.0,52.2,582,51.6,,,,,,,, 
2018-10-04 00:00:00,54.037,58.5,51.7,51.8,58.7,393,53.3,,,,,,,, 
2018-10-05 00:00:00,54.029,56.4,60.1,49.1,79.0,321,50.2,,,,,,,, 
2018-10-06 00:00:00,54.947,57.3,68.0,50.4,84.8,350,53.3,,,,,,,, 
2018-10-07 00:00:00,55.065,57.7,66.6,50.9,79.8,542,52.4,,,,,,,, 
2018-10-08 00:00:00,55.034,60.1,68.1,52.8,82.7,354,54.6,,,,,,,, 
2018-10-09 00:00:00,55.110,58.1,70.5,52.0,70.5,266,54.8,,,,,,,, 
2018-10-10 00:00:00,60.340,56.4,72.3,50.0,73.3,434,51.7,,,,,,,, 
2018-10-11 00:00:00,72.606,51.4,91.8,48.7,80.8,596,50.0,,,,,,,, 
2018-10-12 00:00:00,72.117,54.3,91.4,53.7,69.0,587,56.6,,,,,,,, 
2018-10-13 00:00:00,72.267,54.6,82.6,53.5,49.7,629,56.2,,,,,,,, 
2018-10-14 00:00:00,72.304,47.0,91.1,45.2,69.9,627,46.1,,,,,,,, 
2018-10-15 00:00:00,70.591,48.7,84.4,46.4,73.3,745,10.9,,,,,,,, 
2018-10-16 00:00:00,61.144,51.4,67.3,46.8,73.5,585,21.2,,,,,,,, 
2018-10-17 00:00:00,54.961,51.3,70.5,46.8,78.4,579,-14.0,,,,,,,, 
2018-10-18 00:00:00,51.532,62.9,63.7,47.0,83.8,560,47.9,,,,,,,, 
2018-10-19 00:00:00,51.301,62.8,64.1,47.4,83.0,612,48.4,,,,,,,, 
2018-10-20 00:00:00,51.812,63.1,66.8,46.2,85.2,509,47.8,,,,,,,, 
2018-10-21 00:00:00,53.171,64.7,68.3,47.9,84.3,411,49.5,,,,,,,, 
2018-10-22 00:00:00,52.996,64.8,66.7,47.3,85.0,376,48.8,,,,,,,, 
2018-10-23 00:00:00,52.676,66.5,66.7,50.1,84.0,424,51.5,,,,,,,, 
2018-10-24 00:00:00,52.363,69.3,65.0,54.6,76.2,309,56.8,,,,,,,, 
2018-10-25 00:00:00,52.215,68.5,68.4,52.2,89.1,172,54.2,,,,,,,, 
2018-10-26 00:00:00,52.167,70.3,72.5,57.3,86.3,161,59.9,,,,,,,, 
2018-10-27 00:00:00,52.323,71.1,64.8,53.3,83.6,447,55.8,,,,,,,, 
2018-10-28 00:00:00,52.001,70.4,60.5,53.3,80.1,214,55.7,,,,,,,, 
2018-10-29 00:00:00,51.695,68.6,57.7,51.8,74.4,327,54.2,,,,,,,, 
2018-10-30 00:00:00,51.447,65.8,58.2,48.2,78.7,270,50.4,,,,,,,, 
2018-10-31 00:00:00,51.268,66.5,63.0,52.3,89.2,127,55.3,,,,,,,, 
2018-11-01 00:00:00,50.860,71.3,62.2,59.2,79.4,95,62.6,,,,,,,, 
2018-11-02 00:00:00,50.387,72.3,51.1,60.2,58.6,264,63.5,,,,,,,, 
2018-11-03 00:00:00,50.199,70.3,53.9,55.2,68.4,240,57.9,,,,,,,, 
2018-11-04 00:00:00,50.203,69.3,52.4,55.9,62.6,240,58.8,,,,,,,, 
2018-11-05 00:00:00,50.190,66.6,54.2,50.4,69.1,263,53.2,,,,,,,, 
2018-11-06 00:00:00,50.039,64.7,53.2,49.0,65.4,265,51.5,,,,,,,, 
2018-11-07 00:00:00,49.920,60.6,54.6,43.3,73.3,328,45.1,,,,,,,, 
2018-11-08 00:00:00,49.690,54.4,53.7,36.8,76.0,276,38.2,,,,,,,, 
2018-11-09 00:00:00,49.621,49.7,58.8,31.2,89.9,177,32.0,,,,,,,, 
2018-11-10 00:00:00,49.566,47.7,63.1,33.1,89.0,226,35.0,,,,,,,, 
2018-11-11 00:00:00,49.497,44.2,63.5,28.3,95.1,97,29.4,,,,,,,, 
2018-11-12 00:00:00,49.441,45.1,65.0,31.0,93.6,114,32.5,,,,,,,, 
2018-11-13 00:00:00,49.683,45.6,69.1,32.0,95.0,74,33.5,,,,,,,, 
2018-11-14 00:00:00,49.849,48.4,72.2,36.1,86.9,290,37.5,,,,,,,, 
2018-11-15 00:00:00,49.746,47.9,72.4,34.8,92.8,260,36.4,,,,,,,, 
2018-11-16 00:00:00,49.567,55.1,69.5,43.1,77.4,267,46.0,,,,,,,, 
2018-11-17 00:00:00,49.371,53.0,61.1,36.7,79.3,355,38.8,,,,,,,, 
2018-11-18 00:00:00,49.317,46.3,65.3,30.2,92.3,355,31.8,,,,,,,, 