2017-06-18 00:00:00,0.061,72.9,46.2,73.3,47.3,0,66.2,,,,,,,, 
2017-06-19 00:00:00,0.064,74.3,45.1,74.8,46.0,491,73.3,,,,,,,, 
2017-06-20 00:00:00,0.066,74.4,43.7,74.9,44.6,485,78.0,,,,,,,, 
2017-06-21 00:00:00,0.051,73.4,42.9,74.0,43.5,509,81.1,,,,,,,, 
2017-06-22 00:00:00,0.042,73.0,43.4,73.5,44.1,501,78.5,,,,,,,, 
2017-06-23 00:00:00,0.039,73.4,46.0,73.9,46.7,316,74.7,,,,,,,, 
2017-06-24 00:00:00,0.029,72.8,44.6,73.3,45.5,507,68.1,,,,,,,, 
2017-06-25 00:00:00,0.028,72.5,43.6,73.0,44.5,524,66.5,,,,,,,, 
2017-06-26 00:00:00,0.017,70.9,44.5,71.1,45.6,88,59.1,,,,,,,, 
2017-06-27 00:00:00,0.026,72.9,43.8,72.3,45.7,57,68.3,,,,,,,, 
2017-06-28 00:00:00,0.056,73.8,44.1,73.9,45.6,63,78.6,,,,,,,, 
2017-06-29 00:00:00,0.049,72.8,47.2,73.1,48.4,22,71.3,,,,,,,, 
2017-06-30 00:00:00,0.094,74.4,47.8,74.5,49.0,74,72.3,,,,,,,, 
2017-07-01 00:00:00,131.967,101.5,36.4,97.0,55.4,2769,80.0,,,,,,,, 
2017-07-02 00:00:00,134.922,82.8,68.9,98.6,54.3,1050,77.2,,,,,,,, 
2017-07-03 00:00:00,134.422,85.4,69.5,94.1,65.7,650,79.1,,,,,,,, 
2017-07-04 00:00:00,134.398,83.3,86.0,86.2,75.2,419,73.2,,,,,,,, 
2017-07-05 00:00:00,133.794,93.2,69.5,81.4,71.2,1204,74.4,,,,,,,, 
2017-07-06 00:00:00,134.233,96.5,57.3,83.7,63.0,1216,82.0,,,,,,,, 
2017-08-16 00:00:00,3.208,86.5,72.4,86.1,99.9,,76.3,,,,,,,, 
2017-08-17 00:00:00,2.747,81.5,56.5,81.3,93.4,,70.9,,,,,,,, 
2017-08-18 00:00:00,2.750,80.3,62.6,79.9,98.7,,73.6,,,,,,,, 
2017-08-19 00:00:00,2.919,82.4,65.6,82.0,96.9,,78.0,,,,,,,, 
2017-08-20 00:00:00,3.550,81.2,73.4,80.9,99.9,,78.6,,,,,,,, 
2017-08-21 00:00:00,3.969,79.2,77.2,78.7,99.9,,73.6,,,,,,,, 
2017-08-22 00:00:00,5.472,78.9,75.7,78.5,99.6,,70.6,,,,,,,, 
2017-08-23 00:00:00,3.058,76.4,61.9,76.4,98.8,,67.6,,,,,,,, 
2017-08-24 00:00:00,1.686,74.5,58.3,74.2,96.7,,67.9,,,,,,,, 
2017-08-26 00:00:00,-0.764,89.3,68.9,88.6,70.9,,76.1,,,,,,,,0.93 
2017-08-27 00:00:00,4.986,72.4,85.3,71.2,69.0,,68.9,,,,,,,,0.92 
2017-08-28 00:00:00,25.850,69.5,87.6,68.7,69.0,,69.5,,,,,,,,0.92 
2017-08-29 00:00:00,25.864,67.7,85.6,66.7,69.0,,66.6,,,,,,,,0.92 
2017-08-30 00:00:00,53.404,70.2,85.8,70.4,69.0,,70.1,,,,,,,,7.70 
2017-08-31 00:00:00,65.771,71.5,91.6,70.9,69.0,,70.8,,,,,,,,10.90 
2017-09-01 00:00:00,64.141,70.2,98.9,68.1,69.0,,68.0,,,,,,,,9.86 
2017-09-02 00:00:00,58.611,73.4,88.2,70.7,69.0,,71.3,,,,,,,,9.33 
2017-09-03 00:00:00,50.432,77.0,86.3,75.4,85.6,,75.6,,,,,,,,11.57 
2017-09-04 00:00:00,45.424,76.9,81.8,74.8,94.0,,75.5,,,,,,,,11.96 
2017-09-05 00:00:00,42.619,64.5,70.2,64.7,86.3,,64.7,,,,,,,,12.58 
2017-09-06 00:00:00,56.258,70.8,58.7,60.7,87.0,,59.6,,,,,,,,12.76 
2017-09-07 00:00:00,64.873,80.0,45.9,63.3,88.2,,62.6,,,,,,,,12.77 
2017-09-08 00:00:00,64.417,83.6,49.2,70.0,89.5,,70.2,,,,,,,,12.74 
2017-09-09 00:00:00,64.189,83.9,53.3,72.8,90.3,,72.4,,,,,,,,12.72 
2017-09-10 00:00:00,58.030,80.2,57.7,72.1,90.9,,72.0,,,,,,,,12.73 
2017-09-11 00:00:00,49.131,72.2,62.4,68.6,89.3,,68.1,,,,,,,,12.78 
2017-09-12 00:00:00,48.905,70.3,59.2,64.8,90.8,,65.2,,,,,,,,12.81 
2017-09-13 00:00:00,48.863,76.0,63.5,70.4,93.3,,70.6,,,,,,,,12.78 
2017-09-14 00:00:00,48.773,78.0,57.8,72.9,85.8,,73.2,,,,,,,,12.73 
2017-09-15 00:00:00,48.713,79.9,66.2,76.1,93.9,,76.3,,,,,,,,12.76 
2017-09-16 00:00:00,48.885,80.3,74.8,75.1,94.0,,75.7,,,,,,,,12.71 
2017-09-17 00:00:00,50.268,73.7,89.1,67.3,94.0,,68.2,,,,,,,,12.60 
2017-09-18 00:00:00,51.110,74.9,90.1,66.1,94.0,,67.2,,,,,,,,12.55 
2017-09-19 00:00:00,50.969,80.0,83.4,74.6,94.0,,75.3,,,,,,,,12.73 
2017-09-20 00:00:00,50.037,83.5,86.4,79.2,94.0,,79.7,,,,,,,,12.65 
2017-09-21 00:00:00,49.670,84.7,80.4,81.0,94.0,,81.8,,,,,,,,12.67 
2017-09-22 00:00:00,50.119,83.6,75.5,79.3,94.0,,79.3,,,,,,,,12.69 
2017-09-23 00:00:00,50.275,85.3,68.8,79.4,94.0,,79.2,,,,,,,,12.68 
2017-09-24 00:00:00,50.580,87.3,71.5,79.0,93.5,,78.7,,,,,,,,12.67 
2017-09-25 00:00:00,51.071,91.8,70.8,76.6,93.7,,76.3,,,,,,,,12.68 
2017-09-26 00:00:00,51.483,88.7,66.9,66.0,94.0,,66.3,,,,,,,,12.65 
2017-09-27 00:00:00,51.145,84.2,50.4,60.1,94.0,,61.2,,,,,,,,12.64 
2017-09-28 00:00:00,52.579,87.3,54.5,63.9,93.9,,62.1,,,,,,,,12.77 
2017-09-29 00:00:00,54.472,88.5,55.3,66.4,87.6,,65.7,,,,,,,,12.71 
2017-09-30 00:00:00,54.068,86.9,48.2,66.5,84.1,,66.3,,,,,,,,12.70 
2017-10-01 00:00:00,53.624,88.5,48.6,65.6,83.1,,66.6,,,,,,,,12.67 
2017-10-02 00:00:00,53.771,91.2,63.3,74.0,94.0,,74.3,,,,,,,,12.63 
2017-10-03 00:00:00,53.713,90.4,73.7,74.5,94.0,,75.1,,,,,,,,12.56 
2017-10-04 00:00:00,55.558,91.3,65.1,62.7,94.0,,63.6,,,,,,,,12.44 
2017-10-05 00:00:00,56.527,90.5,69.8,67.0,94.0,,68.1,,,,,,,,12.43 
2017-10-06 00:00:00,55.979,87.6,69.4,70.2,94.0,,71.5,,,,,,,,12.54 
2017-10-07 00:00:00,56.163,74.6,73.3,65.5,94.0,,66.8,,,,,,,,12.68 
2017-10-08 00:00:00,57.388,86.7,59.0,66.3,87.9,,65.4,,,,,,,,12.65 
2017-10-09 00:00:00,58.613,80.2,53.4,65.7,93.7,,65.1,,,,,,,,12.67 
2017-10-10 00:00:00,58.349,68.2,60.2,48.0,94.0,,49.0,,,,,,,,12.63 
2017-10-11 00:00:00,58.573,65.8,70.6,52.1,94.0,,44.0,,,,,,,,12.83 
2017-10-12 00:00:00,58.262,77.1,56.6,55.4,94.0,,56.3,,,,,,,,12.71 
2017-10-13 00:00:00,57.778,84.9,65.7,71.0,94.0,,71.4,,,,,,,,12.61 
2017-10-14 00:00:00,57.920,83.9,79.5,71.0,94.0,,72.2,,,,,,,,12.48 
2017-10-15 00:00:00,57.797,76.3,57.9,53.1,93.3,,52.7,,,,,,,,12.83 
2017-10-16 00:00:00,56.916,83.2,57.5,54.7,82.0,,54.4,,,,,,,,12.77 
2017-10-17 00:00:00,56.263,85.5,52.5,58.0,86.7,,58.3,,,,,,,,12.75 
2017-10-18 00:00:00,55.837,85.6,47.0,61.0,85.3,,61.2,,,,,,,,12.72 
2017-10-19 00:00:00,55.500,87.1,52.9,64.9,85.0,,64.7,,,,,,,,12.69 
2017-10-20 00:00:00,55.261,85.9,49.9,62.7,94.0,,63.6,,,,,,,,12.65 
2017-10-21 00:00:00,55.324,85.7,51.5,66.3,94.0,,67.6,,,,,,,,12.51 
2017-10-22 00:00:00,57.952,76.6,48.7,53.0,93.0,,53.7,,,,,,,,12.84 
2017-10-23 00:00:00,57.976,71.7,45.2,53.7,81.4,,54.7,,,,,,,,12.79 
2017-10-24 00:00:00,56.586,64.8,31.4,49.0,62.8,,49.9,,,,,,,,12.86 
2017-10-25 00:00:00,55.963,66.3,37.5,53.0,75.0,,53.4,,,,,,,,12.84 
2017-10-26 00:00:00,55.407,68.2,42.3,55.8,79.0,,56.8,,,,,,,,12.78 
2017-10-27 00:00:00,54.801,52.8,31.0,38.5,68.7,,38.8,,,,,,,,12.95 
2017-10-28 00:00:00,54.662,49.2,33.9,36.1,77.1,,36.0,,,,,,,,12.96 
2017-10-29 00:00:00,55.361,55.2,33.3,44.7,60.9,,45.3,,,,,,,,12.84 
2017-10-30 00:00:00,56.595,60.3,31.8,45.9,60.3,,46.8,,,,,,,,12.86 
2017-10-31 00:00:00,56.220,48.2,33.3,34.2,67.5,,34.5,,,,,,,,12.79 
2017-11-01 00:00:00,56.356,53.4,60.2,41.3,93.4,,42.3,,,,,,,,12.65 
2017-11-02 00:00:00,56.788,58.4,83.5,49.5,94.0,,50.7,,,,,,,,12.56 
2017-11-03 00:00:00,56.317,59.3,51.4,44.7,94.0,,45.7,,,,,,,,12.73 
2017-11-04 00:00:00,56.131,64.2,57.3,49.7,94.0,,50.1,,,,,,,,12.62 
2017-11-05 00:00:00,55.995,63.5,55.8,47.2,94.0,,48.2,,,,,,,,12.64 
2017-11-06 00:00:00,55.565,50.7,48.4,37.1,94.0,,37.8,,,,,,,,12.91 
2017-11-07 00:00:00,55.326,52.9,44.2,38.6,94.0,,39.4,,,,,,,,12.84 
2017-11-08 00:00:00,55.059,50.9,41.4,38.9,83.6,,39.4,,,,,,,,12.86 
2017-11-09 00:00:00,54.668,48.6,41.1,37.3,84.0,,38.3,,,,,,,,12.89 
2017-11-10 00:00:00,54.324,40.6,35.0,30.2,72.1,,30.8,,,,,,,,12.96 
2017-11-11 00:00:00,54.686,48.5,57.8,40.8,93.7,,41.7,,,,,,,,12.68 
2017-11-12 00:00:00,55.525,53.7,74.2,44.5,94.0,,45.5,,,,,,,,12.64 
2017-11-13 00:00:00,56.233,49.9,80.9,44.5,94.0,,45.6,,,,,,,,12.62 
2017-11-14 00:00:00,56.441,54.0,96.6,50.2,94.0,,51.7,,,,,,,,12.58 
2017-11-15 00:00:00,56.143,57.2,65.6,51.0,93.5,,52.4,,,,,,,,12.79 
2017-11-16 00:00:00,55.466,44.2,53.1,39.7,92.9,,40.1,,,,,,,,12.86 
2017-11-17 00:00:00,55.680,60.1,85.1,56.2,94.0,,57.9,,,,,,,,12.54 
2017-11-18 00:00:00,55.837,51.7,74.4,46.1,94.0,,47.2,,,,,,,,12.78 
2017-11-19 00:00:00,51.465,43.5,50.0,40.0,82.0,,40.3,,,,,,,,12.92 
2017-11-20 00:00:00,48.556,53.2,38.7,50.8,63.1,,51.0,,,,,,,,12.95 
2017-11-21 00:00:00,48.116,47.0,37.5,42.2,62.8,,42.9,,,,,,,,12.91 
2017-11-22 00:00:00,47.874,35.5,39.6,32.1,66.6,,30.8,,,,,,,,13.08 
2017-11-23 00:00:00,48.174,51.2,41.6,46.9,70.3,,46.5,,,,,,,,12.94 
2017-11-24 00:00:00,48.365,62.0,41.2,58.6,63.6,,59.1,,,,,,,,12.87 
2017-11-25 00:00:00,48.125,52.7,47.1,49.8,72.3,,49.6,,,,,,,,12.92 
2017-11-26 00:00:00,48.030,52.7,40.7,49.9,65.8,,50.4,,,,,,,,12.84 
2017-11-27 00:00:00,48.091,56.9,51.9,55.0,87.7,,55.8,,,,,,,,12.88 
2017-11-28 00:00:00,47.973,58.1,53.1,55.7,81.6,,56.2,,,,,,,,12.71 
2017-11-29 00:00:00,47.724,50.3,32.4,47.3,41.1,,48.7,,,,,,,,12.71 
2017-11-30 00:00:00,47.697,48.3,36.7,46.3,51.0,,46.8,,,,,,,,12.93 
2017-12-01 00:00:00,47.590,46.2,40.9,43.7,68.3,,44.6,,,,,,,,12.93 
2017-12-02 00:00:00,47.686,50.9,52.1,47.9,87.6,,48.1,,,,,,,,12.87 
2017-12-03 00:00:00,47.814,55.3,77.1,53.0,94.0,,54.3,,,,,,,,12.83 
2017-12-04 00:00:00,47.890,60.7,68.8,57.4,89.6,,58.5,,,,,,,,12.63 
2017-12-05 00:00:00,47.258,38.8,32.4,36.5,45.1,,36.7,,,,,,,,12.99 
2017-12-06 00:00:00,47.268,39.8,43.6,38.0,66.0,,38.1,,,,,,,,12.97 
2017-12-07 00:00:00,46.976,24.7,44.9,23.3,66.1,,22.8,,,,,,,,13.12 
2017-12-08 00:00:00,47.062,30.4,45.2,28.7,68.3,,28.7,,,,,,,,13.04 
2017-12-09 00:00:00,47.221,33.3,54.6,31.8,81.8,,32.1,,,,,,,,13.05 
2017-12-10 00:00:00,47.219,41.3,45.6,41.2,61.5,,41.7,,,,,,,,12.97 
2017-12-11 00:00:00,47.024,44.7,41.4,43.6,57.4,,44.5,,,,,,,,12.93 
2017-12-12 00:00:00,46.828,31.2,50.1,30.6,72.4,,30.0,,,,,,,,13.06 
2017-12-13 00:00:00,47.075,44.4,48.3,43.7,67.3,,43.0,,,,,,,,12.93 
2017-12-14 00:00:00,46.965,37.8,52.4,35.4,82.9,,36.2,,,,,,,,12.76 
2017-12-15 00:00:00,46.999,39.9,51.7,38.5,70.3,,38.2,,,,,,,,12.99 
2017-12-16 00:00:00,46.832,48.6,38.9,46.8,50.5,,46.8,,,,,,,,12.95 
2017-12-17 00:00:00,48.328,46.9,80.3,43.9,85.8,,45.0,,,,,,,,12.64 
2017-12-18 00:00:00,50.602,47.4,78.2,45.1,94.0,,45.4,,,,,,,,12.90 
2017-12-19 00:00:00,50.385,45.9,87.7,44.0,94.0,,44.6,,,,,,,,12.80 
2017-12-20 00:00:00,50.151,38.3,54.2,35.9,94.0,,32.8,,,,,,,,12.73 
2017-12-21 00:00:00,50.315,44.2,88.6,42.4,94.0,,33.2,,,,,,,,12.69 
2017-12-22 00:00:00,50.138,31.8,87.8,29.7,94.0,,30.4,,,,,,,,12.86 
2017-12-23 00:00:00,49.946,27.5,70.8,25.6,94.0,,25.2,,,,,,,,13.08 
2017-12-24 00:00:00,50.269,23.7,65.0,22.0,94.0,,22.2,,,,,,,,12.78 
2017-12-25 00:00:00,49.870,24.0,55.1,21.6,91.8,,21.8,,,,,,,,11.16 
2017-12-26 00:00:00,49.563,14.0,57.9,10.0,92.6,,10.0,,,,,,,,10.28 
2017-12-27 00:00:00,49.451,9.3,54.4,7.2,84.6,,6.0,,,,,,,,12.06 
2017-12-28 00:00:00,49.527,19.8,58.1,18.4,93.8,,18.7,,,,,,,,12.73 
2017-12-29 00:00:00,49.590,25.6,81.7,23.3,94.0,,23.8,,,,,,,,12.67 
2017-12-30 00:00:00,49.162,17.0,73.1,10.8,91.0,,10.1,,,,,,,,13.00 
2017-12-31 00:00:00,48.818,12.2,75.5,4.4,90.1,,3.3,,,,,,,,13.20 
2018-01-01 00:00:00,48.674,5.0,49.7,0.2,69.1,,-1.5,,,,,,,,13.23 
2018-01-02 00:00:00,48.783,11.8,40.8,10.6,57.1,,9.1,,,,,,,,13.13 
2018-01-03 00:00:00,48.875,22.6,48.1,20.7,69.7,,21.2,,,,,,,,13.05 
2018-01-04 00:00:00,48.693,14.7,49.0,12.8,74.4,,12.1,,,,,,,,12.99 
2018-01-05 00:00:00,48.699,20.1,46.8,18.1,69.9,,19.3,,,,,,,,13.04 
2018-01-06 00:00:00,48.632,21.7,40.7,20.5,58.3,,21.5,,,,,,,,13.06 
2018-01-07 00:00:00,49.324,34.7,78.1,32.4,85.3,,21.6,,,,,,,,12.60 
2018-01-08 00:00:00,49.459,39.8,80.1,36.0,94.0,,21.8,,,,,,,,13.05 
2018-01-09 00:00:00,49.089,35.9,94.6,33.8,94.0,,21.6,,,,,,,,12.94 
2018-01-10 00:00:00,49.162,46.2,88.0,45.4,94.0,,39.0,,,,,,,,12.90 
2018-01-11 00:00:00,49.541,30.7,84.8,27.4,94.0,,28.0,,,,,,,,12.94 
2018-01-12 00:00:00,49.051,15.2,58.5,13.3,94.0,,12.7,,,,,,,,12.92 
2018-01-13 00:00:00,49.042,17.1,45.7,15.8,88.9,,15.6,,,,,,,,12.09 
2018-01-14 00:00:00,50.257,23.4,84.5,22.8,94.0,,23.3,,,,,,,,10.22 
2018-01-15 00:00:00,50.041,14.3,58.0,13.5,92.4,,13.1,,,,,,,,10.72 
2018-01-16 00:00:00,49.149,2.9,60.2,3.2,93.5,,2.2,,,,,,,,10.80 
2018-01-17 00:00:00,49.089,12.2,69.2,13.3,91.9,,11.9,,,,,,,,11.45 
2018-01-18 00:00:00,48.914,27.5,54.3,28.8,82.0,,25.3,,,,,,,,12.39 
2018-01-19 00:00:00,48.412,39.6,48.0,40.1,75.5,,40.1,,,,,,,,13.05 
2018-01-20 00:00:00,48.713,45.5,94.2,44.1,94.0,,45.5,,,,,,,,12.74 
2018-01-21 00:00:00,44.560,50.2,99.2,49.7,94.0,,51.4,,,,,,,,12.76 
2018-01-22 00:00:00,39.620,40.1,97.1,38.2,94.0,,39.5,,,,,,,,12.82 
2018-01-23 00:00:00,39.371,31.1,91.8,30.5,94.0,,31.1,,,,,,,,13.08 
2018-01-24 00:00:00,39.269,35.2,80.5,37.0,87.6,,36.5,,,,,,,,13.11 
2018-01-25 00:00:00,39.087,47.3,44.0,49.4,52.8,,49.5,,,,,,,,13.05 
2018-01-26 00:00:00,38.860,52.1,47.6,51.3,62.2,,52.0,,,,,,,,12.99 
2018-01-27 00:00:00,38.188,44.4,49.2,44.5,58.1,,44.1,,,,,,,,13.06 
2018-01-28 00:00:00,37.295,34.8,56.4,34.9,88.1,,34.5,,,,,,,,13.07 
2018-01-29 00:00:00,37.001,21.6,57.8,21.4,82.0,,21.1,,,,,,,,13.16 
2018-01-30 00:00:00,37.327,33.6,46.3,34.0,62.8,,34.8,,,,,,,,13.08 
2018-01-31 00:00:00,37.531,44.4,50.7,44.4,65.3,,44.6,,,,,,,,13.01 
2018-02-01 00:00:00,37.128,29.0,47.0,27.7,66.8,,27.9,,,,,,,,13.12 
2018-02-02 00:00:00,36.996,22.2,42.3,23.5,56.1,,22.4,,,,,,,,13.26 
2018-02-03 00:00:00,37.265,39.6,40.0,40.0,43.6,,40.6,,,,,,,,12.95 
2018-02-04 00:00:00,36.962,21.1,57.1,19.3,86.8,,19.3,,,,,,,,13.09 
2018-02-05 00:00:00,37.136,11.9,64.3,12.1,93.8,,12.2,,,,,,,,11.24 
2018-02-06 00:00:00,37.097,15.0,71.0,14.7,94.0,,15.0,,,,,,,,11.20 
2018-02-07 00:00:00,37.124,21.2,67.1,22.5,86.8,,22.1,,,,,,,,11.82 
2018-02-08 00:00:00,37.155,34.6,59.0,36.2,68.4,,29.0,,,,,,,,12.18 
2018-02-09 00:00:00,37.129,32.9,54.5,31.8,82.8,,29.1,,,,,,,,13.05 
2018-02-10 00:00:00,37.072,17.0,76.8,16.3,94.0,,29.1,,,,,,,,12.18 
2018-02-11 00:00:00,37.474,20.4,71.8,21.2,84.6,,27.8,,,,,,,,11.80 
2018-02-12 00:00:00,37.105,23.5,55.8,24.6,73.9,,23.8,,,,,,,,12.33 
2018-02-13 00:00:00,37.231,34.2,57.5,34.7,76.1,,34.4,,,,,,,,12.50 
2018-02-14 00:00:00,37.458,43.7,88.1,43.8,94.0,,34.4,,,,,,,,12.87 
2018-02-15 00:00:00,37.616,55.7,77.0,54.6,89.4,,34.2,,,,,,,,12.78 
2018-02-16 00:00:00,37.116,30.8,50.8,30.7,58.2,,34.3,,,,,,,,13.17 
2018-02-17 00:00:00,37.308,38.3,52.7,38.0,64.1,,34.4,,,,,,,,13.04 
2018-02-18 00:00:00,37.256,46.1,58.2,45.8,79.6,,45.1,,,,,,,,13.06 
2018-02-19 00:00:00,37.687,49.6,91.2,46.9,94.0,,47.5,,,,,,,,12.76 
2018-02-20 00:00:00,39.143,28.4,95.6,26.7,94.0,,27.2,,,,,,,,12.91 
2018-02-21 00:00:00,40.510,22.3,95.2,22.3,94.0,,22.3,,,,,,,,13.15 
2018-02-22 00:00:00,41.611,29.8,98.5,29.0,94.0,,29.8,,,,,,,,12.85 
2018-02-23 00:00:00,40.230,33.3,97.8,32.4,94.0,,33.3,,,,,,,,12.83 
2018-02-24 00:00:00,40.162,35.8,99.7,34.7,94.0,,35.4,,,,,,,,12.86 
2018-02-25 00:00:00,39.517,37.5,75.8,39.2,77.8,,38.7,,,,,,,,13.12 
2018-02-26 00:00:00,38.495,45.7,56.3,46.7,64.5,,46.4,,,,,,,,13.07 
2018-02-27 00:00:00,37.675,54.6,63.5,54.0,85.7,,54.4,,,,,,,,13.02 
2018-02-28 00:00:00,37.569,52.8,97.2,51.3,94.0,,52.2,,,,,,,,12.75 
2018-03-01 00:00:00,37.237,43.1,59.1,44.1,61.9,,43.8,,,,,,,,13.13 
2018-03-02 00:00:00,37.006,42.3,39.8,42.7,57.6,,43.0,,,,,,,,13.11 
2018-03-03 00:00:00,36.909,51.1,43.0,51.3,60.5,,51.8,,,,,,,,13.09 
2018-03-04 00:00:00,36.777,51.2,55.3,50.7,76.0,,51.7,,,,,,,,12.91 
2018-03-05 00:00:00,36.955,48.6,68.0,48.2,69.3,,49.0,,,,,,,,12.98 
2018-03-06 00:00:00,36.590,36.4,59.4,35.6,75.5,,36.2,,,,,,,,13.06 
2018-03-07 00:00:00,36.763,30.6,65.4,30.0,94.0,,30.5,,,,,,,,13.15 
2018-03-08 00:00:00,36.760,32.9,59.7,33.4,75.2,,32.9,,,,,,,,13.13 
2018-03-09 00:00:00,36.696,40.9,50.2,41.3,70.5,,41.3,,,,,,,,13.13 
2018-03-10 00:00:00,36.661,43.1,59.5,43.3,85.1,,43.1,,,,,,,,13.06 
2018-03-11 00:00:00,36.704,39.1,86.5,37.6,94.0,,38.7,,,,,,,,12.84 
2018-03-12 00:00:00,36.730,39.3,69.0,39.8,71.3,,40.0,,,,,,,,13.12 
2018-03-13 00:00:00,36.512,38.5,40.6,39.7,52.3,,39.0,,,,,,,,13.17 
2018-03-14 00:00:00,36.520,43.3,32.7,45.5,35.8,,45.6,,,,,,,,13.12 
2018-03-15 00:00:00,36.571,57.9,32.4,59.2,31.3,,58.7,,,,,,,,12.92 
2018-03-16 00:00:00,37.179,46.4,78.4,44.9,86.1,,46.3,,,,,,,,12.13 
2018-03-17 00:00:00,37.308,40.9,88.4,40.2,94.0,,40.7,,,,,,,,11.00 
2018-03-18 00:00:00,37.263,41.6,91.9,40.7,94.0,,41.6,,,,,,,,10.46 
2018-03-19 00:00:00,38.552,40.9,99.4,39.7,94.0,,41.0,,,,,,,,8.85 
2018-03-20 00:00:00,38.406,40.9,90.2,41.6,94.0,,42.1,,,,,,,,9.88 
2018-03-21 00:00:00,37.934,41.9,79.2,43.1,88.3,,42.7,,,,,,,,10.51 
2018-03-22 00:00:00,37.602,48.9,65.5,48.9,78.8,,49.4,,,,,,,,11.40 
2018-03-23 00:00:00,37.279,48.0,83.2,47.2,94.0,,48.3,,,,,,,,10.94 
2018-03-24 00:00:00,37.541,44.5,97.8,43.1,94.0,,43.9,,,,,,,,8.24 
2018-03-25 00:00:00,37.903,37.5,97.7,36.9,94.0,,37.8,,,,,,,,8.82 
2018-03-26 00:00:00,39.040,44.5,98.8,43.6,94.0,,44.8,,,,,,,,9.57 
2018-03-27 00:00:00,39.458,43.1,99.8,42.2,94.0,,43.1,,,,,,,,9.68 
2018-03-28 00:00:00,39.325,43.4,99.9,42.6,94.0,,43.5,,,,,,,,8.98 
2018-03-29 00:00:00,39.340,42.2,99.8,41.4,94.0,,42.4,,,,,,,,9.70 
2018-03-30 00:00:00,38.798,41.5,80.5,44.8,84.9,,43.4,,,,,,,,10.02 
2018-03-31 00:00:00,38.150,49.5,56.4,49.5,92.4,,50.0,,,,,,,,9.66 
2018-04-01 00:00:00,39.260,27.8,68.8,26.7,92.1,,27.1,,,,,,,,9.22 
2018-04-02 00:00:00,41.293,28.2,96.3,27.4,94.0,,27.8,,,,,,,,9.52 
2018-04-03 00:00:00,41.108,35.3,96.0,34.5,94.0,,35.4,,,,,,,,9.52 
2018-04-04 00:00:00,38.970,30.4,64.4,32.6,75.5,,30.9,,,,,,,,9.95 
2018-04-05 00:00:00,38.168,47.7,56.0,49.2,69.8,,49.4,,,,,,,,9.93 
2018-04-06 00:00:00,37.406,38.0,47.7,37.1,77.3,,37.2,,,,,,,,9.35 
2018-04-07 00:00:00,37.394,30.9,44.4,32.3,53.7,,30.8,,,,,,,,9.47 
2018-04-08 00:00:00,38.418,32.5,73.8,31.3,90.5,,32.4,,,,,,,,9.65 
2018-04-09 00:00:00,39.591,34.9,94.0,34.1,94.0,,34.8,,,,,,,,9.50 
2018-04-10 00:00:00,37.942,44.2,75.0,45.8,94.0,,44.3,,,,,,,,10.18 
2018-04-11 00:00:00,37.561,59.5,57.7,60.7,75.0,,61.3,,,,,,,,10.41 
2018-04-12 00:00:00,40.372,70.5,52.6,71.1,81.5,,71.8,,,,,,,,10.09 
2018-04-13 00:00:00,45.855,71.5,77.4,70.3,94.0,,79.0,,,,,,,,9.85 
2018-04-14 00:00:00,46.474,44.9,68.6,43.0,94.0,,79.0,,,,,,,,7.71 
2018-04-15 00:00:00,46.880,30.5,78.4,29.9,94.0,,49.1,,,,,,,,7.61 
2018-04-16 00:00:00,49.501,47.0,54.2,38.4,86.2,,38.0,,,,,,,,9.07 
2018-04-17 00:00:00,58.598,75.5,57.1,48.5,83.6,,48.5,,,,,,,,9.86 
2018-04-18 00:00:00,58.831,76.8,66.0,44.5,92.3,,44.3,,,,,,,,7.95 
2018-04-19 00:00:00,59.110,69.8,65.8,45.6,80.0,,45.1,,,,,,,,9.14 
2018-04-20 00:00:00,58.370,73.2,62.3,50.5,60.0,,50.1,,,,,,,,9.24 
2018-04-21 00:00:00,58.574,77.5,64.1,54.1,41.0,,55.1,,,,,,,,7.69 
2018-04-22 00:00:00,59.087,76.7,64.9,54.4,82.9,,55.7,,,,,,,,7.57 
2018-04-23 00:00:00,59.155,83.6,70.4,62.4,40.3,,63.4,,,,,,,,9.09 
2018-04-24 00:00:00,58.854,86.7,63.4,63.4,44.3,,62.9,,,,,,,,9.42 
2018-04-25 00:00:00,59.741,84.0,73.5,50.8,94.0,,51.9,,,,,,,,7.32 
2018-04-26 00:00:00,60.407,82.5,71.0,56.1,93.9,,55.2,,,,,,,,9.44 
2018-04-27 00:00:00,60.997,88.1,63.7,61.8,56.7,,61.1,,,,,,,,9.65 
2018-04-28 00:00:00,63.615,88.8,54.3,57.7,60.1,,57.0,,,,,,,,9.97 
2018-04-29 00:00:00,65.600,78.4,32.8,58.3,71.8,,58.7,,,,,,,,10.10 
2018-04-30 00:00:00,65.307,76.8,37.5,67.7,72.8,,68.5,,,,,,,,10.15 
2018-05-01 00:00:00,65.196,80.0,48.3,69.4,92.3,,70.6,,,,,,,,9.35 
2018-05-02 00:00:00,67.455,85.2,60.4,70.9,94.0,,71.9,,,,,,,,8.01 
2018-05-03 00:00:00,68.892,80.7,65.3,66.7,94.0,,67.9,,,,,,,,8.58 
2018-05-04 00:00:00,67.762,86.1,70.0,66.1,88.5,,66.5,,,,,,,,9.17 
2018-05-05 00:00:00,66.848,88.4,52.9,70.1,67.6,,70.1,,,,,,,,9.31 
2018-05-06 00:00:00,68.003,91.9,56.1,71.8,68.8,,72.9,,,,,,,,9.23 
2018-05-07 00:00:00,69.459,93.4,63.6,72.4,67.8,,72.4,,,,,,,,9.38 
2018-05-08 00:00:00,69.063,91.3,49.7,71.7,92.9,,72.7,,,,,,,,9.27 
2018-05-09 00:00:00,68.909,93.4,61.2,75.8,77.3,,75.8,,,,,,,,9.25 
2018-05-10 00:00:00,68.540,94.1,67.0,74.0,87.4,,74.6,,,,,,,,9.16 
2018-05-11 00:00:00,68.677,94.2,67.0,72.6,94.0,,73.9,,,,,,,,8.95 
2018-05-12 00:00:00,70.318,94.6,77.0,73.6,94.0,,74.8,,,,,,,,8.82 
2018-05-13 00:00:00,71.349,95.2,80.5,78.5,94.0,,79.0,,,,,,,,9.29 
2018-05-14 00:00:00,72.244,94.8,82.6,73.3,94.0,,74.4,,,,,,,,8.60 
2018-05-15 00:00:00,72.575,94.7,79.9,70.1,94.0,,70.9,,,,,,,,8.30 
2018-05-16 00:00:00,72.147,94.7,78.4,67.9,94.0,,68.7,,,,,,,,8.20 
2018-05-17 00:00:00,71.719,94.9,77.9,69.3,94.0,,69.0,,,,,,,,8.66 
2018-05-18 00:00:00,72.213,94.9,74.7,72.1,93.3,,71.1,,,,,,,,8.60 
2018-05-19 00:00:00,75.609,94.9,77.6,68.3,94.0,,69.7,,,,,,,,7.49 
2018-05-20 00:00:00,68.737,92.8,71.7,66.0,94.0,,67.0,,,,,,,,7.56 
2018-05-21 00:00:00,60.280,87.1,62.0,65.1,94.0,,65.5,,,,,,,,8.09 
2018-05-22 00:00:00,60.061,82.2,57.9,58.9,94.0,,60.3,,,,,,,,6.21 
2018-05-31 00:00:00,58.679,93.3,72.4,78.2,94.0,,80.7,,,,,,,,11.95 
2018-06-01 00:00:00,58.704,91.7,63.0,82.7,91.6,,82.0,,,,,,,,12.18 
2018-06-02 00:00:00,58.536,88.8,64.3,73.1,94.0,,73.9,,,,,,,,12.04 
2018-06-03 00:00:00,57.499,87.6,51.3,71.7,76.8,,70.1,,,,,,,,12.26 
2018-06-04 00:00:00,52.051,83.8,41.2,67.0,92.8,,68.1,,,,,,,,12.22 
2018-06-05 00:00:00,51.281,86.0,48.3,74.6,91.3,,75.2,,,,,,,,12.30 
2018-06-06 00:00:00,51.046,89.1,52.9,80.2,92.3,,85.5,,,,,,,,12.29 
2018-06-07 00:00:00,51.211,89.0,57.7,77.9,94.0,,85.5,,,,,,,,12.35 
2018-06-08 00:00:00,51.998,91.2,63.9,84.0,94.0,,85.5,,,,,,,,12.13 
2018-06-09 00:00:00,52.649,90.6,64.1,81.5,94.0,,85.5,,,,,,,,12.11 
2018-06-10 00:00:00,52.842,91.2,56.8,84.7,91.4,,86.7,,,,,,,,12.34 
2018-06-11 00:00:00,53.306,90.4,59.1,83.1,94.0,,82.5,,,,,,,,12.33 
2018-06-12 00:00:00,54.542,85.6,69.3,75.1,94.0,,75.6,,,,,,,,12.02 
2018-06-13 00:00:00,54.451,86.8,56.1,77.3,90.2,,77.3,,,,,,,,11.97 
2018-06-14 00:00:00,55.596,85.8,60.2,82.0,93.0,,72.8,,,,,,,,12.31 
2018-06-15 00:00:00,56.209,86.4,61.3,83.7,92.9,,72.8,,,,,,,,12.37 
2018-06-16 00:00:00,55.941,86.9,61.9,83.9,92.8,,75.4,,,,,,,,12.35 
2018-06-17 00:00:00,55.653,87.2,62.0,84.6,92.0,,84.3,,,,,,,,12.34 
2018-06-18 00:00:00,55.253,87.8,61.4,84.5,93.6,,83.7,,,,,,,,12.33 
2018-06-19 00:00:00,53.602,84.3,68.8,77.8,94.0,,77.6,,,,,,,,12.34 
2018-06-20 00:00:00,50.497,82.0,74.0,77.2,94.0,,76.8,,,,,,,,12.40 
2018-06-21 00:00:00,50.336,71.0,83.1,67.3,94.0,,66.6,,,,,,,,12.38 
2018-06-22 00:00:00,50.486,71.2,89.4,67.7,94.0,,67.8,,,,,,,,12.38 
2018-06-23 00:00:00,43.381,73.5,85.4,72.3,94.0,,72.3,,,,,,,,12.37 
2018-06-24 00:00:00,34.524,74.6,92.6,74.4,94.0,,74.8,,,,,,,,12.43 
2018-06-25 00:00:00,34.673,74.7,88.7,74.2,94.0,,75.0,,,,,,,,12.45 
2018-06-26 00:00:00,34.862,75.9,97.2,75.2,94.0,,76.0,,,,,,,,12.35 
2018-06-27 00:00:00,34.727,80.5,94.2,80.9,94.0,,80.5,,,,,,,,12.05 
2018-06-28 00:00:00,34.607,87.2,81.9,86.9,94.0,,87.0,,,,,,,,11.82 
2018-06-29 00:00:00,34.305,87.2,74.0,87.4,92.3,,87.1,,,,,,,,12.20 
2018-06-30 00:00:00,34.186,85.9,78.4,85.5,94.0,,85.3,,,,,,,,12.26 
2018-07-01 00:00:00,34.925,77.8,92.5,76.3,94.0,,77.0,,,,,,,,12.38 
2018-07-02 00:00:00,34.697,77.7,84.7,77.9,94.0,,77.1,,,,,,,,11.86 
2018-07-03 00:00:00,34.498,83.1,85.5,82.6,94.0,,82.8,,,,,,,,12.05 
2018-07-04 00:00:00,34.352,85.2,81.3,84.2,94.0,,84.1,,,,,,,,12.05 
2018-07-05 00:00:00,15.252,90.3,70.5,89.7,83.4,,83.7,,,,,,,,12.26 
2018-07-06 00:00:00,5.936,84.3,71.6,83.8,87.1,,81.4,,,,,,,,11.93 
2018-07-07 00:00:00,5.851,79.5,65.4,79.1,76.1,,76.3,,,,,,,,11.85 
2018-07-08 00:00:00,53.855,82.5,53.8,77.3,79.1,,76.4,,,,,,,,12.36 
2018-07-09 00:00:00,86.874,90.0,51.8,82.8,85.3,,81.0,,,,,,,,12.33 
2018-07-10 00:00:00,85.641,91.8,52.7,85.9,78.2,,85.5,,,,,,,,12.29 
2018-07-11 00:00:00,84.418,92.2,52.5,86.7,85.6,,91.0,,,,,,,,12.35 
2018-07-12 00:00:00,84.051,92.3,53.5,87.2,84.3,,92.3,,,,,,,,12.37 
2018-07-13 00:00:00,83.466,92.3,51.4,87.0,83.0,,86.1,,,,,,,,12.36 
2018-07-14 00:00:00,83.738,89.1,64.1,79.0,94.0,,78.1,,,,,,,,12.44 
2018-07-15 00:00:00,74.626,92.1,60.2,83.7,91.0,,82.8,,,,,,,,12.41 
2018-07-16 00:00:00,67.714,92.5,49.5,84.0,89.7,,83.3,,,,,,,,12.42 
2018-07-17 00:00:00,67.952,86.4,64.8,75.8,94.0,,75.8,,,,,,,,11.76 
2018-07-18 00:00:00,69.041,85.0,75.6,75.5,94.0,,76.0,,,,,,,,11.87 
2018-07-19 00:00:00,67.703,87.0,71.5,77.2,94.0,,77.1,,,,,,,,12.42 
2018-07-20 00:00:00,66.763,90.2,59.6,80.9,88.6,,78.6,,,,,,,,12.45 
2018-07-21 00:00:00,65.913,90.0,49.8,80.6,84.4,,79.0,,,,,,,,12.44 
2018-07-22 00:00:00,65.364,89.2,44.7,78.8,82.4,,77.7,,,,,,,,12.45 
2018-07-23 00:00:00,65.258,88.2,48.1,76.0,93.0,,73.7,,,,,,,,12.40 
2018-07-24 00:00:00,65.209,91.0,42.1,80.7,69.5,,79.6,,,,,,,,12.39 
2018-07-25 00:00:00,70.322,90.0,45.7,78.9,72.2,,76.8,,,,,,,,12.51 
2018-07-26 00:00:00,74.132,88.3,50.1,73.0,94.0,,73.0,,,,,,,,12.30 
2018-07-27 00:00:00,74.186,89.3,41.7,76.1,75.2,,75.4,,,,,,,,12.47 
2018-07-28 00:00:00,73.587,87.5,46.3,74.4,91.2,,74.5,,,,,,,,12.50 
2018-07-29 00:00:00,75.435,83.0,61.1,67.5,94.0,,68.3,,,,,,,,12.38 
2018-07-30 00:00:00,75.389,84.8,55.7,69.7,94.0,,69.3,,,,,,,,12.41 
2018-07-31 00:00:00,74.016,87.9,48.7,74.0,89.1,,72.7,,,,,,,,12.32 
2018-08-01 00:00:00,74.765,91.6,70.3,77.8,81.8,,75.4,,,,,,,,12.42 
2018-08-02 00:00:00,74.985,91.1,55.1,80.5,76.1,,79.2,,,,,,,,12.44 
2018-08-03 00:00:00,75.783,91.7,50.1,82.7,71.1,,81.5,,,,,,,,12.45 
2018-08-04 00:00:00,77.501,90.7,52.7,79.1,83.7,,79.0,,,,,,,,12.46 
2018-08-05 00:00:00,78.565,92.4,53.4,84.5,80.0,,84.0,,,,,,,,12.42 
2018-08-06 00:00:00,78.713,93.1,53.7,84.7,88.6,,84.2,,,,,,,,12.42 
2018-08-07 00:00:00,80.526,89.1,64.3,74.8,94.0,,75.0,,,,,,,,12.44 
2018-08-08 00:00:00,79.610,91.8,60.2,80.3,92.0,,79.1,,,,,,,,12.47 
2018-08-09 00:00:00,79.453,93.1,59.3,81.9,87.3,,79.9,,,,,,,,12.43 
2018-08-10 00:00:00,80.595,92.0,62.4,80.5,94.0,,79.0,,,,,,,,12.47 
2018-08-11 00:00:00,80.369,91.4,56.1,80.6,89.1,,78.3,,,,,,,,12.47 
2018-08-12 00:00:00,76.071,91.5,58.1,80.8,89.1,,83.1,,,,,,,,12.46 
2018-08-13 00:00:00,77.469,92.3,55.6,80.4,87.5,,83.1,,,,,,,,12.62 
2018-08-14 00:00:00,80.420,90.9,75.7,74.6,94.0,,83.1,,,,,,,,12.52 
2018-08-15 00:00:00,80.324,91.8,79.7,76.1,94.0,,81.9,,,,,,,,12.18 
2018-08-16 00:00:00,80.228,93.1,72.7,80.3,94.0,,77.8,,,,,,,,12.22 
2018-08-17 00:00:00,80.542,92.2,65.5,76.8,94.0,,75.3,,,,,,,,12.20 
2018-08-18 00:00:00,79.392,92.9,64.9,78.6,94.0,,77.0,,,,,,,,12.21 
2018-08-19 00:00:00,88.844,92.2,68.4,72.4,94.0,,73.1,,,,,,,,11.97 
2018-08-20 00:00:00,95.803,91.0,55.8,68.0,94.0,,69.0,,,,,,,,11.99 
2018-08-21 00:00:00,93.312,91.5,52.1,73.2,94.0,,72.6,,,,,,,,12.32 
2018-08-22 00:00:00,91.948,91.3,56.1,68.9,94.0,,68.7,,,,,,,,12.14 
2018-08-23 00:00:00,92.919,91.1,57.0,64.8,94.0,,65.2,,,,,,,,11.81 
2018-08-24 00:00:00,92.851,93.1,63.5,77.3,94.0,,77.5,,,,,,,,12.21 
2018-08-25 00:00:00,91.281,93.8,68.6,83.2,94.0,,82.5,,,,,,,,12.21 
2018-08-26 00:00:00,93.986,93.8,69.3,82.2,94.0,,82.7,,,,,,,,12.11 
2018-08-27 00:00:00,95.195,93.8,62.0,83.6,94.0,,84.0,,,,,,,,12.20 
2018-08-28 00:00:00,95.529,93.5,66.8,81.2,94.0,,80.7,,,,,,,,12.21 
2018-08-29 00:00:00,97.073,91.6,60.5,67.3,94.0,,67.8,,,,,,,,12.09 
2018-08-30 00:00:00,96.181,92.5,63.3,69.3,94.0,,70.2,,,,,,,,11.96 
2018-08-31 00:00:00,94.895,92.9,66.9,73.3,94.0,,74.3,,,,,,,,12.10 
2018-09-01 00:00:00,92.808,93.7,71.8,81.1,94.0,,81.2,,,,,,,,12.12 
2018-09-02 00:00:00,91.675,92.9,72.6,77.8,94.0,,76.5,,,,,,,,12.24 
2018-09-10 00:00:00,98.363,86.2,63.4,67.8,94.0,,70.0,,,,,,,,10.04 
2018-09-11 00:00:00,97.461,82.3,67.1,71.3,94.0,,70.5,,,,,,,,10.45 
2018-09-12 00:00:00,96.108,80.5,63.0,70.8,94.0,,70.3,,,,,,,,9.05 
2018-09-13 00:00:00,95.680,85.1,71.1,74.6,94.0,,73.8,,,,,,,,8.29 
2018-09-14 00:00:00,95.439,88.6,67.7,79.2,94.0,,77.3,,,,,,,,8.79 
2018-09-15 00:00:00,93.914,89.6,64.2,80.6,93.9,,79.1,,,,,,,,8.73 
2018-09-16 00:00:00,92.385,88.6,61.0,78.6,93.0,,77.3,,,,,,,,8.79 
2018-09-17 00:00:00,90.901,88.0,61.8,80.1,93.0,,78.3,,,,,,,,9.01 
2018-09-18 00:00:00,90.026,89.7,64.2,82.1,93.4,,80.5,,,,,,,,8.82 
2018-09-19 00:00:00,89.776,89.4,65.7,82.1,93.8,,80.8,,,,,,,,9.50 
2018-09-20 00:00:00,89.112,89.7,61.6,83.5,93.4,,82.7,,,,,,,,9.43 
2018-09-21 00:00:00,89.140,72.1,62.1,66.5,94.0,,67.4,,,,,,,,8.09 
2018-09-22 00:00:00,88.291,63.6,65.3,62.1,89.9,,61.6,,,,,,,,9.26 
2018-09-23 00:00:00,87.235,72.5,58.7,67.1,89.5,,65.6,,,,,,,,9.30 
2018-09-24 00:00:00,87.631,76.1,68.1,66.9,94.0,,67.2,,,,,,,,7.70 
2018-09-25 00:00:00,87.881,73.7,76.2,68.6,94.0,,68.3,,,,,,,,9.13 
2018-09-26 00:00:00,87.526,61.9,62.3,56.1,87.6,,60.7,,,,,,,,9.01 
2018-09-27 00:00:00,87.176,61.5,57.6,57.4,77.3,,56.1,,,,,,,,8.95 
2018-09-28 00:00:00,84.289,62.2,54.1,57.4,91.4,,56.6,,,,,,,,9.81 
2018-09-29 00:00:00,79.664,62.0,77.4,58.0,94.0,,58.5,,,,,,,,8.86 
2018-09-30 00:00:00,78.399,77.6,77.3,70.8,94.0,,71.0,,,,,,,,7.96 
2018-10-01 00:00:00,77.202,78.1,78.6,72.8,94.0,,72.6,,,,,,,,8.84 
2018-10-02 00:00:00,77.663,77.8,74.9,73.9,94.0,,73.5,,,,,,,,9.28 
2018-10-03 00:00:00,80.051,82.6,69.9,80.2,94.0,,79.0,,,,,,,,10.14 
2018-10-04 00:00:00,79.724,61.0,65.0,56.8,94.0,,57.7,,,,,,,,9.47 
2018-10-05 00:00:00,80.291,68.7,90.4,64.3,94.0,,65.0,,,,,,,,8.23 
2018-10-06 00:00:00,81.786,64.5,91.6,58.4,94.0,,59.6,,,,,,,,7.57 
2018-10-07 00:00:00,84.477,62.9,99.8,58.7,94.0,,59.7,,,,,,,,7.89 
2018-10-08 00:00:00,85.319,75.4,91.1,69.9,94.0,,70.7,,,,,,,,8.78 
2018-10-09 00:00:00,83.868,72.5,97.2,67.0,94.0,,68.8,,,,,,,,7.76 
2018-10-10 00:00:00,82.767,57.5,84.4,53.8,94.0,,60.2,,,,,,,,7.73 
2018-10-11 00:00:00,81.100,48.9,66.5,46.7,94.0,,45.5,,,,,,,,8.39 
2018-10-12 00:00:00,81.050,47.0,91.6,43.4,94.0,,44.1,,,,,,,,7.51 
2018-10-13 00:00:00,80.745,49.8,91.3,48.2,94.0,,48.6,,,,,,,,7.08 
2018-10-14 00:00:00,80.426,48.1,96.5,44.1,94.0,,44.9,,,,,,,,6.22 
2018-10-15 00:00:00,80.090,40.8,80.0,39.0,93.4,,37.6,,,,,,,,7.86 
2018-10-16 00:00:00,78.720,47.5,67.0,47.2,84.7,,45.2,,,,,,,,8.60 
2018-10-17 00:00:00,77.664,50.1,63.9,45.5,94.0,,47.7,,,,,,,,8.07 
2018-10-30 00:00:00,74.691,59.4,87.0,55.1,94.0,,56.4,,,,,,,,7.71 
2018-10-31 00:00:00,73.860,56.8,50.7,59.5,78.8,,56.3,,,,,,,,8.23 