2016-08-19 00:00:00,24.799,74.3,90.4,,,0,72.0,,,,,,,,0.00 
2016-08-20 00:00:00,24.820,75.4,91.9,,,0,73.5,,,,,,,,0.00 
2016-08-21 00:00:00,27.753,74.3,96.3,,,0,73.2,,,,,,,,0.00 
2016-08-22 00:00:00,27.352,73.2,82.5,,,0,71.5,,,,,,,,0.00 
2016-08-24 00:00:00,25.643,76.7,83.7,,,0,74.7,,,,,,,,0.00 
2016-08-25 00:00:00,22.272,79.1,83.7,,,0,75.3,,,,,,,,0.00 
2016-08-26 00:00:00,84.161,86.3,77.9,,,0,75.8,,,,,,,,0.00 
2016-08-27 00:00:00,179.178,96.0,72.9,,,0,75.1,,,,,,,,0.00 
2016-08-28 00:00:00,197.022,95.7,74.9,,,0,73.9,,,,,,,,0.00 
2016-08-29 00:00:00,223.281,94.4,76.3,,,0,72.6,,,,,,,,0.00 
2016-08-30 00:00:00,214.335,94.6,73.9,,,0,72.7,,,,,,,,0.00 
2016-08-31 00:00:00,208.431,94.7,72.7,,,0,73.4,,,,,,,,0.00 
2016-09-01 00:00:00,200.942,94.1,73.5,,,0,71.4,,,,,,,,0.00 
2016-09-02 00:00:00,198.073,93.6,73.7,,,0,68.5,,,,,,,,0.00 
2016-09-03 00:00:00,192.722,93.5,71.8,,,0,67.1,,,,,,,,0.00 
2016-09-04 00:00:00,194.158,93.7,70.8,,,0,69.9,,,,,,,,0.00 
2016-09-05 00:00:00,187.891,93.7,70.1,,,0,69.0,,,,,,,,0.00 
2016-09-06 00:00:00,185.435,93.7,68.2,,,0,69.1,,,,,,,,0.00 
2016-09-07 00:00:00,188.274,93.9,67.6,,,0,70.5,,,,,,,,0.00 
2016-09-08 00:00:00,187.035,94.1,67.8,,,0,71.5,,,,,,,,0.00 
2016-09-09 00:00:00,183.618,94.3,68.8,,,0,72.3,,,,,,,,0.00 
2016-09-10 00:00:00,183.114,94.4,69.3,,,0,73.3,,,,,,,,0.00 
2016-09-11 00:00:00,182.027,94.4,68.8,,,0,72.5,,,,,,,,0.00 
2016-09-12 00:00:00,179.428,94.3,68.0,,,0,70.4,,,,,,,,0.00 
2016-09-13 00:00:00,175.228,94.4,68.9,,,0,71.8,,,,,,,,0.00 
2016-09-14 00:00:00,174.251,94.4,69.0,,,0,71.6,,,,,,,,0.00 
2016-09-15 00:00:00,171.426,94.2,68.3,,,0,71.2,,,,,,,,0.00 
2016-09-16 00:00:00,167.917,93.8,67.6,,,0,70.7,,,,,,,,0.00 
2016-09-17 00:00:00,167.096,93.8,67.2,,,0,70.9,,,,,,,,0.00 
2016-09-18 00:00:00,163.119,93.6,66.8,,,0,68.8,,,,,,,,0.00 
2016-09-19 00:00:00,159.621,93.7,67.1,,,0,71.6,,,,,,,,0.00 
2016-09-20 00:00:00,163.716,93.5,67.1,,,0,70.2,,,,,,,,0.00 
2016-09-21 00:00:00,166.706,93.1,66.9,,,0,72.1,,,,,,,,0.00 
2016-09-22 00:00:00,171.277,92.0,66.8,,,0,80.5,,,,,,,,0.00 
2016-09-23 00:00:00,176.440,93.4,66.8,,,0,84.6,,,,,,,,0.00 
2016-09-24 00:00:00,174.715,92.8,67.4,,,0,84.3,,,,,,,,0.00 
2016-09-26 00:00:00,133.393,87.8,67.7,,,0,65.8,,,,,,,,0.00 
2016-09-27 00:00:00,158.514,89.8,68.3,,,0,65.8,,,,,,,,0.00 
2016-09-28 00:00:00,162.207,88.9,68.0,,,0,66.6,,,,,,,,0.00 
2016-09-29 00:00:00,153.262,86.6,68.2,,,0,60.3,,,,,,,,0.00 
2016-09-30 00:00:00,148.052,82.4,68.1,,,0,58.8,,,,,,,,0.00 
2016-10-01 00:00:00,145.419,80.3,67.9,,,0,57.9,,,,,,,,0.00 
2016-10-02 00:00:00,150.219,81.4,68.4,,,0,60.7,,,,,,,, 
2016-10-03 00:00:00,157.114,82.8,69.3,,,0,61.8,,,,,,,, 
2016-10-04 00:00:00,159.526,83.4,69.8,,,0,61.9,,,,,,,, 
2016-10-05 00:00:00,162.260,82.6,70.0,,,0,62.4,,,,,,,, 
2016-10-06 00:00:00,163.796,80.7,69.8,,,0,60.9,,,,,,,, 
2016-10-07 00:00:00,158.048,80.8,70.1,,,0,64.1,,,,,,,, 
2016-10-08 00:00:00,147.988,82.0,70.7,,,0,64.6,,,,,,,, 
2016-10-09 00:00:00,147.642,78.7,70.5,61.6,62.1,0,57.3,,,,,,,, 
2016-10-10 00:00:00,150.024,76.0,69.7,56.9,76.4,0,55.3,,,,,,,, 
2016-10-11 00:00:00,154.107,77.7,69.8,55.4,79.5,0,53.5,,,,,,,, 
2016-10-12 00:00:00,172.390,88.7,70.6,55.5,77.2,0,52.8,,,,,,,, 
2016-10-13 00:00:00,178.429,93.1,68.4,59.9,77.1,0,56.7,,,,,,,, 
2016-10-14 00:00:00,183.626,94.3,65.8,61.0,86.7,0,59.2,,,,,,,, 
2016-10-15 00:00:00,190.004,93.2,64.5,67.8,82.1,0,64.7,,,,,,,, 
2016-10-16 00:00:00,189.693,89.7,64.5,65.7,86.1,0,64.1,,,,,,,, 
2016-10-17 00:00:00,186.603,84.5,64.3,65.7,80.6,0,62.6,,,,,,,, 
2016-10-18 00:00:00,186.058,86.8,64.7,65.8,80.3,0,62.9,,,,,,,, 
2016-10-19 00:00:00,184.198,83.8,63.8,68.7,80.9,0,65.5,,,,,,,, 
2016-10-20 00:00:00,183.619,82.5,64.2,68.8,79.2,0,66.4,,,,,,,, 
2016-10-21 00:00:00,171.920,80.7,64.1,56.1,92.3,0,55.4,,,,,,,, 
2016-10-22 00:00:00,174.289,74.0,61.4,50.1,72.2,0,47.9,,,,,,,, 
2016-10-23 00:00:00,174.872,74.5,60.8,53.0,73.6,0,49.1,,,,,,,, 
2016-10-24 00:00:00,185.711,70.4,60.0,59.5,69.8,0,56.9,,,,,,,, 
2016-10-25 00:00:00,192.731,79.5,63.5,56.4,69.6,0,53.9,,,,,,,, 
2016-10-26 00:00:00,193.169,90.2,64.5,56.0,73.6,0,53.2,,,,,,,, 
2016-10-27 00:00:00,192.229,90.7,62.9,58.8,83.0,0,56.6,,,,,,,, 
2016-10-28 00:00:00,193.131,87.2,61.7,61.4,75.7,0,59.8,,,,,,,, 
2016-10-29 00:00:00,193.939,83.7,60.8,60.5,74.2,0,57.6,,,,,,,, 
2016-10-30 00:00:00,191.855,79.9,60.5,61.5,76.1,0,59.7,,,,,,,, 
2016-10-31 00:00:00,190.576,77.6,60.5,64.2,77.7,0,62.1,,,,,,,, 
2016-11-01 00:00:00,189.460,77.6,61.3,66.2,78.8,0,64.7,,,,,,,, 
2016-11-02 00:00:00,185.077,77.4,61.8,64.0,80.0,0,61.7,,,,,,,, 
2016-11-03 00:00:00,184.033,76.1,61.5,62.5,79.8,0,61.0,,,,,,,, 
2016-11-04 00:00:00,180.905,76.0,62.0,61.7,73.2,0,60.6,,,,,,,, 
2016-11-05 00:00:00,165.205,75.5,61.7,41.0,83.9,0,39.4,,,,,,,, 
2017-02-23 00:00:00,-15.997,69.8,35.4,70.7,27.9,15,69.9,,,,,,,,0.96 
2017-02-24 00:00:00,129.068,93.8,51.4,61.7,75.5,2,63.5,,,,,,,,0.97 
2017-02-25 00:00:00,121.377,94.5,51.7,54.4,61.9,0,54.2,,,,,,,,0.97 
2017-02-26 00:00:00,112.196,94.0,51.0,39.5,42.5,0,37.5,,,,,,,,0.97 
2017-02-27 00:00:00,118.391,93.9,50.4,45.1,55.0,0,44.9,,,,,,,,0.97 
2017-02-28 00:00:00,118.017,94.3,50.4,51.6,85.3,0,51.3,,,,,,,,0.97 
2017-03-01 00:00:00,120.238,94.8,50.5,58.0,90.6,0,58.9,,,,,,,,0.97 
2017-03-02 00:00:00,118.245,94.4,50.2,43.0,52.3,0,42.8,,,,,,,,0.97 
2017-03-03 00:00:00,115.006,94.0,49.5,37.3,58.4,0,36.1,,,,,,,,0.97 
2017-03-04 00:00:00,121.097,93.7,49.3,40.7,58.7,0,39.1,,,,,,,,0.97 
2017-03-05 00:00:00,120.200,94.2,49.5,44.9,61.3,0,42.9,,,,,,,,0.97 
2017-03-06 00:00:00,120.459,94.5,50.2,51.3,86.4,0,50.6,,,,,,,,0.97 
2017-03-07 00:00:00,121.727,94.7,50.6,56.4,91.6,0,56.0,,,,,,,,0.97 
2017-03-08 00:00:00,113.176,94.6,50.4,50.7,67.6,0,50.1,,,,,,,,0.97 
2017-03-09 00:00:00,117.810,94.4,50.2,50.5,59.4,0,48.1,,,,,,,,0.97 
2017-03-10 00:00:00,114.802,94.2,49.5,46.1,74.8,0,46.1,,,,,,,,0.97 
2017-03-11 00:00:00,107.064,93.6,49.2,36.5,62.3,0,35.6,,,,,,,,0.97 
2017-03-12 00:00:00,108.787,93.7,48.8,36.7,85.9,0,37.5,,,,,,,,0.97 
2017-03-13 00:00:00,102.583,93.9,48.7,,,0,36.1,,,,,,,,0.97 
2017-03-14 00:00:00,98.513,93.6,48.4,,,0,32.2,,,,,,,,0.97 
2017-03-15 00:00:00,98.217,93.0,47.3,,,0,24.5,,,,,,,,0.97 
2017-03-16 00:00:00,108.822,93.3,46.2,,,0,30.5,,,,,,,,0.97 
2017-03-17 00:00:00,118.452,93.7,46.1,,,0,37.8,,,,,,,,0.97 
2017-03-18 00:00:00,119.822,94.7,46.9,,,0,52.0,,,,,,,,0.97 
2017-03-19 00:00:00,109.866,94.5,46.8,,,0,41.4,,,,,,,,0.97 
2017-03-20 00:00:00,115.473,94.2,46.2,,,0,45.2,,,,,,,,0.97 
2017-03-21 00:00:00,115.002,95.1,47.1,,,0,61.2,,,,,,,,0.97 
2017-03-22 00:00:00,101.490,94.8,47.2,,,0,51.1,,,,,,,,0.97 
2017-03-23 00:00:00,102.570,94.9,46.6,,,0,44.9,,,,,,,,0.97 
2017-03-24 00:00:00,108.400,95.2,47.3,,,0,53.9,,,,,,,,0.97 
2017-03-25 00:00:00,109.475,95.1,49.9,,,0,57.6,,,,,,,,0.97 
2017-03-26 00:00:00,111.204,95.2,48.0,,,0,61.6,,,,,,,,0.97 
2017-03-27 00:00:00,109.991,95.2,47.5,,,0,61.1,,,,,,,,0.97 
2017-03-28 00:00:00,115.331,94.8,47.9,,,0,60.2,,,,,,,,0.97 
2017-03-29 00:00:00,106.808,95.1,46.5,,,11,56.3,,,,,,,,0.97 
2017-06-12 00:00:00,54.826,75.9,67.2,72.9,72.7,24,81.5,,,,,,,, 
2017-06-14 00:00:00,46.357,80.7,68.3,80.9,67.5,0,77.2,,,,,,,, 
2017-06-15 00:00:00,46.451,78.9,72.4,81.3,64.8,0,75.9,,,,,,,, 
2017-06-16 00:00:00,75.483,83.6,75.3,76.1,73.4,0,72.6,,,,,,,, 
2017-06-17 00:00:00,98.971,92.4,75.9,74.2,82.4,0,72.9,,,,,,,, 
2017-06-18 00:00:00,97.164,92.4,71.7,74.3,81.2,0,73.5,,,,,,,, 
2017-06-19 00:00:00,96.468,93.8,67.2,74.1,83.4,0,73.1,,,,,,,, 
2017-06-20 00:00:00,95.603,94.2,64.1,70.4,78.2,0,69.4,,,,,,,, 
2017-06-21 00:00:00,95.746,94.6,85.5,72.0,85.2,0,71.0,,,,,,,, 
2017-06-22 00:00:00,101.980,94.3,99.9,69.4,95.6,0,68.3,,,,,,,, 
2017-06-23 00:00:00,111.758,93.6,99.9,69.7,99.8,0,70.7,,,,,,,, 
2017-07-03 00:00:00,106.695,95.1,99.3,77.3,91.8,25,75.9,,,,,,,,13.08 
2017-07-04 00:00:00,107.783,94.9,96.8,73.8,93.8,0,73.2,,,,,,,,13.15 
2017-07-05 00:00:00,108.469,95.0,95.4,75.4,92.1,0,73.7,,,,,,,,13.20 
2017-07-06 00:00:00,108.767,95.0,89.0,72.6,95.1,0,65.5,,,,,,,,13.11 
2017-07-07 00:00:00,108.303,95.2,89.6,77.0,95.6,0,68.1,,,,,,,,13.24 
2017-07-08 00:00:00,108.594,95.1,80.7,74.8,86.6,0,67.3,,,,,,,,13.18 
2017-07-09 00:00:00,108.557,95.1,76.3,71.5,87.5,0,67.3,,,,,,,,13.14 
2017-07-10 00:00:00,108.718,95.2,75.1,72.8,85.1,0,72.0,,,,,,,,13.09 
2017-07-11 00:00:00,109.588,95.4,75.8,77.3,79.5,0,76.7,,,,,,,,13.17 
2017-07-12 00:00:00,116.924,95.3,83.8,77.7,86.0,0,76.4,,,,,,,,13.11 
2017-07-13 00:00:00,126.813,95.1,92.8,77.6,90.1,0,68.8,,,,,,,,13.07 
2017-07-14 00:00:00,123.683,95.4,79.2,77.0,89.8,0,75.8,,,,,,,,13.05 
2017-07-15 00:00:00,122.061,95.4,71.9,72.1,98.2,0,71.5,,,,,,,,12.99 
2017-07-16 00:00:00,128.331,95.4,75.5,75.7,89.5,433,75.0,,,,,,,,13.08 
2017-07-17 00:00:00,135.519,95.3,82.1,76.2,89.0,697,74.7,,,,,,,,13.12 
2017-07-18 00:00:00,132.043,95.8,67.5,74.0,83.9,437,73.1,,,,,,,,13.09 
2017-07-19 00:00:00,129.635,95.7,64.9,75.4,83.7,525,74.9,,,,,,,,13.08 
2017-07-20 00:00:00,127.728,95.4,63.4,75.9,84.6,760,75.4,,,,,,,,13.08 
2017-07-21 00:00:00,134.678,95.2,69.1,78.6,83.5,757,78.2,,,,,,,,13.06 
2017-07-22 00:00:00,138.862,95.1,78.6,78.4,90.9,855,77.2,,,,,,,,13.01 
2017-07-23 00:00:00,136.544,95.4,71.5,75.6,96.2,779,74.1,,,,,,,,12.97 
2017-07-24 00:00:00,136.370,95.4,65.1,75.6,90.5,1011,75.3,,,,,,,,13.04 
2017-07-25 00:00:00,134.113,95.5,63.0,77.2,85.1,893,76.9,,,,,,,,13.06 
2017-07-26 00:00:00,132.795,95.3,63.0,74.9,93.1,1003,74.1,,,,,,,,13.04 
2017-07-27 00:00:00,131.481,95.4,64.9,75.7,96.5,1079,74.3,,,,,,,,12.99 
2017-07-28 00:00:00,131.039,95.1,66.3,73.4,99.8,758,72.4,,,,,,,,12.81 
2017-07-29 00:00:00,132.156,95.1,61.2,73.3,88.1,758,73.0,,,,,,,,12.94 
2017-07-30 00:00:00,129.991,94.9,57.9,70.3,83.4,566,71.5,,,,,,,,13.04 
2017-07-31 00:00:00,128.038,94.9,56.3,70.0,80.0,666,74.2,,,,,,,,13.06 
2017-08-01 00:00:00,127.266,94.7,57.5,68.8,89.5,829,67.6,,,,,,,,12.98 
2017-08-02 00:00:00,128.250,94.7,59.4,72.5,94.3,1120,72.0,,,,,,,,13.08 
2017-08-03 00:00:00,126.287,94.6,58.5,70.6,86.6,1024,70.0,,,,,,,,13.09 
2017-08-04 00:00:00,125.294,94.5,58.2,70.2,89.1,956,69.4,,,,,,,,13.03 
2017-08-05 00:00:00,126.807,94.2,55.2,69.1,87.0,537,69.6,,,,,,,,13.01 
2017-08-06 00:00:00,125.171,94.5,57.8,70.4,85.6,890,69.2,,,,,,,,13.07 
2017-08-07 00:00:00,136.544,94.4,74.5,73.2,99.9,961,74.0,,,,,,,,12.81 
2017-08-08 00:00:00,141.447,94.2,89.6,74.3,97.2,1053,74.0,,,,,,,,12.96 
2017-08-09 00:00:00,137.879,94.3,79.2,74.5,88.1,1257,72.7,,,,,,,,13.17 
2017-08-10 00:00:00,135.639,94.7,72.8,68.9,99.9,671,68.1,,,,,,,,12.78 
2017-08-11 00:00:00,134.330,95.1,74.8,74.0,99.9,1328,72.9,,,,,,,,12.69 
2017-08-12 00:00:00,133.629,95.4,71.2,77.8,98.7,1248,76.6,,,,,,,,12.56 
2017-08-13 00:00:00,132.813,95.2,67.0,82.2,89.6,2827,79.9,,,,,,,,12.57 
2017-08-14 00:00:00,132.209,95.4,68.1,78.8,96.5,1815,77.4,,,,,,,,12.40 
2017-08-15 00:00:00,131.629,94.8,69.1,72.8,99.9,474,71.6,,,,,,,,12.15 
2017-08-16 00:00:00,130.429,95.4,62.8,89.7,72.9,2338,85.3,,,,,,,,12.11 
2017-08-18 00:00:00,128.950,94.4,68.8,77.7,99.9,2400,75.1,,,,,,,,11.98 
2017-08-20 00:00:00,126.080,94.5,62.1,67.6,99.9,0,68.5,,,,,,,,11.89 
2017-08-21 00:00:00,125.910,94.6,62.5,64.4,99.9,460,63.3,,,,,,,,11.74 
2017-08-22 00:00:00,123.110,94.9,62.3,91.0,59.9,1939,88.2,,,,,,,,11.87 
2017-08-23 00:00:00,123.880,94.3,60.6,63.0,99.9,0,63.1,,,,,,,,11.52 
2017-08-26 00:00:00,126.130,94.6,62.2,79.3,85.9,1462,78.0,,,,,,,,12.91 
2017-08-27 00:00:00,125.182,94.5,64.8,69.4,94.6,1164,68.6,,,,,,,,12.83 
2017-08-28 00:00:00,124.483,94.5,62.7,66.2,89.8,1197,65.3,,,,,,,,13.02 
2017-08-29 00:00:00,123.797,94.8,65.7,69.0,92.9,1207,68.3,,,,,,,,13.00 
2017-08-30 00:00:00,121.419,95.4,67.7,69.7,95.5,681,68.1,,,,,,,,12.92 
2017-08-31 00:00:00,118.647,97.8,55.8,67.7,99.9,395,66.8,,,,,,,,12.76 
2017-09-01 00:00:00,117.895,96.4,55.7,70.7,99.9,1050,71.1,,,,,,,,12.89 
2017-09-02 00:00:00,116.559,93.8,49.9,64.5,99.7,965,64.2,,,,,,,,12.92 
2017-09-03 00:00:00,115.344,93.1,48.0,70.1,80.5,1107,69.0,,,,,,,,13.28 
2017-09-04 00:00:00,113.949,93.5,51.4,66.1,89.7,1169,65.2,,,,,,,,13.00 
2017-09-05 00:00:00,113.548,93.7,53.0,66.9,93.4,1223,65.8,,,,,,,,13.02 
2017-09-06 00:00:00,115.184,93.3,52.8,59.6,99.4,888,60.1,,,,,,,,12.91 
2017-09-07 00:00:00,113.384,93.3,48.9,57.4,88.3,1151,57.8,,,,,,,,13.01 
2017-09-08 00:00:00,112.194,93.4,48.8,59.5,86.0,1179,58.5,,,,,,,,13.09 
2017-09-13 00:00:00,110.243,93.9,55.6,67.0,94.0,389,67.0,,,,,,,,13.07 
2017-09-14 00:00:00,109.928,94.1,59.5,65.6,98.1,1163,65.3,,,,,,,,13.12 
2017-09-15 00:00:00,108.926,94.2,59.5,62.8,98.8,1279,62.6,,,,,,,,13.03 
2017-09-16 00:00:00,109.282,94.1,61.1,61.0,99.9,1183,59.7,,,,,,,,13.17 
2017-09-21 00:00:00,107.461,94.7,61.9,61.6,99.9,0,62.5,,,,,,,,12.72 
2017-09-22 00:00:00,106.595,95.0,61.9,69.7,90.4,1612,67.6,,,,,,,,13.04 
2017-09-23 00:00:00,106.350,95.0,65.3,66.6,99.9,319,66.0,,,,,,,,12.73 
2017-09-24 00:00:00,106.877,95.0,61.0,61.9,97.5,1050,62.2,,,,,,,,12.68 
2017-09-25 00:00:00,105.625,95.0,61.4,61.3,99.8,278,61.8,,,,,,,,12.77 
2017-09-26 00:00:00,105.132,95.2,60.8,70.0,86.2,2255,70.0,,,,,,,,12.88 
2017-09-27 00:00:00,105.083,95.0,61.8,61.3,99.9,132,61.7,,,,,,,,12.71 
2017-09-28 00:00:00,105.040,94.8,58.5,59.0,99.9,0,61.0,,,,,,,,12.64 
2017-09-30 00:00:00,103.613,94.6,51.0,49.5,99.9,0,51.5,,,,,,,,12.74 
2017-10-01 00:00:00,101.659,94.5,54.2,58.2,76.4,1477,57.5,,,,,,,,13.12 
2017-10-02 00:00:00,102.135,94.5,54.9,48.2,92.7,1395,48.8,,,,,,,,12.77 
2017-10-03 00:00:00,101.663,94.6,56.7,51.2,93.0,3091,51.2,,,,,,,,12.80 
2017-10-04 00:00:00,101.193,94.6,56.4,53.0,92.5,795,53.6,,,,,,,,12.83 
2017-10-05 00:00:00,100.577,94.8,59.1,57.7,84.8,3386,57.4,,,,,,,,12.91 
2017-10-06 00:00:00,98.524,95.0,62.2,75.5,67.7,9348,73.8,,,,,,,,13.22 
2017-10-07 00:00:00,99.285,95.0,68.5,70.8,96.9,2869,69.8,,,,,,,,12.88 
2017-10-08 00:00:00,103.158,94.7,72.5,68.2,99.9,89,69.0,,,,,,,,12.48 
2017-10-09 00:00:00,102.732,95.7,81.4,74.7,99.8,1935,74.8,,,,,,,,12.67 
2017-10-10 00:00:00,102.769,95.3,75.9,72.4,99.9,3821,72.2,,,,,,,,12.67 
2017-10-11 00:00:00,101.734,95.2,71.0,67.2,99.5,5659,67.7,,,,,,,,12.71 
2017-10-12 00:00:00,100.738,95.0,64.1,66.8,95.7,1307,66.7,,,,,,,,12.66 
2017-10-13 00:00:00,100.978,94.7,68.1,69.1,99.2,5038,68.3,,,,,,,,12.91 
2017-10-14 00:00:00,100.385,95.1,67.5,71.2,89.5,6947,70.3,,,,,,,,12.83 
2017-10-15 00:00:00,100.058,94.8,65.1,67.1,94.7,4470,66.3,,,,,,,,12.77 
2017-10-16 00:00:00,100.766,94.5,56.4,53.4,98.7,1807,54.1,,,,,,,,12.47 
2017-10-17 00:00:00,100.038,94.6,54.7,48.3,87.9,7826,47.7,,,,,,,,12.45 
2017-10-18 00:00:00,98.938,94.5,55.6,50.2,87.6,7074,49.4,,,,,,,,12.30 
2017-10-19 00:00:00,104.733,94.1,55.1,51.2,83.8,7907,50.9,,,,,,,,12.15 
2017-10-20 00:00:00,117.010,92.8,56.0,54.9,81.4,7585,54.6,,,,,,,,11.99 
2017-10-21 00:00:00,115.818,93.3,60.8,56.9,87.0,6319,56.5,,,,,,,,11.83 
2017-10-22 00:00:00,114.948,93.8,64.6,58.5,95.0,5407,57.9,,,,,,,,11.61 
2017-10-23 00:00:00,115.675,94.0,68.0,60.1,99.9,562,60.6,,,,,,,,11.21 
2017-10-24 00:00:00,115.365,94.1,62.8,47.2,99.9,0,48.9,,,,,,,,10.65 
2017-10-27 00:00:00,113.036,93.1,59.0,60.7,77.2,14330,60.7,,,,,,,,11.79 
2017-10-28 00:00:00,112.623,93.4,58.8,49.7,99.9,151,51.8,,,,,,,,11.37 
2017-10-29 00:00:00,114.218,93.2,57.6,39.4,99.9,0,39.9,,,,,,,,10.81 
2017-10-30 00:00:00,111.514,92.2,54.8,49.9,76.4,8146,48.2,,,,,,,,11.57 
2017-10-31 00:00:00,111.615,92.6,54.4,46.3,92.5,13910,48.4,,,,,,,,11.27 
2017-11-01 00:00:00,110.062,92.9,53.4,38.3,99.9,0,48.4,,,,,,,,10.67 
2017-11-05 00:00:00,109.621,93.0,63.6,68.9,99.3,790,69.0,,,,,,,,11.73 
2017-11-06 00:00:00,109.151,92.9,65.8,65.0,99.9,3626,65.4,,,,,,,,11.69 
2017-11-07 00:00:00,110.039,92.3,63.7,59.4,99.9,2066,60.9,,,,,,,,11.58 
2017-11-08 00:00:00,109.715,89.3,56.4,51.2,99.9,221,52.2,,,,,,,,11.25 
2017-11-09 00:00:00,109.288,87.0,49.9,47.5,99.9,362,48.4,,,,,,,,11.08 
2017-11-10 00:00:00,108.679,87.9,47.4,44.6,89.1,9169,45.5,,,,,,,,11.79 
2017-11-11 00:00:00,108.698,86.2,46.2,38.7,94.7,7865,39.4,,,,,,,,12.22 
2017-11-12 00:00:00,108.997,85.4,48.3,43.7,99.9,522,44.5,,,,,,,,12.11 
2017-11-13 00:00:00,108.259,85.0,48.5,45.4,99.5,5253,46.6,,,,,,,,12.16 
2017-11-14 00:00:00,108.262,85.8,53.0,43.6,98.6,5353,44.0,,,,,,,,12.29 
2017-11-15 00:00:00,107.940,86.4,52.5,47.2,96.2,5748,47.4,,,,,,,,12.49 
2017-11-16 00:00:00,107.346,85.0,54.1,48.3,93.1,8732,49.3,,,,,,,,12.61 
2017-11-17 00:00:00,106.272,83.3,55.2,39.1,90.7,3394,41.4,,,,,,,,12.43 
2017-11-18 00:00:00,106.399,83.4,60.4,45.2,99.4,7443,46.5,,,,,,,,12.55 
2017-11-19 00:00:00,107.890,82.3,52.1,40.1,98.7,132,42.1,,,,,,,,12.39 
2017-11-20 00:00:00,106.592,79.3,59.1,29.8,99.9,94,32.1,,,,,,,,12.30 
2017-11-21 00:00:00,106.754,80.6,61.9,46.1,99.5,2180,47.2,,,,,,,,12.66 
2017-11-22 00:00:00,106.084,77.5,65.3,39.8,98.4,3370,42.1,,,,,,,,12.51 
2017-11-23 00:00:00,105.592,71.9,61.1,31.8,98.3,31,33.3,,,,,,,,12.42 
2017-11-26 00:00:00,105.617,74.5,38.9,44.1,60.8,6873,46.4,,,,,,,,12.79 
2017-11-27 00:00:00,104.783,56.6,58.8,24.2,99.9,270,26.9,,,,,,,,12.27 
2017-11-29 00:00:00,104.382,59.9,73.5,27.0,99.9,304,28.7,,,,,,,,12.25 
2017-12-01 00:00:00,104.868,83.8,70.9,57.7,99.3,19433,57.6,,,,,,,,13.04 
2017-12-12 00:00:00,105.011,72.7,71.5,34.9,86.5,3815,40.1,,,,,,,,11.90 
2017-12-13 00:00:00,104.327,70.2,77.5,26.5,73.4,4292,37.7,,,,,,,,12.12 
2017-12-14 00:00:00,104.611,67.2,70.1,37.8,87.9,6106,40.2,,,,,,,,12.63 
2017-12-15 00:00:00,104.089,55.3,65.5,30.2,99.9,978,31.0,,,,,,,,12.43 
2017-12-16 00:00:00,103.904,55.9,64.1,28.9,93.8,2284,30.7,,,,,,,,12.46 
2017-12-17 00:00:00,104.432,54.2,69.2,33.9,97.6,924,35.5,,,,,,,,12.35 
2017-12-18 00:00:00,104.520,70.0,72.0,43.2,99.3,5314,44.9,,,,,,,,12.49 
2017-12-19 00:00:00,103.804,57.2,66.2,38.4,99.9,27,42.6,,,,,,,,12.26 
2018-02-09 00:00:00,-815.130,57.2,47.4,48.7,67.5,680,51.2,,,,,,,,12.70 
2018-02-10 00:00:00,-815.130,52.8,95.2,50.5,99.9,1622,52.5,,,,,,,,12.64 
2018-02-11 00:00:00,-815.130,61.4,98.6,57.3,99.9,302,60.5,,,,,,,,12.44 
2018-02-12 00:00:00,-815.130,56.4,89.1,49.9,99.9,879,51.5,,,,,,,,12.52 
2018-02-13 00:00:00,-815.130,48.8,85.2,43.1,99.9,1622,43.8,,,,,,,,12.64 
2018-02-14 00:00:00,-815.130,49.0,88.8,45.4,99.9,3958,46.3,,,,,,,,12.58 
2018-02-15 00:00:00,-815.130,59.5,80.2,51.7,99.5,954,53.1,,,,,,,,12.61 
2018-02-16 00:00:00,-815.130,70.1,69.2,56.2,99.7,891,58.5,,,,,,,,12.51 
2018-02-17 00:00:00,-815.130,59.2,60.5,46.0,99.9,112,47.2,,,,,,,,12.40 
2018-02-18 00:00:00,-815.130,59.5,58.7,45.0,99.2,320,46.4,,,,,,,,12.55 
2018-02-19 00:00:00,-815.130,72.1,72.5,51.4,99.9,595,52.2,,,,,,,,12.63 
2018-02-20 00:00:00,-815.130,84.6,61.4,59.9,99.7,2464,61.7,,,,,,,,12.63 
2018-02-21 00:00:00,-815.130,88.0,79.8,58.5,99.9,0,61.2,,,,,,,,12.50 
2018-04-13 00:00:00,-441.068,95.4,78.9,69.8,67.6,1052,48.4,,,,,,,,13.13 
2018-04-14 00:00:00,-523.348,95.5,81.6,65.4,90.3,898,48.4,,,,,,,,12.95 
2018-04-15 00:00:00,-514.934,95.1,78.3,58.5,99.9,188,48.4,,,,,,,,12.55 
2018-04-16 00:00:00,-437.311,94.3,53.7,38.2,99.9,498,48.4,,,,,,,,12.69 
2018-04-17 00:00:00,-258.083,94.7,59.5,49.4,79.0,458,48.4,,,,,,,,12.97 
2018-04-18 00:00:00,96.020,95.5,71.8,62.9,69.4,504,48.4,,,,,,,,12.95 
2018-04-19 00:00:00,96.028,95.2,67.5,52.9,81.2,751,48.4,,,,,,,,12.98 
2018-04-20 00:00:00,95.279,95.0,60.2,50.8,65.3,428,48.3,,,,,,,,13.02 
2018-04-21 00:00:00,94.385,95.2,66.4,53.3,69.3,562,48.4,,,,,,,,13.08 
2018-04-22 00:00:00,94.517,95.0,68.2,51.4,99.9,707,48.4,,,,,,,,12.84 
2018-04-23 00:00:00,95.267,94.6,58.6,51.1,99.9,88,48.4,,,,,,,,12.44 
2018-04-24 00:00:00,96.346,94.7,67.5,55.9,99.9,834,48.4,,,,,,,,12.55 
2018-04-25 00:00:00,95.952,95.2,72.5,55.9,99.9,937,48.4,,,,,,,,12.60 
2018-04-26 00:00:00,95.700,94.4,59.6,53.1,99.9,309,48.4,,,,,,,,12.42 
2018-04-27 00:00:00,95.271,94.8,70.2,55.8,96.8,745,48.4,,,,,,,,12.68 
2018-04-28 00:00:00,92.284,94.9,72.3,41.4,99.9,0,48.9,,,,,,,,12.53 
2018-05-02 00:00:00,5.177,95.5,69.5,75.2,68.8,573,48.4,,,,,,,,12.80 
2018-05-11 00:00:00,26.837,94.9,74.7,60.3,99.9,0,61.4,,,,,,,,12.66 
2018-05-12 00:00:00,26.730,94.8,67.5,57.2,99.9,84,57.9,,,,,,,,12.54 
2018-05-13 00:00:00,31.481,95.5,77.6,71.9,95.1,238,76.6,,,,,,,,12.78 
2018-05-14 00:00:00,35.342,95.5,73.6,71.5,94.8,661,71.2,,,,,,,,12.97 
2018-05-16 00:00:00,42.646,94.4,71.1,66.1,99.9,281,67.2,,,,,,,,12.61 
2018-05-17 00:00:00,66.234,94.4,65.0,64.5,99.9,0,65.2,,,,,,,,12.48 
2018-05-18 00:00:00,92.963,95.1,76.7,69.6,99.9,689,69.2,,,,,,,,12.85 
2018-05-19 00:00:00,93.059,94.9,75.4,70.5,99.9,664,69.2,,,,,,,,12.91 
2018-05-20 00:00:00,93.033,94.9,70.5,69.1,99.9,596,68.8,,,,,,,,12.80 
2018-05-21 00:00:00,92.855,95.0,76.9,70.2,99.9,730,70.9,,,,,,,,12.89 
2018-05-22 00:00:00,92.212,95.1,76.6,68.8,99.9,986,68.0,,,,,,,,12.93 
2018-05-23 00:00:00,91.822,94.6,72.0,64.8,99.9,90,64.8,,,,,,,,12.62 
2018-05-25 00:00:00,91.950,95.7,85.5,73.8,99.9,1214,73.8,,,,,,,,13.12 
2018-05-29 00:00:00,93.340,94.5,80.7,70.7,99.9,798,70.3,,,,,,,,12.68 
2018-05-30 00:00:00,34.266,94.9,76.8,72.2,99.9,612,72.0,,,,,,,,12.78 
2018-05-31 00:00:00,35.444,94.7,73.9,69.4,99.9,419,69.5,,,,,,,,12.68 
2018-06-01 00:00:00,36.427,95.1,72.5,73.3,99.9,916,67.3,,,,,,,,12.94 
2018-06-02 00:00:00,37.944,94.8,70.3,70.8,99.9,692,68.7,,,,,,,,12.84 
2018-06-03 00:00:00,38.022,95.2,71.9,73.2,99.9,595,68.7,,,,,,,,12.99 
2018-06-04 00:00:00,37.950,94.8,61.0,67.8,95.2,224,68.7,,,,,,,,12.99 
2018-06-05 00:00:00,37.701,94.9,62.0,65.6,93.4,596,68.7,,,,,,,,12.99 
2018-06-06 00:00:00,37.649,95.1,66.0,67.5,99.1,290,68.7,,,,,,,,13.01 
2018-06-07 00:00:00,38.065,95.3,69.4,70.2,96.9,321,68.7,,,,,,,,13.06 
2018-06-08 00:00:00,39.664,95.6,74.3,75.6,98.7,825,75.5,,,,,,,,13.08 
2018-06-09 00:00:00,41.113,95.5,73.8,74.2,99.3,766,73.0,,,,,,,,13.01 
2018-06-10 00:00:00,43.247,95.5,74.0,73.5,99.8,749,71.7,,,,,,,,13.02 
2018-06-11 00:00:00,44.162,95.4,80.8,71.2,99.9,925,70.6,,,,,,,,13.03 
2018-06-12 00:00:00,44.491,95.3,78.0,70.5,99.9,956,74.7,,,,,,,,12.99 
2018-06-13 00:00:00,44.785,95.4,78.3,72.2,99.9,908,74.7,,,,,,,,12.99 
2018-06-14 00:00:00,45.480,95.5,79.7,74.3,99.9,564,74.7,,,,,,,,13.03 
2018-06-15 00:00:00,63.848,95.5,75.7,73.0,99.0,557,74.7,,,,,,,,13.03 
2018-06-16 00:00:00,71.946,95.4,74.9,73.3,99.4,484,74.7,,,,,,,,13.07 
2018-06-17 00:00:00,69.265,95.4,74.7,75.0,99.9,694,74.7,,,,,,,,13.03 
2018-06-18 00:00:00,67.968,95.4,75.7,75.6,99.9,554,76.6,,,,,,,,13.06 
2018-06-19 00:00:00,66.754,95.3,81.3,76.3,99.9,665,75.3,,,,,,,,13.04 
2018-06-20 00:00:00,67.218,95.3,85.3,75.2,99.9,770,74.9,,,,,,,,13.03 
2018-06-21 00:00:00,68.394,95.3,88.1,72.8,99.9,532,72.2,,,,,,,,12.99 
2018-06-22 00:00:00,64.772,95.3,87.1,74.6,99.9,560,75.4,,,,,,,,13.11 
2018-06-23 00:00:00,63.877,95.3,86.5,73.9,99.9,511,80.8,,,,,,,,13.03 
2018-06-24 00:00:00,64.457,95.3,88.6,72.8,99.9,611,80.8,,,,,,,,12.98 
2018-06-25 00:00:00,66.572,95.2,89.4,70.9,99.9,843,80.8,,,,,,,,13.02 
2018-06-26 00:00:00,73.590,95.4,88.2,74.0,99.9,738,78.1,,,,,,,,13.12 
2018-06-27 00:00:00,90.497,95.3,82.3,73.7,99.9,988,72.7,,,,,,,,13.20 
2018-06-28 00:00:00,90.107,95.2,82.4,69.4,99.9,429,69.4,,,,,,,,12.88 
2018-06-29 00:00:00,79.155,95.4,87.2,75.5,99.9,426,75.0,,,,,,,,12.98 
2018-06-30 00:00:00,70.499,95.4,92.4,75.4,99.9,487,75.1,,,,,,,,13.02 
2018-07-01 00:00:00,,95.1,97.9,75.6,99.9,354,74.7,,,,,,,,13.25 
2018-07-02 00:00:00,107.550,95.3,93.6,75.2,99.9,333,74.8,,,,,,,,12.69 
2018-07-03 00:00:00,104.979,95.4,82.8,78.3,99.9,331,78.2,,,,,,,,13.61 
2018-07-04 00:00:00,,95.4,75.2,77.1,99.9,372,77.5,,,,,,,,8.03 
2018-07-05 00:00:00,102.297,95.6,72.4,77.2,99.9,387,77.6,,,,,,,,0.96 
2018-07-06 00:00:00,101.157,95.3,72.8,73.5,99.9,289,77.0,,,,,,,,13.61 
2018-07-07 00:00:00,101.930,95.0,72.7,69.2,99.9,294,77.0,,,,,,,, 
2018-07-08 00:00:00,101.180,95.1,69.9,70.3,99.9,276,77.0,,,,,,,, 
2018-07-09 00:00:00,93.918,94.9,68.8,70.1,99.9,276,77.0,,,,,,,, 
2018-07-10 00:00:00,110.620,94.6,74.4,73.2,98.1,384,77.0,,,,,,,,13.52 
2018-07-11 00:00:00,114.179,94.8,86.4,75.6,99.9,250,77.0,,,,,,,,12.78 
2018-07-12 00:00:00,112.181,95.0,81.1,76.3,99.9,286,77.0,,,,,,,,14.18 
2018-07-13 00:00:00,111.233,95.1,75.1,76.2,99.9,320,77.0,,,,,,,,14.21 
2018-07-14 00:00:00,110.432,94.9,74.1,76.4,99.9,312,77.0,,,,,,,,14.23 
2018-07-15 00:00:00,111.499,95.0,76.1,75.2,99.9,284,76.4,,,,,,,,14.24 
2018-07-16 00:00:00,112.384,95.1,79.5,75.1,99.9,311,73.6,,,,,,,,14.21 
2018-07-17 00:00:00,111.027,95.2,76.2,75.5,99.9,261,74.9,,,,,,,,14.26 
2018-07-18 00:00:00,110.541,95.0,74.1,75.2,99.6,196,75.4,,,,,,,,14.28 
2018-07-19 00:00:00,110.393,94.8,74.5,69.4,99.9,266,68.6,,,,,,,,14.21 
2018-07-20 00:00:00,110.146,94.9,74.4,72.3,99.9,375,71.4,,,,,,,,14.27 
2018-07-21 00:00:00,110.320,95.0,75.2,77.3,99.9,275,72.2,,,,,,,,14.25 
2018-07-22 00:00:00,109.462,94.8,74.5,70.0,99.9,319,69.4,,,,,,,,14.21 
2018-07-23 00:00:00,109.802,94.7,74.7,74.3,99.9,476,73.1,,,,,,,,14.48 
2018-07-24 00:00:00,108.954,94.8,72.9,68.7,99.9,221,68.3,,,,,,,,14.07 
2018-07-25 00:00:00,109.024,95.3,75.3,72.2,99.9,290,72.2,,,,,,,,14.12 
2018-07-26 00:00:00,108.397,95.7,71.0,71.6,99.9,198,71.5,,,,,,,,14.15 
2018-07-27 00:00:00,107.311,95.7,71.1,72.8,99.9,238,71.7,,,,,,,,14.14 
2018-07-28 00:00:00,106.814,95.8,70.9,72.0,99.9,196,71.6,,,,,,,,14.08 
2018-07-29 00:00:00,105.989,95.8,71.3,73.3,99.9,244,71.7,,,,,,,,14.06 
2018-07-30 00:00:00,105.699,95.8,75.8,75.9,99.9,244,75.0,,,,,,,,14.05 
2018-07-31 00:00:00,107.387,95.7,77.4,72.7,99.9,263,71.7,,,,,,,,13.89 
2018-08-01 00:00:00,107.680,95.5,75.9,67.7,99.9,110,67.7,,,,,,,,13.65 
2018-08-02 00:00:00,107.487,95.4,75.7,69.5,99.9,93,68.0,,,,,,,,13.49 
2018-08-03 00:00:00,108.077,95.6,76.5,72.0,99.9,197,70.8,,,,,,,,13.44 
2018-08-04 00:00:00,107.464,95.7,77.6,72.3,99.9,251,71.4,,,,,,,,13.34 
2018-08-05 00:00:00,106.587,95.6,76.8,74.1,99.9,196,73.4,,,,,,,,13.28 
2018-08-06 00:00:00,105.310,95.5,75.6,74.1,99.9,185,72.8,,,,,,,,13.15 
2018-08-07 00:00:00,104.876,95.3,76.5,74.0,99.9,179,73.1,,,,,,,,12.98 
2018-08-08 00:00:00,103.908,95.2,73.6,72.3,99.9,217,71.5,,,,,,,,12.34 
2018-08-09 00:00:00,104.452,95.3,74.8,73.3,99.9,294,72.6,,,,,,,,12.38 
2018-08-10 00:00:00,103.925,95.2,74.1,70.8,99.9,230,69.7,,,,,,,,12.34 
2018-08-11 00:00:00,104.886,95.0,74.1,67.1,99.9,6,66.4,,,,,,,,11.93 
2018-08-13 00:00:00,103.387,95.7,71.9,83.4,99.9,811,81.6,,,,,,,,14.63 
2018-08-14 00:00:00,101.686,95.5,74.2,77.3,99.9,699,75.6,,,,,,,,14.42 
2018-08-15 00:00:00,101.204,95.4,75.6,72.9,99.9,381,74.2,,,,,,,,14.21 
2018-08-16 00:00:00,100.777,95.7,74.5,76.5,99.9,359,82.2,,,,,,,,14.24 
2018-08-17 00:00:00,100.657,95.5,75.8,73.2,99.9,572,81.2,,,,,,,,14.20 
2018-08-18 00:00:00,101.113,95.4,78.9,72.4,99.9,592,79.8,,,,,,,,14.16 
2018-08-19 00:00:00,101.773,95.5,78.8,73.3,99.9,626,77.8,,,,,,,,14.19 
2018-08-20 00:00:00,100.788,95.6,76.7,75.4,99.9,727,74.6,,,,,,,,13.78 
2018-08-21 00:00:00,101.822,95.6,76.8,73.0,99.9,658,72.1,,,,,,,,14.04 
2018-08-22 00:00:00,101.214,95.5,74.8,70.6,99.9,988,70.2,,,,,,,,14.26 
2018-08-23 00:00:00,100.044,95.5,70.4,65.8,99.9,262,66.6,,,,,,,,14.19 
2018-08-24 00:00:00,99.461,95.6,70.2,64.9,99.9,384,63.6,,,,,,,,14.23 
2018-08-25 00:00:00,98.845,95.6,70.5,66.2,99.9,469,65.6,,,,,,,,14.19 
2018-08-26 00:00:00,98.011,95.8,71.6,71.1,99.9,618,70.0,,,,,,,,14.18 
2018-08-27 00:00:00,97.628,95.8,73.2,77.7,99.9,748,76.5,,,,,,,,14.21 
2018-08-28 00:00:00,96.934,95.7,71.7,74.5,99.9,468,73.5,,,,,,,,14.23 
2018-08-29 00:00:00,96.615,95.7,72.8,74.6,99.9,473,73.0,,,,,,,,14.26 
2018-08-30 00:00:00,96.715,95.7,73.1,74.5,99.9,514,72.9,,,,,,,,14.25 
2018-08-31 00:00:00,96.463,95.8,74.1,73.5,99.9,702,72.2,,,,,,,,14.20 
2018-09-01 00:00:00,96.096,95.7,74.0,74.3,99.9,399,72.6,,,,,,,,14.18 
2018-09-02 00:00:00,95.473,95.7,76.3,75.0,99.9,559,73.6,,,,,,,,14.22 
2018-09-03 00:00:00,94.942,95.8,76.1,75.1,99.9,429,73.9,,,,,,,,14.19 
2018-09-04 00:00:00,95.845,95.8,77.2,75.4,99.9,713,73.8,,,,,,,,14.22 
2018-09-05 00:00:00,96.336,95.7,79.8,74.5,99.9,735,73.9,,,,,,,,14.20 
2018-09-06 00:00:00,96.165,95.8,76.9,75.2,99.9,793,74.4,,,,,,,,14.20 
2018-09-07 00:00:00,95.881,95.8,75.3,73.6,99.9,598,72.6,,,,,,,,14.27 
2018-09-08 00:00:00,95.129,95.9,73.9,70.7,99.9,478,69.5,,,,,,,,11.94 
2018-09-09 00:00:00,92.280,96.8,62.3,83.0,99.9,1164,79.5,,,,,,,,2.36 
2018-09-10 00:00:00,93.488,94.9,62.7,74.7,99.9,148,71.9,,,,,,,,2.52 
2018-09-11 00:00:00,95.137,95.0,62.6,76.9,99.9,992,73.9,,,,,,,,3.85 
2018-09-12 00:00:00,94.634,94.8,62.0,75.6,99.9,553,74.0,,,,,,,,3.58 
2018-09-13 00:00:00,93.320,95.0,62.1,76.3,99.9,522,74.5,,,,,,,,4.53 
2018-09-14 00:00:00,92.082,95.0,61.1,76.1,99.9,536,74.9,,,,,,,,9.39 
2018-09-15 00:00:00,91.063,94.3,61.7,71.8,99.9,275,71.8,,,,,,,,4.85 
2018-09-16 00:00:00,93.737,94.0,61.0,67.4,99.9,92,67.6,,,,,,,,4.68 
2018-09-17 00:00:00,94.538,94.4,65.3,72.1,99.9,374,72.2,,,,,,,,8.67 
2018-09-18 00:00:00,93.947,94.6,64.3,71.8,99.9,625,72.0,,,,,,,,6.71 
2018-09-19 00:00:00,93.083,94.7,61.9,71.4,99.9,461,70.6,,,,,,,,12.24 
2018-09-20 00:00:00,92.707,94.1,58.6,67.6,99.9,246,66.1,,,,,,,,8.82 
2018-09-21 00:00:00,89.630,95.4,59.8,81.1,99.9,287,79.9,,,,,,,,13.97 
2018-09-24 00:00:00,91.865,94.4,63.1,67.1,99.9,43,66.2,,,,,,,,13.96 
2018-09-25 00:00:00,92.260,94.1,65.8,65.9,99.9,79,66.4,,,,,,,,13.69 
2018-09-27 00:00:00,91.940,94.5,71.3,66.7,99.9,0,,,,,,,,,13.63 
2018-09-28 00:00:00,91.378,95.1,71.5,70.4,99.9,123,75.4,,,,,,,,13.93 
2018-09-29 00:00:00,91.136,94.8,67.6,68.7,99.9,360,76.0,,,,,,,,14.07 
2018-09-30 00:00:00,91.292,94.5,71.7,70.5,99.9,203,69.1,,,,,,,,13.93 
2018-10-01 00:00:00,90.677,94.9,68.8,70.2,99.9,355,69.8,,,,,,,,13.84 
2018-10-02 00:00:00,91.207,95.0,68.6,68.6,99.9,339,67.8,,,,,,,,13.84 
2018-10-03 00:00:00,104.068,94.7,84.3,71.9,99.9,458,69.2,,,,,,,,13.82 
2018-10-04 00:00:00,102.222,94.7,73.7,72.6,99.9,402,69.9,,,,,,,,13.80 
2018-10-05 00:00:00,99.741,94.6,68.0,73.3,99.9,467,70.1,,,,,,,,13.78 
2018-10-06 00:00:00,97.663,95.2,65.5,73.2,99.9,371,70.4,,,,,,,,13.71 
2018-10-07 00:00:00,96.496,95.4,63.5,74.4,99.9,564,72.3,,,,,,,,13.67 
2018-10-08 00:00:00,93.813,95.1,64.8,71.8,99.9,379,70.3,,,,,,,,13.52 
2018-10-09 00:00:00,92.774,94.9,66.6,68.9,99.9,355,68.8,,,,,,,,13.37 
2018-10-10 00:00:00,97.039,95.1,69.2,68.5,99.9,193,68.9,,,,,,,,13.25 
2018-10-11 00:00:00,98.371,94.9,70.0,67.8,99.9,469,68.8,,,,,,,,13.13 
2018-10-12 00:00:00,97.104,94.7,59.8,60.0,96.8,2276,61.9,,,,,,,,13.28 
2018-10-13 00:00:00,96.246,94.8,59.1,52.2,99.9,1533,65.4,,,,,,,,12.99 
2018-10-14 00:00:00,95.601,94.5,62.4,60.3,99.9,1482,64.8,,,,,,,,13.00 
2018-10-15 00:00:00,94.131,95.2,63.8,69.7,99.9,1295,70.7,,,,,,,,12.60 
2018-10-16 00:00:00,94.304,94.6,64.8,63.4,99.9,429,63.3,,,,,,,,12.38 
2018-10-18 00:00:00,112.478,92.4,62.8,69.7,70.5,2356,68.4,,,,,,,,11.87 
2018-10-23 00:00:00,100.464,80.2,56.9,66.8,98.4,5216,64.7,,,,,,,,14.58 
2018-10-25 00:00:00,101.794,79.1,49.5,50.1,99.9,252,50.9,,,,,,,,13.98 
2018-10-26 00:00:00,103.010,78.5,52.8,47.4,99.9,0,48.6,,,,,,,,13.75 
2018-10-27 00:00:00,102.892,79.3,51.7,53.5,99.9,11636,53.2,,,,,,,,14.52 
2018-10-30 00:00:00,95.496,84.1,50.3,58.3,96.9,8467,58.3,,,,,,,,14.26 
2018-10-31 00:00:00,97.693,84.8,55.0,68.3,99.9,13066,66.0,,,,,,,,14.55 
2018-11-01 00:00:00,97.550,84.3,55.1,60.7,99.9,869,61.7,,,,,,,,13.98 
2018-11-02 00:00:00,98.175,82.5,51.5,52.5,99.9,338,54.1,,,,,,,,13.81 
2018-11-03 00:00:00,97.784,74.3,49.9,44.7,99.9,5493,45.3,,,,,,,,13.98 
2018-11-04 00:00:00,96.899,70.3,51.4,45.7,99.9,5682,46.0,,,,,,,,14.00 
2018-11-05 00:00:00,96.850,73.4,61.4,55.1,99.9,769,55.5,,,,,,,,13.97 
2018-11-06 00:00:00,96.937,77.7,60.8,55.0,99.9,815,57.2,,,,,,,,13.84 
2018-11-07 00:00:00,96.351,73.7,55.7,52.5,99.9,5810,53.6,,,,,,,,13.95 
2018-11-08 00:00:00,95.957,71.6,58.0,52.4,99.9,382,53.5,,,,,,,,13.85 
2018-11-09 00:00:00,95.834,70.6,57.9,50.0,99.9,0,51.3,,,,,,,,13.52 
2018-11-10 00:00:00,87.326,56.7,44.9,35.4,99.9,4207,36.4,,,,,,,,13.95 
2018-11-11 00:00:00,96.281,56.1,50.7,37.5,97.1,6209,37.0,,,,,,,,13.29 
2018-11-12 00:00:00,96.636,61.5,56.6,39.4,99.9,79,40.2,,,,,,,,13.56 
2018-11-13 00:00:00,97.463,63.5,64.7,44.8,99.9,81,45.8,,,,,,,,13.48 
2018-11-14 00:00:00,97.225,62.3,64.6,40.4,99.9,140,41.5,,,,,,,,13.48 
2018-11-15 00:00:00,97.767,60.5,64.1,38.2,99.9,285,38.7,,,,,,,,13.51 
2018-11-16 00:00:00,97.318,58.2,61.6,36.9,99.9,5645,37.8,,,,,,,,13.85 
2018-11-17 00:00:00,96.589,63.8,61.0,38.7,98.5,4709,40.2,,,,,,,,13.97 
2018-11-18 00:00:00,95.998,63.4,60.7,41.0,99.9,7019,41.6,,,,,,,,14.07 