2017-12-04 00:00:00,-18.040,68.0,53.2,65.8,52.9,,33.8,,,,,,,, 
2017-12-05 00:00:00,-14.435,68.4,52.2,61.0,60.4,,43.4,,,,,,,, 
2017-12-06 00:00:00,-14.399,68.7,54.6,61.9,63.7,,45.6,,,,,,,, 
2017-12-07 00:00:00,-14.344,68.4,53.8,61.1,62.9,,44.2,,,,,,,, 
2017-12-08 00:00:00,-12.762,67.9,53.5,60.6,63.1,,39.3,,,,,,,, 
2017-12-09 00:00:00,-6.953,67.3,50.6,60.2,58.0,,37.8,,,,,,,, 
2017-12-10 00:00:00,-3.178,67.8,50.4,59.5,60.7,,35.5,,,,,,,, 
2017-12-11 00:00:00,0.055,69.0,50.0,59.9,61.1,,34.6,,,,,,,, 
2017-12-12 00:00:00,0.043,69.3,49.4,58.7,63.3,,34.3,,,,,,,, 
2017-12-13 00:00:00,0.002,68.8,48.5,54.4,70.8,,35.8,,,,,,,, 
2017-12-14 00:00:00,0.338,54.6,67.2,47.1,77.0,,36.9,,,,,,,, 
2017-12-15 00:00:00,0.092,35.5,94.0,36.2,89.3,,37.1,,,,,,,, 
2017-12-16 00:00:00,30.611,57.6,75.1,32.4,94.2,,34.2,,,,,,,, 
2017-12-17 00:00:00,57.411,75.3,57.7,29.3,95.7,,32.0,,,,,,,, 
2017-12-18 00:00:00,57.132,71.0,70.0,32.5,98.2,,33.6,,,,,,,, 
2017-12-19 00:00:00,56.692,67.9,71.8,36.1,97.5,,37.2,,,,,,,, 
2017-12-20 00:00:00,54.550,67.1,72.4,38.8,99.8,,39.1,,,,,,,, 
2017-12-21 00:00:00,52.518,66.7,72.5,40.5,99.9,,41.2,,,,,,,, 
2017-12-22 00:00:00,52.081,66.4,69.9,38.9,99.9,,39.6,,,,,,,, 
2017-12-23 00:00:00,51.626,67.0,72.0,45.9,99.9,,45.1,,,,,,,, 
2017-12-24 00:00:00,51.080,69.5,70.2,47.0,99.9,,46.9,,,,,,,, 
2017-12-25 00:00:00,51.564,70.3,71.5,45.8,99.9,,46.4,,,,,,,, 
2017-12-26 00:00:00,51.723,72.3,68.7,40.8,99.7,,42.3,,,,,,,, 
2017-12-27 00:00:00,51.888,72.4,68.0,38.2,99.9,,39.7,,,,,,,, 
2017-12-28 00:00:00,52.378,73.8,68.3,36.9,99.9,,39.1,,,,,,,, 
2017-12-29 00:00:00,52.309,74.0,67.2,35.7,99.9,,38.0,,,,,,,, 
2017-12-30 00:00:00,52.517,75.3,65.3,34.7,99.9,,36.3,,,,,,,, 
2017-12-31 00:00:00,52.989,76.0,67.5,38.5,99.9,,39.1,,,,,,,, 
2018-01-01 00:00:00,52.384,78.2,63.8,41.3,99.9,,42.4,,,,,,,, 
2018-01-02 00:00:00,52.134,78.2,67.2,39.0,99.9,,40.5,,,,,,,, 
2018-01-03 00:00:00,52.148,79.7,59.2,37.9,99.9,,38.8,,,,,,,, 
2018-01-04 00:00:00,51.949,83.7,60.6,35.3,99.9,,37.5,,,,,,,, 
2018-01-05 00:00:00,51.823,79.6,63.5,35.6,99.9,,37.5,,,,,,,, 
2018-01-06 00:00:00,51.140,78.5,62.8,31.3,99.9,,38.4,,,,,,,, 
2018-01-07 00:00:00,53.009,79.0,55.9,21.6,99.9,,38.4,,,,,,,, 
2018-01-08 00:00:00,52.808,78.7,60.7,26.1,99.9,,36.3,,,,,,,, 
2018-01-09 00:00:00,51.106,75.3,61.0,34.1,99.9,,35.2,,,,,,,, 
2018-01-10 00:00:00,50.546,75.0,65.4,37.0,99.9,,35.2,,,,,,,, 
2018-01-11 00:00:00,50.119,75.1,67.5,37.4,99.9,,,,,,,,,, 
2018-01-12 00:00:00,49.955,75.7,62.9,35.2,99.9,,36.5,,,,,,,, 
2018-01-13 00:00:00,49.994,77.1,60.6,33.0,99.9,,34.3,,,,,,,, 
2018-01-14 00:00:00,49.568,77.7,59.0,31.0,99.8,,32.2,,,,,,,, 
2018-01-15 00:00:00,49.020,81.4,53.4,32.8,99.9,,34.0,,,,,,,, 
2018-01-16 00:00:00,48.609,87.0,57.0,35.7,99.9,,37.3,,,,,,,, 
2018-01-17 00:00:00,48.438,81.5,67.5,33.1,99.9,,34.8,,,,,,,, 
2018-01-18 00:00:00,48.344,81.8,67.5,33.8,99.9,,35.2,,,,,,,, 
2018-01-19 00:00:00,48.236,82.2,68.8,33.7,99.9,,34.8,,,,,,,, 
2018-01-20 00:00:00,48.244,82.5,67.3,34.1,99.9,,35.7,,,,,,,, 
2018-01-21 00:00:00,48.085,81.9,69.7,32.8,99.9,,34.6,,,,,,,, 
2018-01-22 00:00:00,48.020,81.0,66.2,33.0,99.9,,34.2,,,,,,,, 
2018-01-23 00:00:00,48.016,81.0,65.2,34.9,99.9,,35.9,,,,,,,, 
2018-01-24 00:00:00,47.499,86.3,61.2,47.6,99.9,,49.1,,,,,,,, 
2018-01-25 00:00:00,47.633,86.9,62.4,42.1,99.9,,44.1,,,,,,,, 
2018-01-26 00:00:00,47.386,85.9,66.5,37.2,99.9,,39.4,,,,,,,, 
2018-01-27 00:00:00,47.090,86.2,62.2,38.7,99.9,,40.5,,,,,,,, 
2018-01-28 00:00:00,47.009,83.2,65.1,41.8,99.9,,43.3,,,,,,,, 
2018-01-29 00:00:00,46.814,84.0,64.7,42.8,99.9,,44.1,,,,,,,, 
2018-01-30 00:00:00,46.651,84.4,63.3,39.0,99.9,,40.6,,,,,,,, 
2018-01-31 00:00:00,46.573,83.9,64.5,38.3,99.9,,39.8,,,,,,,, 
2018-02-01 00:00:00,46.348,83.6,61.6,35.9,99.9,,37.7,,,,,,,, 
2018-02-02 00:00:00,46.476,84.1,64.9,35.5,99.9,,36.7,,,,,,,, 
2018-02-03 00:00:00,46.074,83.1,60.9,27.7,99.9,,29.2,,,,,,,, 
2018-02-04 00:00:00,47.084,83.0,62.3,30.5,99.9,,32.2,,,,,,,, 
2018-02-05 00:00:00,52.432,83.3,62.4,22.3,97.4,,28.3,,,,,,,, 
2018-02-06 00:00:00,55.493,83.0,64.2,22.8,97.9,,25.3,,,,,,,, 
2018-02-07 00:00:00,53.344,82.2,65.4,26.5,99.4,,28.7,,,,,,,, 
2018-02-08 00:00:00,53.163,82.7,65.2,25.4,99.6,,30.0,,,,,,,, 
2018-02-09 00:00:00,51.737,82.0,63.6,26.3,99.5,,29.7,,,,,,,, 
2018-02-10 00:00:00,48.755,82.5,66.8,29.3,99.8,,31.6,,,,,,,, 
2018-02-11 00:00:00,47.000,82.9,67.1,33.1,99.9,,34.1,,,,,,,, 
2018-02-12 00:00:00,45.210,82.6,65.1,35.0,99.9,,36.4,,,,,,,, 
2018-02-13 00:00:00,43.813,83.3,63.1,31.2,99.9,,33.6,,,,,,,, 
2018-02-14 00:00:00,43.657,83.8,62.4,29.1,99.7,,32.3,,,,,,,, 
2018-02-15 00:00:00,43.348,82.7,62.1,32.7,99.9,,33.5,,,,,,,, 
2018-02-16 00:00:00,44.046,83.8,64.3,35.1,99.9,,36.2,,,,,,,, 
2018-02-17 00:00:00,43.466,84.0,65.2,35.2,99.9,,37.0,,,,,,,, 
2018-02-18 00:00:00,43.228,85.3,60.4,34.5,99.9,,36.4,,,,,,,, 
2018-02-19 00:00:00,42.935,85.6,59.5,32.5,99.9,,34.7,,,,,,,, 
2018-02-20 00:00:00,42.736,85.5,58.6,32.6,99.9,,35.3,,,,,,,, 
2018-02-21 00:00:00,42.320,85.7,59.0,33.5,99.6,,35.9,,,,,,,, 
2018-02-22 00:00:00,42.760,85.7,57.1,29.8,99.8,,35.6,,,,,,,, 
2018-02-23 00:00:00,43.719,86.3,56.3,26.8,99.9,,29.2,,,,,,,, 
2018-02-24 00:00:00,43.098,85.1,56.0,28.0,95.3,,31.9,,,,,,,, 
2018-02-25 00:00:00,44.652,86.3,54.9,24.3,93.9,,28.5,,,,,,,, 
2018-02-26 00:00:00,44.640,86.2,56.5,24.5,92.1,,28.0,,,,,,,, 
2018-02-27 00:00:00,44.783,86.3,50.5,20.9,88.1,,23.3,,,,,,,, 
2018-02-28 00:00:00,44.457,85.7,46.1,18.9,91.7,,20.8,,,,,,,, 
2018-03-01 00:00:00,43.335,84.0,54.5,22.8,93.4,,24.2,,,,,,,, 
2018-03-02 00:00:00,42.574,83.8,61.2,25.6,99.9,,26.6,,,,,,,, 
2018-03-03 00:00:00,42.540,83.9,63.6,28.4,99.9,,29.6,,,,,,,, 
2018-03-04 00:00:00,42.274,84.7,62.1,28.8,99.8,,29.6,,,,,,,, 
2018-03-05 00:00:00,41.914,84.8,64.0,30.7,99.9,,31.4,,,,,,,, 
2018-03-06 00:00:00,42.780,85.9,65.5,33.7,99.9,,38.0,,,,,,,, 
2018-03-07 00:00:00,41.987,86.4,61.2,32.7,99.9,,34.7,,,,,,,, 
2018-03-08 00:00:00,42.278,86.9,60.8,33.1,99.9,,34.4,,,,,,,, 
2018-03-09 00:00:00,41.189,86.6,58.2,32.0,99.9,,33.3,,,,,,,, 
2018-03-10 00:00:00,40.725,87.2,58.2,31.9,99.9,,33.5,,,,,,,, 
2018-03-11 00:00:00,41.076,87.0,61.7,35.0,99.9,,33.6,,,,,,,, 
2018-03-12 00:00:00,41.151,88.6,70.1,38.9,99.9,,34.2,,,,,,,, 
2018-03-13 00:00:00,41.981,90.2,60.0,36.1,99.9,,37.1,,,,,,,, 
2018-03-14 00:00:00,41.988,88.7,57.8,34.1,99.9,,35.5,,,,,,,, 
2018-03-15 00:00:00,41.841,87.8,54.2,31.4,99.9,,32.8,,,,,,,, 
2018-03-16 00:00:00,42.289,86.8,53.3,28.1,99.5,,29.7,,,,,,,, 
2018-03-17 00:00:00,43.322,86.9,53.2,26.1,99.0,,27.8,,,,,,,, 
2018-03-18 00:00:00,42.170,85.5,61.9,27.7,95.7,,31.0,,,,,,,, 
2018-03-19 00:00:00,40.367,85.5,66.5,28.0,94.6,,31.2,,,,,,,, 
2018-03-20 00:00:00,40.563,85.9,64.7,32.0,99.4,,34.9,,,,,,,, 
2018-03-21 00:00:00,40.254,86.9,66.5,32.2,99.9,,34.4,,,,,,,, 
2018-03-22 00:00:00,40.181,86.9,66.3,34.5,99.9,,36.0,,,,,,,, 
2018-03-23 00:00:00,39.260,87.5,66.5,33.4,99.9,,34.3,,,,,,,, 
2018-03-24 00:00:00,38.920,88.3,62.9,35.8,99.9,,36.8,,,,,,,, 
2018-03-25 00:00:00,38.725,90.7,67.6,41.4,99.9,,43.0,,,,,,,, 
2018-03-26 00:00:00,38.704,92.6,61.7,39.8,99.9,,40.7,,,,,,,, 
2018-03-27 00:00:00,38.673,91.5,67.6,35.4,99.9,,36.5,,,,,,,, 
2018-03-28 00:00:00,38.789,90.0,66.3,31.3,99.9,,32.8,,,,,,,, 
2018-03-29 00:00:00,38.214,89.0,70.9,33.1,99.9,,34.4,,,,,,,, 
2018-03-30 00:00:00,38.008,89.6,77.2,33.9,99.4,,36.5,,,,,,,, 
2018-03-31 00:00:00,37.967,90.1,76.7,33.3,99.9,,34.4,,,,,,,, 
2018-04-01 00:00:00,37.742,89.4,79.3,34.8,99.9,,35.6,,,,,,,, 
2018-04-02 00:00:00,37.599,90.5,77.3,34.7,85.8,,38.6,,,,,,,, 
2018-04-03 00:00:00,37.538,92.6,70.0,36.2,99.9,,37.5,,,,,,,, 
2018-04-04 00:00:00,36.407,93.8,82.8,48.9,99.9,,51.1,,,,,,,, 
2018-04-05 00:00:00,36.284,95.7,79.1,45.0,99.9,,46.1,,,,,,,, 
2018-04-06 00:00:00,36.137,95.4,85.6,40.9,91.4,,44.2,,,,,,,, 
2018-04-07 00:00:00,36.095,95.5,88.6,44.1,90.2,,47.2,,,,,,,, 
2018-04-08 00:00:00,35.753,94.8,92.2,48.9,99.9,,54.7,,,,,,,, 
2018-04-09 00:00:00,35.613,95.2,86.4,50.0,99.9,,54.0,,,,,,,, 
2018-04-10 00:00:00,35.531,95.2,75.0,47.5,99.9,,48.5,,,,,,,, 
2018-04-11 00:00:00,35.723,95.1,82.0,44.1,97.4,,46.8,,,,,,,, 
2018-04-12 00:00:00,35.828,95.2,88.2,47.2,99.7,,48.9,,,,,,,, 
2018-04-13 00:00:00,35.893,94.9,90.3,52.2,99.9,,53.9,,,,,,,, 
2018-04-14 00:00:00,35.791,95.3,91.7,51.4,99.9,,52.1,,,,,,,, 
2018-04-15 00:00:00,33.499,95.0,83.2,46.8,99.9,,47.3,,,,,,,, 
2018-04-16 00:00:00,33.626,94.7,93.0,51.2,99.9,,52.0,,,,,,,, 
2018-04-17 00:00:00,35.221,95.2,94.3,51.1,99.9,,53.2,,,,,,,, 
2018-04-18 00:00:00,37.912,95.4,96.2,56.1,99.9,,59.5,,,,,,,, 
2018-04-19 00:00:00,45.631,95.1,93.9,60.4,99.7,,65.1,,,,,,,, 
2018-04-20 00:00:00,51.973,95.4,90.4,61.4,99.9,,65.8,,,,,,,, 
2018-04-21 00:00:00,59.453,95.3,77.5,53.6,99.4,,56.5,,,,,,,, 
2018-04-22 00:00:00,60.489,95.5,77.7,49.5,99.1,,52.7,,,,,,,, 
2018-04-23 00:00:00,53.354,95.4,85.4,53.8,98.6,,55.0,,,,,,,, 
2018-04-24 00:00:00,53.235,95.2,79.6,50.3,99.9,,51.3,,,,,,,, 
2018-04-25 00:00:00,52.228,95.0,82.1,47.2,99.9,,49.0,,,,,,,, 
2018-04-26 00:00:00,50.938,95.1,86.3,47.5,99.9,,49.4,,,,,,,, 
2018-04-27 00:00:00,50.803,95.2,92.9,50.7,99.9,,52.7,,,,,,,, 
2018-04-28 00:00:00,51.023,95.6,96.8,51.7,99.9,,54.4,,,,,,,, 
2018-04-29 00:00:00,52.615,95.6,98.0,51.8,99.9,,54.2,,,,,,,, 
2018-04-30 00:00:00,53.949,95.3,90.2,51.9,99.9,,53.5,,,,,,,, 
2018-05-01 00:00:00,52.827,95.0,85.4,47.1,99.9,,48.2,,,,,,,, 
2018-05-02 00:00:00,52.787,95.5,95.2,49.9,98.1,,53.0,,,,,,,, 
2018-05-03 00:00:00,53.711,95.5,99.6,46.2,99.9,,48.3,,,,,,,, 
2018-05-04 00:00:00,55.918,95.3,99.5,51.9,91.4,,55.3,,,,,,,, 
2018-05-05 00:00:00,60.249,95.3,99.6,52.0,91.4,,56.1,,,,,,,, 
2018-05-06 00:00:00,66.959,95.4,99.9,56.5,92.0,,61.0,,,,,,,, 
2018-05-07 00:00:00,73.395,95.2,97.0,58.2,96.8,,63.8,,,,,,,, 
2018-05-08 00:00:00,82.053,95.2,94.0,59.4,93.9,,64.6,,,,,,,, 
2018-05-09 00:00:00,88.542,95.2,91.3,61.6,97.4,,65.8,,,,,,,, 
2018-05-10 00:00:00,92.636,95.3,90.4,62.7,99.9,,66.6,,,,,,,, 
2018-05-11 00:00:00,75.630,95.1,91.5,56.4,99.9,,58.5,,,,,,,, 
2018-05-12 00:00:00,80.145,95.0,95.6,55.9,99.9,,58.7,,,,,,,, 
2018-05-13 00:00:00,86.051,94.9,95.4,60.8,90.7,,64.8,,,,,,,, 
2018-05-14 00:00:00,93.651,94.8,89.0,65.3,92.9,,70.0,,,,,,,, 
2018-05-15 00:00:00,102.380,94.9,81.4,62.0,85.7,,65.6,,,,,,,, 
2018-05-16 00:00:00,105.437,95.0,82.2,64.8,83.0,,68.1,,,,,,,, 
2018-05-17 00:00:00,94.276,95.0,85.2,63.1,99.9,,66.2,,,,,,,, 
2018-05-18 00:00:00,87.984,95.2,89.1,59.8,99.9,,41.0,,,,,,,, 
2018-05-19 00:00:00,82.574,95.3,88.3,60.0,98.9,,62.6,,,,,,,, 
2018-05-20 00:00:00,87.651,95.6,84.9,58.8,93.0,,62.9,,,,,,,, 
2018-05-21 00:00:00,87.099,95.5,82.2,57.7,87.6,,60.9,,,,,,,, 
2018-05-22 00:00:00,86.300,95.4,80.9,62.0,89.4,,65.3,,,,,,,, 
2018-05-23 00:00:00,85.521,95.4,88.0,62.9,80.0,,66.5,,,,,,,, 
2018-05-24 00:00:00,86.263,95.3,86.5,64.1,78.1,,68.4,,,,,,,, 
2018-05-25 00:00:00,87.015,95.3,83.4,64.3,72.4,,67.5,,,,,,,, 
2018-05-26 00:00:00,63.061,95.2,88.7,62.5,99.9,,64.7,,,,,,,, 
2018-05-27 00:00:00,51.653,95.1,93.9,62.2,99.9,,64.6,,,,,,,, 
2018-05-28 00:00:00,57.195,94.9,93.2,62.0,99.9,,64.9,,,,,,,, 
2018-05-29 00:00:00,61.867,94.8,97.6,69.8,96.9,,73.8,,,,,,,, 
2018-05-30 00:00:00,71.405,94.9,93.0,71.3,88.8,,74.5,,,,,,,, 
2018-05-31 00:00:00,82.437,95.0,80.7,68.9,87.0,,72.6,,,,,,,, 
2018-06-01 00:00:00,84.339,95.1,80.4,68.6,88.7,,72.3,,,,,,,, 
2018-06-02 00:00:00,81.613,95.1,86.7,70.0,85.4,,73.5,,,,,,,, 
2018-06-03 00:00:00,79.276,95.2,91.9,70.5,99.9,,73.4,,,,,,,, 
2018-06-04 00:00:00,77.721,95.2,92.6,67.0,99.9,,68.5,,,,,,,, 
2018-06-05 00:00:00,83.420,95.1,76.2,65.0,70.8,,69.0,,,,,,,, 
2018-06-06 00:00:00,76.691,95.0,71.2,62.6,90.7,,66.5,,,,,,,, 
2018-06-07 00:00:00,75.030,95.1,71.4,64.2,79.6,,68.7,,,,,,,, 
2018-06-08 00:00:00,76.166,95.1,77.8,65.8,76.3,,70.9,,,,,,,, 
2018-06-09 00:00:00,73.095,95.3,77.2,68.9,82.3,,72.2,,,,,,,, 
2018-06-10 00:00:00,62.193,95.3,86.0,67.1,97.6,,69.2,,,,,,,, 
2018-06-11 00:00:00,57.814,94.9,68.8,61.8,99.9,,62.3,,,,,,,, 
2018-06-12 00:00:00,59.436,95.0,73.3,62.1,99.9,,62.9,,,,,,,, 
2018-06-13 00:00:00,58.943,95.0,83.0,63.5,99.2,,66.3,,,,,,,, 
2018-06-14 00:00:00,64.634,95.0,77.3,62.4,99.7,,63.6,,,,,,,, 
2018-06-15 00:00:00,55.730,94.9,81.6,63.3,86.3,,65.9,,,,,,,, 
2018-06-16 00:00:00,61.839,95.0,80.5,61.6,98.0,,64.0,,,,,,,, 
2018-06-17 00:00:00,40.055,94.9,83.6,62.4,99.9,,64.2,,,,,,,, 
2018-06-18 00:00:00,57.929,94.9,74.8,61.0,99.9,,61.0,,,,,,,, 
2018-06-19 00:00:00,60.739,94.6,73.8,63.7,93.0,,65.0,,,,,,,, 
2018-06-20 00:00:00,65.502,94.5,74.6,64.0,99.9,,64.6,,,,,,,, 
2018-06-21 00:00:00,69.644,94.5,63.4,59.3,98.7,,60.3,,,,,,,, 
2018-06-22 00:00:00,22.761,94.3,63.5,56.8,99.9,,59.2,,,,,,,, 
2018-06-23 00:00:00,17.088,94.4,68.1,59.9,99.9,,62.6,,,,,,,, 
2018-06-24 00:00:00,36.706,94.6,73.3,61.6,96.8,,64.7,,,,,,,, 
2018-06-25 00:00:00,56.412,94.7,79.0,64.5,94.5,,67.4,,,,,,,, 
2018-06-26 00:00:00,65.353,94.7,80.6,67.2,88.9,,71.7,,,,,,,, 
2018-06-27 00:00:00,71.359,94.7,79.1,67.7,89.5,,71.5,,,,,,,, 
2018-06-28 00:00:00,73.901,95.0,74.7,68.6,85.6,,72.0,,,,,,,, 
2018-06-29 00:00:00,74.415,94.8,68.9,67.0,86.9,,70.5,,,,,,,, 
2018-06-30 00:00:00,70.592,94.6,69.9,65.8,79.3,,68.5,,,,,,,, 
2018-07-01 00:00:00,71.525,94.6,66.1,64.2,82.8,,66.9,,,,,,,, 
2018-07-02 00:00:00,72.191,94.5,62.2,65.0,69.8,,67.7,,,,,,,, 
2018-07-03 00:00:00,61.198,94.8,73.8,60.6,95.1,,61.7,,,,,,,, 
2018-07-04 00:00:00,55.347,86.7,68.3,68.7,91.4,,71.3,,,,,,,, 
2018-07-05 00:00:00,50.462,92.5,51.2,63.3,99.9,,63.9,,,,,,,, 
2018-07-06 00:00:00,52.235,92.3,46.5,65.3,92.6,,67.0,,,,,,,, 
2018-07-07 00:00:00,53.731,91.4,47.0,67.2,99.0,,68.5,,,,,,,, 
2018-07-08 00:00:00,42.883,92.4,60.5,70.7,99.3,,72.4,,,,,,,, 
2018-07-09 00:00:00,49.578,92.3,55.5,64.3,94.2,,65.9,,,,,,,, 
2018-07-10 00:00:00,49.976,91.6,54.5,63.2,99.4,,64.2,,,,,,,, 
2018-07-11 00:00:00,33.368,92.1,56.3,68.7,98.4,,70.3,,,,,,,, 
2018-07-12 00:00:00,49.568,92.5,54.6,71.5,82.3,,73.7,,,,,,,, 
2018-07-13 00:00:00,62.958,92.6,55.8,74.0,85.5,,76.2,,,,,,,, 
2018-07-14 00:00:00,63.959,91.1,54.2,65.6,98.9,,66.8,,,,,,,, 
2018-07-15 00:00:00,59.331,90.9,56.7,66.7,98.7,,69.7,,,,,,,, 
2018-07-16 00:00:00,59.093,91.7,58.1,71.9,93.8,,74.2,,,,,,,, 
2018-07-17 00:00:00,53.891,91.8,61.9,69.1,99.8,,70.3,,,,,,,, 
2018-07-18 00:00:00,50.234,92.0,62.2,72.0,99.9,,72.9,,,,,,,, 
2018-07-19 00:00:00,61.474,91.5,56.3,69.6,93.1,,71.8,,,,,,,, 
2018-07-20 00:00:00,60.802,90.3,54.6,65.9,92.7,,68.9,,,,,,,, 
2018-07-21 00:00:00,61.446,90.0,53.5,68.0,81.4,,71.0,,,,,,,, 
2018-07-22 00:00:00,59.611,90.4,55.1,69.8,91.8,,72.3,,,,,,,, 
2018-07-23 00:00:00,54.302,90.8,57.6,69.6,99.7,,71.0,,,,,,,, 
2018-07-24 00:00:00,52.943,91.2,63.2,74.0,99.1,,76.2,,,,,,,, 
2018-07-25 00:00:00,56.336,91.7,61.3,76.9,88.8,,79.5,,,,,,,, 
2018-07-26 00:00:00,62.669,92.0,59.1,77.3,87.0,,79.9,,,,,,,, 
2018-07-27 00:00:00,55.351,92.2,61.9,76.9,94.9,,79.3,,,,,,,, 
2018-07-28 00:00:00,54.193,92.1,63.0,76.9,99.3,,78.7,,,,,,,, 
2018-07-29 00:00:00,44.563,91.0,61.7,72.3,98.3,,74.6,,,,,,,, 
2018-07-30 00:00:00,53.530,91.1,61.0,74.9,93.8,,77.9,,,,,,,, 
2018-07-31 00:00:00,62.026,92.5,58.4,77.8,78.3,,80.7,,,,,,,, 
2018-08-01 00:00:00,25.906,92.5,64.6,70.8,99.9,,73.6,,,,,,,, 
2018-08-02 00:00:00,18.660,90.9,59.1,69.8,92.4,,72.6,,,,,,,, 
2018-08-03 00:00:00,36.755,90.1,57.4,71.3,89.6,,74.4,,,,,,,, 
2018-08-04 00:00:00,47.603,90.7,59.2,71.4,99.9,,73.5,,,,,,,, 
2018-08-05 00:00:00,33.821,89.5,56.2,62.4,99.9,,68.7,,,,,,,, 
2018-08-06 00:00:00,48.703,88.7,57.0,65.6,99.9,,69.5,,,,,,,, 
2018-08-07 00:00:00,49.758,93.2,71.2,74.4,88.8,,77.7,,,,,,,, 
2018-08-08 00:00:00,56.575,95.0,78.2,68.9,99.9,,78.5,,,,,,,, 
2018-08-09 00:00:00,54.659,94.7,69.3,66.4,99.9,,75.8,,,,,,,, 
2018-08-10 00:00:00,33.914,92.5,61.5,67.1,96.8,,68.9,,,,,,,, 
2018-08-11 00:00:00,95.986,90.1,53.5,61.0,99.8,,63.4,,,,,,,, 
2018-08-12 00:00:00,96.051,87.0,54.2,60.1,99.9,,61.2,,,,,,,, 
2018-08-13 00:00:00,96.428,87.0,65.7,59.7,99.9,,64.2,,,,,,,, 
2018-08-14 00:00:00,95.877,91.0,67.8,,,,72.2,,,,,,,, 
2018-08-15 00:00:00,96.280,90.4,57.3,,,,68.9,,,,,,,, 
2018-08-16 00:00:00,96.373,90.2,60.2,,,,71.1,,,,,,,, 
2018-08-17 00:00:00,96.529,88.8,60.0,,,,64.6,,,,,,,, 
2018-08-18 00:00:00,96.472,85.4,62.3,,,,63.4,,,,,,,, 
2018-08-19 00:00:00,91.298,88.5,70.1,,,,66.7,,,,,,,, 
2018-08-20 00:00:00,83.554,85.4,60.7,,,,67.1,,,,,,,, 
2018-08-21 00:00:00,83.038,79.7,61.3,,,,64.7,,,,,,,, 
2018-08-22 00:00:00,76.521,84.0,72.3,,,,69.3,,,,,,,, 
2018-08-23 00:00:00,64.595,88.2,70.9,,,,72.6,,,,,,,, 
2018-08-24 00:00:00,65.252,86.3,72.9,,,,64.1,,,,,,,, 
2018-08-25 00:00:00,65.513,85.0,74.7,,,,57.4,,,,,,,, 
2018-08-26 00:00:00,65.464,85.0,73.7,,,,57.9,,,,,,,, 
2018-08-27 00:00:00,65.101,86.6,71.3,,,,53.9,,,,,,,, 
2018-08-28 00:00:00,65.171,88.5,78.3,,,,64.7,,,,,,,, 
2018-08-29 00:00:00,64.583,89.9,72.9,,,,64.0,,,,,,,, 
2018-08-30 00:00:00,64.731,87.2,73.6,,,,61.1,,,,,,,, 
2018-08-31 00:00:00,64.973,88.5,80.0,,,,60.4,,,,,,,, 
2018-09-01 00:00:00,64.425,91.3,78.6,,,,60.5,,,,,,,, 
2018-09-02 00:00:00,64.084,91.9,82.7,,,,63.9,,,,,,,, 
2018-09-03 00:00:00,64.157,92.8,83.8,,,,65.4,,,,,,,, 
2018-09-04 00:00:00,64.224,93.3,85.0,,,,63.8,,,,,,,, 
2018-09-05 00:00:00,63.299,93.8,84.7,,,,66.6,,,,,,,, 
2018-09-06 00:00:00,61.583,94.1,79.2,,,,63.8,,,,,,,, 
2018-09-07 00:00:00,65.446,94.7,84.5,,,,64.3,,,,,,,, 
2018-09-08 00:00:00,69.258,93.7,82.8,,,,57.9,,,,,,,, 
2018-09-09 00:00:00,68.567,94.6,81.9,,,,62.3,,,,,,,, 
2018-09-10 00:00:00,68.394,94.9,79.3,,,,63.2,,,,,,,, 
2018-09-11 00:00:00,68.665,91.3,88.6,,,,58.9,,,,,,,, 
2018-09-12 00:00:00,68.460,87.7,87.1,,,,56.7,,,,,,,, 
2018-09-13 00:00:00,67.840,90.1,79.4,,,,57.0,,,,,,,, 
2018-09-14 00:00:00,68.347,92.5,75.8,,,,56.2,,,,,,,, 
2018-09-15 00:00:00,68.479,91.5,73.2,,,,58.0,,,,,,,, 
2018-09-16 00:00:00,68.716,90.8,71.0,,,,53.9,,,,,,,, 
2018-09-17 00:00:00,69.237,93.1,71.6,,,,62.2,,,,,,,, 
2018-09-18 00:00:00,70.389,93.8,71.8,,,,71.6,,,,,,,, 
2018-09-19 00:00:00,71.632,93.8,72.2,,,,65.0,,,,,,,, 
2018-09-20 00:00:00,72.237,93.4,72.0,,,,63.9,,,,,,,, 
2018-09-21 00:00:00,72.337,92.2,70.9,,,,60.8,,,,,,,, 
2018-09-22 00:00:00,72.144,86.0,67.1,52.6,99.9,,54.2,,,,,,,, 
2018-09-23 00:00:00,71.795,80.4,63.9,52.0,99.9,,53.2,,,,,,,, 
2018-09-24 00:00:00,70.169,84.8,74.8,45.6,99.9,,48.7,,,,,,,, 
2018-09-25 00:00:00,68.114,91.5,74.5,45.9,99.9,,49.7,,,,,,,, 
2018-09-26 00:00:00,67.328,84.0,77.0,49.2,99.9,,56.0,,,,,,,, 
2018-09-27 00:00:00,66.975,82.0,87.8,,,,60.1,,,,,,,, 
2018-09-28 00:00:00,66.406,76.8,82.8,,,,56.0,,,,,,,, 
2018-09-29 00:00:00,66.300,74.2,92.2,37.5,99.9,,50.2,,,,,,,, 
2018-09-30 00:00:00,65.835,79.1,94.0,53.6,99.9,,54.5,,,,,,,, 
2018-10-01 00:00:00,65.624,80.9,86.9,47.1,99.9,,50.1,,,,,,,, 
2018-10-02 00:00:00,65.521,79.7,85.0,45.7,99.9,,47.2,,,,,,,, 
2018-10-03 00:00:00,65.239,75.9,83.0,48.7,99.9,,51.2,,,,,,,, 
2018-10-04 00:00:00,65.054,76.2,81.4,50.4,99.9,,51.1,,,,,,,, 
2018-10-05 00:00:00,65.198,69.7,90.5,55.7,99.9,,49.5,,,,,,,, 
2018-10-06 00:00:00,65.217,73.5,76.8,51.7,99.9,,53.0,,,,,,,, 
2018-10-07 00:00:00,64.355,71.0,80.6,46.5,99.9,,49.1,,,,,,,, 
2018-10-08 00:00:00,61.307,66.0,95.4,49.4,99.9,,50.9,,,,,,,, 
2018-10-09 00:00:00,61.252,77.0,77.8,54.8,99.9,,55.7,,,,,,,, 
2018-10-10 00:00:00,61.567,79.7,64.9,49.5,99.9,,54.8,,,,,,,, 
2018-10-11 00:00:00,61.705,78.6,71.1,56.5,99.9,,59.0,,,,,,,, 
2018-10-12 00:00:00,61.644,77.8,78.1,56.1,99.9,,59.4,,,,,,,, 
2018-10-13 00:00:00,61.787,83.4,69.3,57.8,99.9,,61.9,,,,,,,, 
2018-10-14 00:00:00,61.854,82.0,68.9,56.4,99.9,,59.3,,,,,,,, 
2018-10-15 00:00:00,62.320,83.7,65.4,53.6,99.9,,57.9,,,,,,,, 
2018-10-16 00:00:00,63.135,87.5,63.3,53.4,99.9,,57.8,,,,,,,, 
2018-10-17 00:00:00,63.830,88.7,61.9,52.8,99.9,,56.2,,,,,,,, 
2018-10-18 00:00:00,63.878,85.7,67.7,50.1,99.9,,53.2,,,,,,,, 
2018-10-19 00:00:00,63.608,81.2,76.0,43.0,99.9,,45.4,,,,,,,, 
2018-10-20 00:00:00,63.556,79.0,81.9,47.3,99.9,,49.9,,,,,,,, 
2018-10-21 00:00:00,63.470,79.3,84.0,49.0,99.9,,50.7,,,,,,,, 
2018-10-22 00:00:00,63.351,79.1,81.7,49.5,99.9,,51.8,,,,,,,, 
2018-10-23 00:00:00,63.351,79.8,88.8,50.3,99.9,,52.2,,,,,,,, 
2018-10-24 00:00:00,63.078,80.0,80.3,44.3,99.9,,46.9,,,,,,,, 
2018-10-25 00:00:00,62.880,79.5,80.6,49.7,99.9,,51.3,,,,,,,, 
2018-10-26 00:00:00,62.839,78.9,81.3,45.5,99.9,,47.2,,,,,,,, 
2018-10-27 00:00:00,62.925,78.4,78.2,39.8,99.9,,41.5,,,,,,,, 
2018-10-28 00:00:00,62.758,78.2,76.9,34.2,99.9,,36.5,,,,,,,, 
2018-10-29 00:00:00,62.449,76.9,71.4,39.4,99.9,,40.9,,,,,,,, 
2018-10-30 00:00:00,62.333,81.4,72.6,48.0,99.9,,49.8,,,,,,,, 
2018-10-31 00:00:00,62.139,81.5,71.3,44.3,99.9,,46.7,,,,,,,, 
2018-11-01 00:00:00,61.873,81.2,79.2,46.5,99.9,,48.5,,,,,,,, 
2018-11-02 00:00:00,61.872,80.3,71.3,46.6,99.9,,48.8,,,,,,,, 
2018-11-03 00:00:00,61.990,81.4,68.9,38.9,99.9,,43.9,,,,,,,, 
2018-11-04 00:00:00,61.902,79.2,76.5,40.0,99.9,,44.9,,,,,,,, 
2018-11-05 00:00:00,61.783,75.7,83.1,48.7,99.9,,49.6,,,,,,,, 
2018-11-06 00:00:00,61.874,76.2,77.0,46.4,99.9,,49.3,,,,,,,, 
2018-11-07 00:00:00,61.977,76.1,76.5,47.0,99.9,,49.0,,,,,,,, 
2018-11-08 00:00:00,62.006,71.1,89.8,46.2,99.9,,47.8,,,,,,,, 
2018-11-09 00:00:00,61.877,68.8,92.1,46.3,99.9,,47.2,,,,,,,, 
2018-11-10 00:00:00,61.818,67.4,92.1,47.6,99.9,,48.0,,,,,,,, 
2018-11-11 00:00:00,61.917,66.6,93.7,48.6,99.9,,50.0,,,,,,,, 
2018-11-12 00:00:00,61.960,67.2,96.5,50.6,99.9,,50.6,,,,,,,, 
2018-11-13 00:00:00,61.830,67.7,97.4,,,,23.7,,,,,,,, 
2018-11-14 00:00:00,61.435,69.5,94.4,,,,49.7,,,,,,,, 
2018-11-15 00:00:00,61.178,69.8,95.6,,,,49.3,,,,,,,, 
2018-11-16 00:00:00,61.193,67.4,93.4,,,,46.4,,,,,,,, 
2018-11-17 00:00:00,60.981,66.4,94.9,,,,43.7,,,,,,,, 
2018-11-18 00:00:00,60.820,69.2,96.9,,,,45.5,,,,,,,, 