2014-04-20 00:00:00,37.945,64.2,36.8,32.0,0.0,0,56.9,,,,,,,, 
2014-04-21 00:00:00,38.143,67.6,28.6,32.0,0.0,0,60.1,,,,,,,, 
2014-04-22 00:00:00,37.853,63.0,53.7,32.0,0.0,0,59.5,,,,,,,, 
2014-04-23 00:00:00,37.926,62.0,32.9,32.0,0.0,0,60.7,,,,,,,, 
2014-04-24 00:00:00,38.149,60.3,28.9,32.0,0.0,0,58.7,,,,,,,, 
2014-04-25 00:00:00,37.960,64.2,45.5,32.0,0.0,0,63.3,,,,,,,, 
2014-04-26 00:00:00,37.947,63.4,38.5,32.0,0.0,0,62.5,,,,,,,, 
2014-04-27 00:00:00,38.005,66.2,44.9,32.0,0.0,0,65.4,,,,,,,, 
2014-04-28 00:00:00,37.740,68.1,63.2,32.0,0.0,0,65.9,,,,,,,, 
2014-04-29 00:00:00,37.556,66.5,72.7,32.0,0.0,0,64.6,,,,,,,, 
2014-04-30 00:00:00,37.409,63.6,76.5,32.0,0.0,0,60.4,,,,,,,, 
2014-05-01 00:00:00,37.483,60.0,50.5,32.0,0.0,0,58.6,,,,,,,, 
2014-05-02 00:00:00,37.867,58.0,38.2,32.0,0.0,0,55.9,,,,,,,, 
2014-05-03 00:00:00,37.962,61.0,38.4,32.0,0.0,0,59.4,,,,,,,, 
2014-05-04 00:00:00,37.979,66.4,37.9,32.0,0.0,0,68.5,,,,,,,, 
2014-05-05 00:00:00,38.015,72.2,34.8,32.0,0.0,0,73.6,,,,,,,, 
2014-05-06 00:00:00,37.920,72.9,35.6,32.0,0.0,0,72.9,,,,,,,, 
2014-05-07 00:00:00,37.809,70.9,40.9,32.0,0.0,0,69.0,,,,,,,, 
2014-05-08 00:00:00,37.809,71.5,44.1,32.0,0.0,0,69.1,,,,,,,, 
2014-05-09 00:00:00,37.446,67.9,60.2,32.0,0.0,0,64.0,,,,,,,, 
2014-05-10 00:00:00,37.289,65.0,73.6,32.0,0.0,0,61.0,,,,,,,, 
2014-05-11 00:00:00,37.513,68.0,63.6,32.0,0.0,0,64.8,,,,,,,, 
2014-05-12 00:00:00,37.618,71.6,63.4,32.0,0.0,0,69.0,,,,,,,, 
2014-05-13 00:00:00,37.680,73.8,59.2,32.0,0.0,0,70.2,,,,,,,, 
2014-05-14 00:00:00,37.536,70.0,62.0,32.0,0.0,0,66.4,,,,,,,, 
2014-05-15 00:00:00,37.361,62.8,71.8,32.0,0.0,0,57.9,,,,,,,, 
2014-05-16 00:00:00,37.223,54.8,48.3,32.0,0.0,0,49.4,,,,,,,, 
2014-05-17 00:00:00,37.372,53.8,56.7,32.0,0.0,0,48.6,,,,,,,, 
2014-05-18 00:00:00,37.125,53.8,72.1,32.0,0.0,0,49.0,,,,,,,, 
2014-05-19 00:00:00,37.334,59.0,64.6,32.0,0.0,0,47.3,,,,,,,, 
2014-05-20 00:00:00,37.498,64.6,60.6,32.0,0.0,0,44.8,,,,,,,, 
2014-05-21 00:00:00,37.800,69.9,54.9,32.0,0.0,0,45.5,,,,,,,, 
2014-05-22 00:00:00,37.933,74.2,52.4,32.0,0.0,0,47.3,,,,,,,, 
2014-05-23 00:00:00,37.880,75.2,53.0,32.0,0.0,0,50.1,,,,,,,, 
2014-05-24 00:00:00,37.815,73.2,53.3,32.0,0.0,0,67.7,,,,,,,, 
2014-05-25 00:00:00,37.629,68.7,59.0,32.0,0.0,0,63.4,,,,,,,, 
2014-05-26 00:00:00,37.525,70.0,65.3,32.0,0.0,0,66.0,,,,,,,, 
2014-05-27 00:00:00,37.556,70.9,64.7,32.0,0.0,0,67.1,,,,,,,, 
2014-05-28 00:00:00,37.584,71.8,62.7,32.0,0.0,0,67.6,,,,,,,, 
2014-05-29 00:00:00,37.633,72.2,62.9,32.0,0.0,0,65.6,,,,,,,, 
2014-05-30 00:00:00,37.453,70.9,68.8,32.0,0.0,0,65.4,,,,,,,, 
2014-05-31 00:00:00,37.455,71.5,68.6,32.0,0.0,0,66.5,,,,,,,, 
2014-06-01 00:00:00,37.418,69.3,65.4,32.0,0.0,0,65.3,,,,,,,, 
2014-06-02 00:00:00,37.554,69.4,55.8,32.0,0.0,0,63.5,,,,,,,, 
2014-06-03 00:00:00,37.669,72.3,58.4,32.0,0.0,0,66.8,,,,,,,, 
2014-06-04 00:00:00,37.633,73.6,64.0,32.0,0.0,0,69.4,,,,,,,, 
2014-06-05 00:00:00,37.644,74.5,64.0,32.0,0.0,0,70.6,,,,,,,, 
2014-06-06 00:00:00,37.637,74.6,65.2,32.0,0.0,0,70.3,,,,,,,, 
2014-06-07 00:00:00,37.573,74.5,66.4,32.0,0.0,0,69.8,,,,,,,, 
2014-06-08 00:00:00,37.593,74.6,64.0,32.0,0.0,0,70.1,,,,,,,, 
2014-06-09 00:00:00,37.636,74.2,60.9,32.0,0.0,0,68.6,,,,,,,, 
2014-06-10 00:00:00,37.648,74.5,62.8,32.0,0.0,0,68.3,,,,,,,, 
2014-06-11 00:00:00,37.338,69.7,73.8,32.0,0.0,0,65.2,,,,,,,, 
2014-06-12 00:00:00,37.311,69.5,72.3,32.0,0.0,0,65.0,,,,,,,, 
2014-06-13 00:00:00,37.430,70.6,67.2,32.0,0.0,0,64.4,,,,,,,, 
2014-06-14 00:00:00,37.509,72.6,65.0,32.0,0.0,0,68.9,,,,,,,, 
2014-06-15 00:00:00,37.685,75.8,62.9,32.0,0.0,0,71.6,,,,,,,, 
2014-06-16 00:00:00,37.616,75.1,67.1,32.0,0.0,0,71.5,,,,,,,, 
2014-06-17 00:00:00,37.416,71.7,69.9,32.0,0.0,0,66.1,,,,,,,, 
2014-06-25 00:00:00,31.828,75.0,68.7,32.0,0.0,0,72.0,,,,,,,, 
2014-06-26 00:00:00,37.856,75.4,63.4,32.0,0.0,0,71.3,,,,,,,, 
2014-06-27 00:00:00,37.737,75.0,70.3,32.0,0.0,0,69.7,,,,,,,, 
2014-06-28 00:00:00,37.631,73.3,74.7,32.0,0.0,0,68.3,,,,,,,, 
2014-06-29 00:00:00,37.637,74.2,72.6,32.0,0.0,0,68.0,,,,,,,, 
2014-06-30 00:00:00,37.585,72.3,77.3,32.0,0.0,0,67.3,,,,,,,, 
2014-07-01 00:00:00,37.682,76.8,71.9,32.0,0.0,0,73.8,,,,,,,, 
2014-07-02 00:00:00,37.844,80.3,62.1,32.0,0.0,0,76.2,,,,,,,, 
2014-07-03 00:00:00,37.839,79.7,55.3,32.0,0.0,0,73.4,,,,,,,, 
2014-07-04 00:00:00,37.808,74.7,46.9,32.0,0.0,0,69.5,,,,,,,, 
2014-07-05 00:00:00,37.765,74.4,46.4,32.0,0.0,0,67.4,,,,,,,, 
2014-07-06 00:00:00,37.466,65.8,61.8,32.0,0.0,0,60.9,,,,,,,, 
2014-09-26 00:00:00,0.000,30.2,0.0,32.0,0.0,0,62.0,,,,,,,, 
2014-09-27 00:00:00,38.360,63.4,60.1,65.1,65.1,0,68.1,,,,,,,, 
2014-09-28 00:00:00,36.600,68.9,64.0,70.1,67.2,0,63.9,,,,,,,, 
2014-09-29 00:00:00,36.760,66.7,71.7,68.0,78.5,0,62.7,,,,,,,, 
2014-09-30 00:00:00,36.780,65.8,67.6,67.5,72.0,0,66.1,,,,,,,, 
2014-10-01 00:00:00,36.779,65.1,67.3,66.3,74.5,0,64.4,,,,,,,, 
2014-10-02 00:00:00,36.763,65.6,67.0,66.8,73.6,0,64.9,,,,,,,, 
2014-10-03 00:00:00,36.800,67.0,68.5,67.9,74.2,0,63.9,,,,,,,, 
2014-10-04 00:00:00,36.750,54.1,45.4,55.1,51.8,0,52.1,,,,,,,, 
2014-10-05 00:00:00,36.767,50.4,44.2,51.8,49.0,0,47.3,,,,,,,, 
2014-10-06 00:00:00,36.790,56.6,50.6,57.7,57.2,0,52.9,,,,,,,, 
2014-10-07 00:00:00,36.802,61.6,66.6,62.5,72.5,0,59.9,,,,,,,, 
2014-10-08 00:00:00,36.822,64.5,63.0,67.5,67.6,0,67.6,,,,,,,, 
2014-10-09 00:00:00,36.832,63.3,61.4,65.9,65.6,0,64.6,,,,,,,, 
2014-10-10 00:00:00,36.839,67.9,63.2,69.1,73.8,0,66.1,,,,,,,, 
2014-10-11 00:00:00,36.827,68.7,63.8,69.6,71.1,0,66.3,,,,,,,, 
2014-10-12 00:00:00,36.831,64.6,66.0,65.3,76.2,0,60.0,,,,,,,, 
2014-10-13 00:00:00,36.711,63.2,68.7,63.8,74.7,0,60.7,,,,,,,, 
2014-10-14 00:00:00,36.816,63.7,76.5,63.7,78.5,0,63.6,,,,,,,, 
2014-10-15 00:00:00,36.818,54.8,68.0,56.9,67.5,0,52.0,,,,,,,, 
2014-10-16 00:00:00,35.189,54.9,65.9,55.5,67.8,0,52.9,,,,,,,, 
2014-10-17 00:00:00,36.801,58.3,78.4,56.3,76.6,0,56.3,,,,,,,, 
2014-10-18 00:00:00,36.774,62.8,65.8,61.6,63.1,0,61.6,,,,,,,, 
2014-10-19 00:00:00,36.765,57.0,62.8,53.4,61.0,0,53.4,,,,,,,, 
2014-10-20 00:00:00,36.781,58.0,72.4,53.5,70.3,0,53.5,,,,,,,, 
2014-10-21 00:00:00,36.777,58.3,68.0,55.5,65.5,0,55.5,,,,,,,, 
2014-10-22 00:00:00,36.756,55.2,54.3,52.4,52.3,0,52.4,,,,,,,, 
2014-10-23 00:00:00,36.754,55.2,55.5,52.5,53.6,0,52.5,,,,,,,, 
2014-10-24 00:00:00,36.765,57.0,62.9,53.0,64.1,0,53.0,,,,,,,, 
2014-10-25 00:00:00,36.765,58.4,53.9,56.6,56.5,0,56.6,,,,,,,, 
2014-10-26 00:00:00,36.475,64.9,55.1,62.5,54.0,0,62.5,,,,,,,, 
2014-10-27 00:00:00,36.730,63.6,60.3,60.4,57.9,0,60.4,,,,,,,, 
2014-10-28 00:00:00,36.741,66.8,64.5,61.2,61.3,0,61.3,,,,,,,, 
2014-10-29 00:00:00,36.761,62.9,70.4,57.9,67.6,0,57.9,,,,,,,, 
2014-10-30 00:00:00,36.758,56.7,52.8,52.9,50.0,0,52.9,,,,,,,, 
2014-10-31 00:00:00,36.744,51.3,60.8,46.5,58.5,0,46.5,,,,,,,, 
2014-11-01 00:00:00,36.738,40.3,56.8,35.2,55.6,0,35.3,,,,,,,, 
2014-11-02 00:00:00,32.188,44.8,40.0,42.5,37.5,0,40.0,,,,,,,, 
2014-11-03 00:00:00,22.994,51.8,45.3,46.4,42.9,0,45.5,,,,,,,, 
2014-11-04 00:00:00,164.353,62.6,48.1,54.1,49.4,0,51.7,,,,,,,, 
2014-11-05 00:00:00,208.118,63.1,54.1,64.7,51.3,0,53.6,,,,,,,, 
2014-11-06 00:00:00,208.851,63.8,59.5,65.6,53.8,0,56.5,,,,,,,, 
2014-11-07 00:00:00,208.845,61.8,53.2,63.4,51.9,0,46.8,,,,,,,, 
2014-11-08 00:00:00,208.819,60.7,53.7,61.9,52.3,0,43.6,,,,,,,, 
2014-11-09 00:00:00,208.808,60.8,54.9,62.0,52.7,0,49.2,,,,,,,, 
2014-11-10 00:00:00,208.843,61.0,56.5,62.7,53.5,0,49.0,,,,,,,, 
2014-11-11 00:00:00,187.174,58.1,51.3,59.6,48.4,0,46.4,,,,,,,, 
2014-11-12 00:00:00,57.008,47.1,29.3,48.0,26.9,0,29.0,,,,,,,, 
2014-11-13 00:00:00,10.040,46.5,28.5,47.5,26.9,0,21.0,,,,,,,, 
2014-11-14 00:00:00,9.520,45.9,28.2,46.1,27.2,0,18.0,,,,,,,, 
2014-11-28 00:00:00,28.156,53.6,25.2,73.7,29.1,0,28.5,,,,,,,, 
2014-11-29 00:00:00,30.262,66.5,22.7,75.0,25.1,0,40.0,,,,,,,, 
2014-11-30 00:00:00,30.125,77.8,23.8,76.1,25.7,0,42.9,,,,,,,, 
2014-12-01 00:00:00,30.851,76.3,35.8,75.2,37.9,0,55.7,,,,,,,, 
2014-12-04 00:00:00,42.940,74.1,47.2,79.0,35.9,,52.0,,,,,,,, 
2014-12-05 00:00:00,16.129,76.8,52.0,80.3,31.3,,48.2,,,,,,,, 
2014-12-06 00:00:00,15.662,76.3,51.2,80.2,30.5,,49.1,,,,,,,, 
2014-12-07 00:00:00,14.120,75.5,48.1,80.2,28.3,,47.0,,,,,,,, 
2014-12-08 00:00:00,16.398,79.2,44.8,76.5,26.6,,37.8,,,,,,,, 
2014-12-09 00:00:00,12.483,69.8,43.0,75.7,26.7,,37.6,,,,,,,, 
2014-12-10 00:00:00,9.760,67.3,40.9,76.0,25.5,,36.9,,,,,,,, 
2014-12-11 00:00:00,4.100,64.1,39.7,71.2,27.0,,37.2,,,,,,,, 
2014-12-12 00:00:00,4.035,64.1,38.6,71.4,26.2,,41.8,,,,,,,, 
2014-12-13 00:00:00,3.168,64.4,39.3,74.0,23.5,,45.3,,,,,,,, 
2014-12-15 00:00:00,3.400,,,,,,44.1,,,,,,,, 
2014-12-16 00:00:00,1.901,,,,,,44.2,,,,,,,, 
2014-12-17 00:00:00,-0.025,,,,,,44.1,,,,,,,, 
2014-12-18 00:00:00,-0.006,,,,,,38.2,,,,,,,, 
2014-12-20 00:00:00,0.793,,,,,,40.7,,,,,,,, 
2014-12-21 00:00:00,0.113,,,,,,41.8,,,,,,,, 
2014-12-22 00:00:00,0.275,,,,,,40.7,,,,,,,, 
2014-12-23 00:00:00,0.264,,,,,,43.7,,,,,,,, 
2014-12-24 00:00:00,0.522,,,,,,50.0,,,,,,,, 
2014-12-25 00:00:00,0.378,,,,,,41.3,,,,,,,, 
2015-01-08 00:00:00,,,,,,,12.9,,,,,,,, 
2015-01-10 00:00:00,,,,,,,24.0,,,,,,,, 
2015-01-11 00:00:00,1.773,73.1,27.2,59.2,41.3,,37.1,,,,,,,, 
2015-01-12 00:00:00,,,,,,,42.1,,,,,,,, 
2015-01-28 00:00:00,,,,,,,34.8,,,,,,,, 
2015-01-30 00:00:00,,,,,,,36.7,,,,,,,, 
2015-01-31 00:00:00,,,,,,,37.5,,,,,,,, 
2015-02-01 00:00:00,,,,,,,40.3,,,,,,,, 
2015-02-02 00:00:00,,,,,,,36.8,,,,,,,, 
2015-02-03 00:00:00,,,,,,,25.3,,,,,,,, 
2015-02-05 00:00:00,,,,,,,37.5,,,,,,,, 
2015-02-06 00:00:00,,,,,,,22.8,,,,,,,, 
2015-02-07 00:00:00,,,,,,,53.4,,,,,,,, 
2015-02-08 00:00:00,,,,,,,50.4,,,,,,,, 
2015-02-09 00:00:00,,,,,,,51.3,,,,,,,, 
2015-02-10 00:00:00,,83.7,18.1,,,,45.6,,,,,,,, 
2015-02-11 00:00:00,,82.5,16.9,,,,43.3,,,,,,,, 
2015-02-12 00:00:00,,82.4,13.6,81.0,13.5,,30.8,,,,,,,, 
2015-02-13 00:00:00,,83.7,8.5,81.2,9.6,,23.5,,,,,,,, 
2015-02-14 00:00:00,,84.6,9.6,82.2,10.9,,32.7,,,,,,,, 
2015-02-15 00:00:00,,81.8,6.0,79.9,7.0,,16.2,,,,,,,, 
2015-02-16 00:00:00,,81.6,8.3,80.0,9.4,,25.8,,,,,,,, 
2015-02-19 00:00:00,,77.2,7.1,75.3,8.2,,7.3,,,,,,,, 
2015-02-20 00:00:00,,75.2,8.4,73.2,9.5,,16.7,,,,,,,, 
2015-02-21 00:00:00,,76.6,11.5,73.9,13.0,,32.6,,,,,,,, 
2015-02-22 00:00:00,,79.9,17.5,77.1,19.5,,42.1,,,,,,,, 
2015-02-23 00:00:00,,77.9,16.5,75.1,18.4,,33.2,,,,,,,, 
2015-02-24 00:00:00,,77.9,14.9,75.2,16.6,,28.2,,,,,,,, 
2015-02-25 00:00:00,,78.2,14.2,73.5,15.7,,28.5,,,,,,,, 
2015-02-26 00:00:00,,75.1,16.8,,,,31.6,,,,,,,, 
2015-02-27 00:00:00,,,,,,,28.3,,,,,,,, 
2015-02-28 00:00:00,,,,,,,30.7,,,,,,,, 
2015-03-01 00:00:00,,,,,,,42.5,,,,,,,, 
2015-03-02 00:00:00,,,,,,,42.5,,,,,,,, 
2015-03-03 00:00:00,,,,,,,42.0,,,,,,,, 
2015-03-04 00:00:00,,,,,,,65.7,,,,,,,, 
2015-03-05 00:00:00,,,,,,,39.0,,,,,,,, 
2015-03-06 00:00:00,,,,,,,28.8,,,,,,,, 
2015-03-07 00:00:00,,78.3,16.8,,,,36.5,,,,,,,, 
2015-03-08 00:00:00,,72.3,19.8,,,,45.7,,,,,,,, 
2015-03-10 00:00:00,,,,,,,63.3,,,,,,,, 
2015-03-11 00:00:00,,70.7,44.0,66.7,54.5,,56.2,,,,,,,, 
2015-03-12 00:00:00,42.641,66.0,47.4,66.6,47.9,,55.6,,,,,,,, 
2015-03-13 00:00:00,43.977,64.8,45.1,69.0,35.4,,46.9,,,,,,,, 
2015-03-14 00:00:00,43.642,63.4,53.1,66.6,42.7,,52.9,,,,,,,, 
2015-03-15 00:00:00,43.504,64.7,46.7,68.8,37.9,,54.1,,,,,,,, 
2015-03-16 00:00:00,42.985,61.9,44.3,65.6,34.1,,57.7,,,,,,,, 
2015-03-17 00:00:00,42.980,64.7,46.6,67.0,38.8,,68.2,,,,,,,, 
2015-03-18 00:00:00,43.471,67.1,37.0,67.4,34.5,,52.4,,,,,,,, 
2015-03-19 00:00:00,43.249,66.6,38.7,66.8,36.1,,43.7,,,,,,,, 
2015-03-20 00:00:00,43.067,66.6,42.5,66.7,39.7,,49.1,,,,,,,, 
2015-03-21 00:00:00,43.210,67.9,41.7,68.0,39.0,,55.2,,,,,,,, 
2015-03-22 00:00:00,43.204,68.7,42.3,68.8,39.6,,54.1,,,,,,,, 
2015-03-23 00:00:00,42.973,66.7,46.6,66.9,43.7,,49.8,,,,,,,, 
2015-03-24 00:00:00,43.081,68.4,46.5,68.5,43.7,,55.9,,,,,,,, 
2015-03-25 00:00:00,43.152,69.0,50.3,69.1,47.2,,56.1,,,,,,,, 
2015-03-26 00:00:00,43.375,70.0,50.8,70.0,47.6,,61.0,,,,,,,, 
2015-03-27 00:00:00,45.798,66.9,41.3,64.7,40.1,,43.7,,,,,,,, 
2015-06-11 00:00:00,,81.5,54.2,89.4,43.9,,77.0,,,,,,,, 
2015-06-12 00:00:00,,80.1,54.7,90.4,41.0,,70.5,,,,,,,, 
2015-06-13 00:00:00,9.887,78.9,55.8,87.2,44.0,,70.4,,,,,,,, 
2015-06-14 00:00:00,3.599,76.5,50.4,83.0,41.3,,68.8,,,,,,,, 
2015-06-15 00:00:00,9.884,79.2,54.5,86.3,44.0,,71.5,,,,,,,, 
2015-06-16 00:00:00,9.838,71.8,59.7,85.2,47.8,,76.9,,,,,,,, 
2015-06-17 00:00:00,6.109,80.7,53.8,86.5,44.8,,71.3,,,,,,,, 
2015-06-18 00:00:00,6.715,76.9,44.5,83.3,37.4,,70.2,,,,,,,, 
2015-06-19 00:00:00,1.848,79.8,57.2,76.3,59.6,,70.6,,,,,,,, 
2015-06-20 00:00:00,1.832,78.2,60.0,75.2,60.5,,,,,,,,,, 
2015-06-21 00:00:00,1.881,75.0,48.6,70.5,52.8,,,,,,,,,, 
2015-06-22 00:00:00,1.436,67.1,44.0,81.9,57.6,,72.3,,,,,,,, 
2015-06-23 00:00:00,,32.0,-1.0,,,,67.2,,,,,,,, 
2015-06-25 00:00:00,,32.0,-1.0,73.6,66.1,,,,,,,,,, 
2015-07-09 00:00:00,,,,,,,75.6,,,,,,,, 
2015-07-26 00:00:00,,,,,,,67.4,,,,,,,, 
2015-08-04 00:00:00,-5.920,78.9,55.7,87.9,47.1,,72.2,,,,,,,, 
2015-08-05 00:00:00,1.464,78.1,59.7,92.3,42.3,,67.2,,,,,,,, 
2015-10-24 00:00:00,4.341,66.8,67.2,50.1,32.9,,53.8,,,,,,,,0.00 
2015-10-25 00:00:00,4.538,67.2,69.2,38.6,12.1,,62.6,,,,,,,,0.00 
2015-10-26 00:00:00,4.524,66.8,70.6,32.0,0.0,,54.0,,,,,,,, 
2015-10-27 00:00:00,9.022,65.1,69.7,32.0,0.0,,49.5,,,,,,,, 
2015-10-28 00:00:00,24.328,66.1,70.5,43.1,21.7,,59.7,,,,,,,, 
2015-10-29 00:00:00,25.039,65.6,71.7,46.2,28.4,,54.6,,,,,,,, 
2015-10-30 00:00:00,22.840,,,45.1,25.7,,49.1,,,,,,,, 
2015-10-31 00:00:00,24.280,,,44.1,24.7,,48.6,,,,,,,, 
2015-11-01 00:00:00,24.717,,,47.4,27.0,,58.9,,,,,,,, 
2015-11-02 00:00:00,25.086,,,45.8,23.7,,60.2,,,,,,,, 
2015-11-03 00:00:00,25.239,,,48.3,27.5,,63.3,,,,,,,, 
2015-11-04 00:00:00,25.261,,,41.2,16.3,,66.6,,,,,,,, 
2015-11-05 00:00:00,25.532,,,47.9,29.7,,66.6,,,,,,,, 
2015-11-06 00:00:00,24.568,,,47.9,29.0,,66.6,,,,,,,, 
2015-11-07 00:00:00,32.006,49.2,38.3,42.0,25.8,,66.6,,,,,,,, 
2015-11-08 00:00:00,37.804,66.5,65.8,36.4,15.7,77,64.0,,,,,,,, 
2015-11-09 00:00:00,,,,32.0,0.0,,49.2,,,,,,,, 
2015-11-10 00:00:00,,,,32.0,0.0,,54.5,,,,,,,, 
2015-11-11 00:00:00,,,,32.0,0.0,,50.0,,,,,,,, 
2015-11-12 00:00:00,,,,32.0,0.0,,56.2,,,,,,,, 
2015-11-13 00:00:00,,,,32.0,0.0,,47.3,,,,,,,, 
2015-11-14 00:00:00,,,,32.0,0.0,,42.8,,,,,,,, 
2015-11-15 00:00:00,,,,32.0,0.0,,39.5,,,,,,,, 
2015-11-16 00:00:00,,,,32.0,0.0,,48.5,,,,,,,, 
2015-11-17 00:00:00,,,,32.0,0.0,,60.2,,,,,,,, 
2015-11-18 00:00:00,,,,32.0,0.0,,55.4,,,,,,,, 
2015-11-19 00:00:00,-1.010,,,32.5,0.5,,56.5,,,,,,,, 
2015-11-20 00:00:00,,,,32.0,0.0,,45.9,,,,,,,, 
2015-11-21 00:00:00,2.973,,,32.0,0.0,,43.6,,,,,,,, 
2015-11-22 00:00:00,38.573,43.6,85.6,34.3,14.5,,36.7,,,,,,,, 
2015-11-23 00:00:00,37.630,41.3,85.2,36.6,40.6,,33.9,,,,,,,,0.00 
2015-11-24 00:00:00,36.842,43.5,86.0,53.5,56.1,,36.8,,,,,,,, 
2015-11-25 00:00:00,36.737,48.5,87.5,42.3,47.8,,41.0,,,,,,,, 
2015-11-26 00:00:00,36.483,48.7,88.0,51.9,44.0,,44.9,,,,,,,, 
2015-11-27 00:00:00,36.638,46.6,88.5,46.7,59.5,,53.6,,,,,,,, 
2015-11-28 00:00:00,36.639,43.7,86.3,55.6,45.9,,54.2,,,,,,,, 
2015-11-29 00:00:00,34.490,50.6,85.3,59.0,49.3,,56.1,,,,,,,, 
2015-11-30 00:00:00,37.977,50.3,84.0,45.3,57.9,,55.0,,,,,,,, 
2015-12-01 00:00:00,37.575,50.9,83.5,43.5,46.1,,54.9,,,,,,,, 
2015-12-02 00:00:00,37.525,49.5,83.4,45.0,45.5,,53.0,,,,,,,, 
2015-12-03 00:00:00,37.322,48.3,82.9,48.1,29.1,,38.8,,,,,,,, 
2015-12-04 00:00:00,37.346,47.5,82.6,55.8,44.6,,35.5,,,,,,,, 
2015-12-05 00:00:00,35.673,43.9,83.3,42.5,41.4,,37.6,,,,,,,, 
2015-12-06 00:00:00,37.134,50.7,84.8,47.9,35.0,,38.0,,,,,,,, 
2015-12-07 00:00:00,37.259,50.3,84.4,54.9,42.8,,42.4,,,,,,,, 
2015-12-08 00:00:00,37.146,50.0,85.2,64.8,45.3,,41.4,,,,,,,, 
2015-12-09 00:00:00,39.222,41.6,84.1,36.8,38.8,,47.5,,,,,,,, 
2015-12-10 00:00:00,37.056,39.4,83.6,35.7,43.7,,48.1,,,,,,,, 
2015-12-11 00:00:00,37.154,46.1,84.6,41.6,36.4,,52.3,,,,,,,, 
2015-12-12 00:00:00,37.144,49.5,84.9,53.2,42.9,,56.0,,,,,,,, 
2015-12-13 00:00:00,36.940,41.1,84.2,54.8,39.0,,56.1,,,,,,,, 
2015-12-14 00:00:00,37.031,43.7,85.0,72.9,42.4,,58.9,,,,,,,, 
2015-12-15 00:00:00,37.081,49.1,86.1,41.8,40.9,,51.4,,,,,,,, 
2015-12-16 00:00:00,37.388,53.8,87.1,57.0,38.7,,49.9,,,,,,,, 
2015-12-17 00:00:00,37.325,49.8,86.2,52.6,35.7,,53.6,,,,,,,, 
2015-12-18 00:00:00,37.414,52.0,86.5,49.8,40.6,,37.9,,,,,,,, 
2015-12-19 00:00:00,37.361,52.8,84.3,41.6,34.1,,34.4,,,,,,,, 
2015-12-20 00:00:00,37.175,51.9,83.3,49.8,43.0,,37.6,,,,,,,, 
2015-12-21 00:00:00,37.200,48.6,83.6,65.3,39.0,,47.9,,,,,,,, 
2015-12-22 00:00:00,37.160,52.1,86.5,50.3,41.7,,56.8,,,,,,,, 
2015-12-23 00:00:00,37.184,49.0,85.2,50.8,36.4,,59.2,,,,,,,, 
2015-12-24 00:00:00,37.156,49.5,85.1,44.6,44.9,,61.2,,,,,,,, 
2015-12-25 00:00:00,37.284,51.7,85.3,44.1,45.6,,61.0,,,,,,,, 
2015-12-26 00:00:00,36.856,49.1,84.1,38.5,36.2,,63.8,,,,,,,, 
2015-12-27 00:00:00,37.054,48.6,84.6,50.4,39.8,,63.8,,,,,,,, 
2015-12-28 00:00:00,36.948,46.7,82.7,26.5,35.7,,61.2,,,,,,,, 
2015-12-29 00:00:00,28.003,48.3,80.8,46.5,35.3,,61.1,,,,,,,, 
2015-12-30 00:00:00,23.785,49.2,79.7,61.6,41.9,,50.2,,,,,,,, 
2015-12-31 00:00:00,36.769,45.2,78.5,56.7,39.2,,49.9,,,,,,,, 
2016-01-01 00:00:00,36.881,43.6,81.2,50.7,41.2,,39.5,,,,,,,,0.00 
2016-01-02 00:00:00,36.844,46.2,80.0,49.3,30.8,,34.9,,,,,,,,0.00 
2016-01-03 00:00:00,36.824,44.1,81.9,53.4,32.4,,36.6,,,,,,,,0.00 
2016-01-04 00:00:00,35.980,42.4,81.0,40.3,32.8,,30.6,,,,,,,,0.00 
2016-01-05 00:00:00,37.395,43.2,81.5,56.1,49.2,,28.2,,,,,,,,0.00 
2016-01-06 00:00:00,36.685,43.7,81.3,55.3,47.1,,28.8,,,,,,,,0.00 
2016-01-07 00:00:00,28.626,45.3,81.4,51.4,31.7,,45.5,,,,,,,,0.00 
2016-01-08 00:00:00,31.660,42.2,81.7,47.7,34.1,,47.0,,,,,,,,0.00 
2016-01-09 00:00:00,36.778,45.4,83.6,54.6,36.6,,46.0,,,,,,,,0.00 
2016-01-10 00:00:00,36.885,41.2,82.7,55.9,54.8,,44.5,,,,,,,,0.00 
2016-01-11 00:00:00,36.674,41.9,83.4,98.4,108.1,,,,,,,,,,0.00 
2016-01-12 00:00:00,36.780,40.5,81.9,74.7,119.6,,,,,,,,,,0.00 
2016-01-13 00:00:00,36.762,37.5,80.7,16.3,79.6,,,,,,,,,,0.00 
2016-01-14 00:00:00,11.758,51.0,64.3,53.1,61.5,,38.4,,,,,,,,0.00 
2016-01-15 00:00:00,7.363,50.1,63.5,64.7,69.7,,36.4,,,,,,,,0.00 
2016-01-16 00:00:00,13.487,52.0,64.8,70.8,70.3,,38.6,,,,,,,,0.00 
2016-01-17 00:00:00,16.531,50.9,69.0,72.0,81.0,,34.1,,,,,,,,0.00 
2016-01-18 00:00:00,-7.988,44.3,75.0,88.8,92.5,,21.4,,,,,,,,0.00 
2016-01-19 00:00:00,37.111,33.3,83.6,70.3,115.0,,,,,,,,,,0.00 
2016-01-20 00:00:00,36.855,33.8,83.1,66.4,82.2,,21.4,,,,,,,,0.00 
2016-01-21 00:00:00,,33.8,6.2,32.2,9.8,,30.0,,,,,,,,0.00 
2016-01-22 00:00:00,5.342,47.4,38.9,50.0,36.9,,28.4,,,,,,,,0.00 
2016-01-23 00:00:00,14.062,48.8,52.0,49.7,50.6,,24.1,,,,,,,,0.00 
2016-01-24 00:00:00,14.072,50.9,54.2,55.0,57.3,,29.1,,,,,,,,0.00 
2016-01-25 00:00:00,14.027,51.1,53.3,60.1,53.4,,35.3,,,,,,,,0.00 
2016-01-26 00:00:00,14.011,50.2,53.8,64.6,59.4,,39.6,,,,,,,,0.00 
2016-01-27 00:00:00,14.077,51.6,54.4,56.4,53.1,,40.4,,,,,,,,0.00 
2016-01-28 00:00:00,14.045,49.9,54.4,62.6,57.0,,38.1,,,,,,,,0.00 
2016-01-29 00:00:00,13.960,49.2,52.9,56.8,50.0,,41.0,,,,,,,,0.00 
2016-01-30 00:00:00,12.110,53.0,60.7,65.9,60.8,,37.4,,,,,,,,0.00 
2016-01-31 00:00:00,14.202,59.2,76.9,70.4,77.3,,44.1,,,,,,,,0.00 
2016-02-01 00:00:00,14.173,59.0,78.0,64.9,86.5,,51.8,,,,,,,,0.00 
2016-02-02 00:00:00,14.159,56.4,77.1,80.2,82.4,,50.3,,,,,,,,0.00 
2016-02-03 00:00:00,14.087,55.7,73.7,72.4,86.6,,56.8,,,,,,,,0.00 
2016-02-04 00:00:00,13.629,56.6,70.1,69.4,76.0,,47.0,,,,,,,,0.00 
2016-02-05 00:00:00,14.080,58.4,72.5,75.9,73.1,,31.9,,,,,,,,0.00 
2016-02-06 00:00:00,14.110,59.1,71.7,65.0,74.4,,32.1,,,,,,,,0.00 
2016-02-07 00:00:00,14.175,57.5,72.1,76.5,71.3,,35.8,,,,,,,,0.00 
2016-02-08 00:00:00,14.436,59.0,72.4,59.5,73.6,,33.7,,,,,,,,0.00 
2016-02-09 00:00:00,13.991,57.8,73.5,68.2,75.7,,25.9,,,,,,,,0.00 
2016-02-10 00:00:00,13.924,55.6,71.5,70.5,79.8,,21.7,,,,,,,,0.00 
2016-02-11 00:00:00,14.044,55.2,69.8,71.2,72.6,,28.2,,,,,,,,0.00 
2016-02-12 00:00:00,14.034,58.3,74.1,84.5,83.4,,32.1,,,,,,,,0.00 
2016-02-13 00:00:00,14.108,58.8,72.9,63.8,71.6,,24.0,,,,,,,,0.00 
2016-02-14 00:00:00,14.158,57.2,71.3,61.5,75.9,,21.6,,,,,,,,0.00 
2016-02-15 00:00:00,14.123,53.7,65.4,72.6,69.1,,29.9,,,,,,,,0.00 
2016-02-16 00:00:00,14.006,52.8,64.4,68.7,63.9,,39.4,,,,,,,,0.00 
2016-02-17 00:00:00,13.974,51.9,64.2,69.4,74.2,,37.8,,,,,,,,0.00 
2016-02-18 00:00:00,14.118,54.1,67.9,77.6,74.9,,38.6,,,,,,,,0.00 
2016-02-19 00:00:00,36.145,38.2,75.5,59.2,85.2,,31.5,,,,,,,,0.00 
2016-02-20 00:00:00,37.294,49.2,80.8,113.9,122.1,,55.3,,,,,,,,0.00 
2016-02-21 00:00:00,37.392,49.2,81.5,91.6,121.7,,,,,,,,,,0.00 
2016-02-22 00:00:00,37.312,49.3,82.2,44.8,100.9,,,,,,,,,,0.00 
2016-02-23 00:00:00,37.325,45.5,79.8,84.9,99.5,,,,,,,,,,0.00 
2016-02-24 00:00:00,37.556,39.9,81.5,78.4,101.9,,,,,,,,,,0.00 
2016-02-25 00:00:00,37.425,37.4,78.6,58.2,70.7,,,,,,,,,,0.00 
2016-02-26 00:00:00,37.299,38.5,73.1,55.7,98.0,,,,,,,,,,0.00 
2016-02-27 00:00:00,37.090,38.0,68.1,101.9,93.0,,,,,,,,,,0.00 
2016-02-28 00:00:00,36.798,38.2,67.5,64.5,68.2,,,,,,,,,,0.00 
2016-02-29 00:00:00,36.782,38.4,67.7,48.8,95.9,,,,,,,,,,0.00 
2016-03-01 00:00:00,36.799,43.7,73.0,55.9,101.8,,,,,,,,,,0.00 
2016-03-02 00:00:00,37.050,45.0,74.4,42.7,90.3,,35.4,,,,,,,,0.00 
2016-03-03 00:00:00,36.931,43.4,76.0,64.3,86.1,,,,,,,,,,0.00 
2016-03-04 00:00:00,37.178,43.0,76.4,106.4,132.2,,,,,,,,,,0.00 
2016-03-05 00:00:00,36.859,38.7,74.0,57.1,113.6,,,,,,,,,,0.00 
2016-03-06 00:00:00,37.068,38.6,73.5,88.5,79.7,,,,,,,,,,0.00 
2016-03-07 00:00:00,36.985,38.2,71.4,57.3,85.3,,,,,,,,,,0.00 
2016-03-08 00:00:00,37.086,38.6,71.7,56.1,107.2,,,,,,,,,,0.00 
2016-03-09 00:00:00,37.461,42.2,79.3,21.1,124.8,,,,,,,,,,0.00 
2016-03-10 00:00:00,37.439,41.8,80.2,94.7,129.5,,,,,,,,,,0.00 
2016-03-11 00:00:00,37.419,42.7,78.6,115.5,112.7,,,,,,,,,,0.00 
2016-03-12 00:00:00,37.348,40.5,75.2,90.9,120.3,,,,,,,,,,0.00 
2016-03-13 00:00:00,37.212,41.4,70.9,36.6,104.1,,,,,,,,,,0.00 
2016-03-14 00:00:00,36.887,42.2,68.0,50.0,98.9,,,,,,,,,,0.00 
2016-03-15 00:00:00,36.919,42.7,65.0,91.2,88.2,,,,,,,,,,0.00 
2016-03-16 00:00:00,36.780,45.3,64.8,46.2,74.2,,72.6,,,,,,,,0.00 
2016-03-17 00:00:00,37.353,44.1,61.5,84.8,85.6,,,,,,,,,,0.00 
2016-03-18 00:00:00,37.440,43.8,61.7,80.5,84.0,,,,,,,,,,0.00 
2016-03-19 00:00:00,36.937,40.9,63.5,50.3,75.7,,,,,,,,,,0.00 
2016-03-20 00:00:00,36.826,43.1,64.2,27.7,84.7,,,,,,,,,,0.00 
2016-03-21 00:00:00,36.940,45.3,62.9,84.4,70.2,,48.1,,,,,,,,0.00 
2016-03-22 00:00:00,36.557,43.8,62.2,75.6,83.8,,,,,,,,,,0.00 
2016-03-23 00:00:00,36.878,44.5,62.0,64.7,68.9,,,,,,,,,,0.00 
2016-03-24 00:00:00,36.553,44.3,64.1,106.1,90.0,,,,,,,,,,0.00 
2016-03-25 00:00:00,33.572,49.4,69.4,69.6,85.8,,66.1,,,,,,,,0.00 
2016-03-26 00:00:00,36.955,49.3,74.5,102.1,94.9,,,,,,,,,,0.00 
2016-03-27 00:00:00,37.028,46.1,74.1,94.0,95.8,,,,,,,,,,0.00 
2016-03-28 00:00:00,36.407,47.4,76.2,79.9,113.9,,,,,,,,,,0.00 
2016-03-29 00:00:00,36.730,46.0,70.9,79.3,102.7,,,,,,,,,,0.00 
2016-03-30 00:00:00,36.054,46.0,72.6,66.9,84.2,,63.9,,,,,,,,0.00 
2016-03-31 00:00:00,35.533,43.9,73.0,68.0,93.0,,,,,,,,,,0.00 
2016-04-01 00:00:00,36.222,44.5,68.0,67.5,80.8,,-585.5,,,,,,,,0.00 
2016-04-02 00:00:00,36.113,44.3,67.3,63.6,91.6,,,,,,,,,,0.00 
2016-04-03 00:00:00,36.299,47.9,70.0,53.7,95.2,,,,,,,,,,0.00 
2016-04-04 00:00:00,36.106,49.2,69.6,70.0,86.3,,73.4,,,,,,,,0.00 
2016-04-05 00:00:00,36.356,47.8,69.7,92.9,96.8,,,,,,,,,,0.00 
2016-04-06 00:00:00,35.835,47.0,71.8,46.7,65.3,,49.6,,,,,,,,0.00 
2016-04-07 00:00:00,35.640,44.5,70.8,76.2,99.2,,,,,,,,,,0.00 
2016-04-08 00:00:00,35.434,44.4,70.9,29.2,90.6,,,,,,,,,,0.00 
2016-04-09 00:00:00,35.674,45.9,72.8,58.7,91.3,,,,,,,,,,0.00 
2016-04-10 00:00:00,37.176,44.6,71.3,76.9,77.7,,,,,,,,,,0.00 
2016-04-11 00:00:00,37.100,50.1,68.7,77.6,119.3,,65.3,,,,,,,,0.00 
2016-04-12 00:00:00,36.210,50.3,66.5,64.7,132.7,,,,,,,,,,0.00 
2016-04-13 00:00:00,36.313,49.5,65.6,67.4,68.3,,57.7,,,,,,,,0.00 
2016-04-14 00:00:00,35.927,47.4,70.4,57.4,31.6,,55.5,,,,,,,,0.00 
2016-04-15 00:00:00,36.636,49.1,60.4,42.6,28.3,,51.0,,,,,,,,0.00 
2016-04-16 00:00:00,35.790,49.8,67.0,51.3,37.3,,52.7,,,,,,,,0.00 
2016-04-17 00:00:00,36.096,43.5,63.7,54.3,24.0,,55.0,,,,,,,,0.00 
2016-04-18 00:00:00,36.443,45.0,61.9,39.9,22.1,,60.5,,,,,,,,0.00 
2016-04-19 00:00:00,36.803,50.3,59.6,53.5,38.4,,62.2,,,,,,,,0.00 
2016-04-20 00:00:00,36.732,53.9,56.9,54.5,34.6,,63.6,,,,,,,,0.00 
2016-04-21 00:00:00,36.809,54.7,63.6,56.8,34.6,,63.2,,,,,,,,0.00 
2016-04-22 00:00:00,36.268,54.0,69.3,52.5,43.6,,59.9,,,,,,,,0.00 
2016-04-23 00:00:00,36.147,48.1,70.3,37.2,40.9,,58.8,,,,,,,,0.00 
2016-04-24 00:00:00,36.024,42.9,67.5,36.7,34.4,,60.0,,,,,,,,0.00 
2016-04-25 00:00:00,36.056,43.9,67.3,62.6,42.9,,63.3,,,,,,,,0.00 
2016-04-26 00:00:00,35.919,45.6,65.6,28.5,28.6,,66.5,,,,,,,,0.00 
2016-04-27 00:00:00,35.939,42.0,64.2,35.3,30.7,,67.7,,,,,,,,0.00 
2016-04-28 00:00:00,36.196,44.5,65.3,40.9,26.5,,68.2,,,,,,,,0.00 
2016-04-29 00:00:00,35.789,45.8,67.4,40.7,22.3,,67.6,,,,,,,,0.00 
2016-04-30 00:00:00,36.365,46.1,65.6,44.8,34.2,,64.9,,,,,,,,0.00 
2016-05-01 00:00:00,36.882,47.8,63.2,58.5,30.7,,67.0,,,,,,,,0.00 
2016-05-02 00:00:00,37.433,52.7,66.8,64.8,37.2,,67.6,,,,,,,,0.00 
2016-05-03 00:00:00,36.621,51.3,64.8,41.4,35.8,,63.0,,,,,,,,0.00 
2016-05-04 00:00:00,37.056,52.5,58.2,55.2,45.8,,54.3,,,,,,,,0.00 
2016-05-05 00:00:00,36.179,57.1,54.4,85.3,80.3,,,,,,,,,,0.00 
2016-05-06 00:00:00,33.765,59.4,55.8,65.8,94.8,,,,,,,,,,0.00 
2016-05-07 00:00:00,35.778,57.9,59.6,81.8,60.6,,,,,,,,,,0.00 
2016-06-01 00:00:00,27.004,55.7,77.3,62.5,80.9,,,,,,,,,,0.00 
2016-06-02 00:00:00,26.908,55.3,77.5,63.8,117.0,,,,,,,,,,0.00 
2016-06-03 00:00:00,26.263,56.0,77.0,69.5,121.6,,,,,,,,,,0.00 
2016-06-04 00:00:00,26.179,55.6,75.1,73.9,113.3,,,,,,,,,,0.00 
2016-06-05 00:00:00,26.431,57.9,75.5,103.9,126.0,,,,,,,,,,0.00 
2016-06-06 00:00:00,26.827,63.5,74.2,72.8,108.6,,,,,,,,,,0.00 
2016-06-07 00:00:00,26.717,64.9,72.0,97.5,109.1,,,,,,,,,,0.00 
2016-06-08 00:00:00,26.053,62.4,69.9,96.4,116.2,,,,,,,,,,0.00 
2016-06-09 00:00:00,26.291,65.2,68.7,122.4,122.7,,,,,,,,,,0.00 
2016-06-10 00:00:00,27.278,62.9,68.6,68.9,75.9,,,,,,,,,,0.00 
2016-06-11 00:00:00,26.962,60.4,73.6,107.3,124.7,,,,,,,,,,0.00 
2016-06-12 00:00:00,26.913,61.0,76.5,97.9,106.0,,,,,,,,,,0.00 
2016-06-13 00:00:00,27.215,58.6,76.3,64.2,114.1,,,,,,,,,,0.00 
2016-06-14 00:00:00,27.296,55.9,78.4,86.2,114.7,,,,,,,,,,0.00 
2016-06-15 00:00:00,27.399,55.1,77.9,79.1,123.3,,,,,,,,,,0.00 
2016-06-16 00:00:00,27.090,58.4,75.8,80.4,126.7,,,,,,,,,,0.00 
2016-06-17 00:00:00,26.563,56.0,76.0,48.6,140.5,,,,,,,,,,0.00 
2016-06-18 00:00:00,26.839,56.1,74.1,116.7,121.0,,,,,,,,,,0.00 
2016-06-19 00:00:00,26.554,58.1,72.4,96.9,138.5,,,,,,,,,,0.00 
2016-06-20 00:00:00,26.605,58.8,80.9,97.1,114.5,,,,,,,,,,0.00 
2016-06-21 00:00:00,26.307,62.5,81.0,107.6,122.0,,,,,,,,,,0.00 
2016-06-22 00:00:00,12.456,68.2,79.5,93.6,115.5,,,,,,,,,,0.00 
2016-06-23 00:00:00,27.835,66.0,80.1,80.3,118.3,,,,,,,,,,0.00 
2016-06-24 00:00:00,25.511,61.1,77.5,79.3,137.2,,,,,,,,,,0.00 
2016-06-25 00:00:00,26.229,59.6,73.9,90.2,130.2,,,,,,,,,,0.00 
2016-06-26 00:00:00,25.745,60.0,71.3,71.5,151.9,,,,,,,,,,0.00 
2016-06-27 00:00:00,26.631,60.5,75.7,107.4,48.2,,,,,,,,,,0.00 
2016-06-28 00:00:00,27.582,62.6,74.3,119.8,30.3,,60.9,,,,,,,,0.00 
2016-07-25 00:00:00,,,,32.0,0.0,,82.5,,,,,,,,0.00 
2016-07-26 00:00:00,,,,32.0,0.0,,76.4,,,,,,,,0.00 
2016-07-27 00:00:00,,,,32.0,0.0,,68.6,,,,,,,,0.00 
2016-07-28 00:00:00,,,,32.0,0.0,,68.4,,,,,,,,0.00 
2016-07-29 00:00:00,,,,32.0,0.0,,68.4,,,,,,,,0.00 
2016-07-30 00:00:00,,,,32.0,0.0,,72.8,,,,,,,,0.00 
2016-07-31 00:00:00,,,,32.0,0.0,,74.5,,,,,,,,0.00 
2016-08-01 00:00:00,,,,32.0,0.0,,73.2,,,,,,,,0.00 
2016-08-02 00:00:00,,,,32.0,0.0,,73.8,,,,,,,,0.00 
2016-08-03 00:00:00,,,,32.0,0.0,,75.8,,,,,,,,0.00 
2016-08-04 00:00:00,,,,32.0,0.0,,73.6,,,,,,,,0.00 
2016-08-05 00:00:00,,,,32.0,0.0,,73.6,,,,,,,,0.00 
2016-08-06 00:00:00,,,,32.0,0.0,,76.3,,,,,,,,0.00 
2016-08-07 00:00:00,,,,32.0,0.0,,75.5,,,,,,,,0.00 
2016-08-08 00:00:00,,,,32.0,0.0,,77.7,,,,,,,,0.00 
2016-08-09 00:00:00,,,,32.0,0.0,,77.7,,,,,,,,0.00 
2016-08-10 00:00:00,,,,32.0,0.0,,76.6,,,,,,,,0.00 
2016-08-11 00:00:00,,,,32.0,0.0,,75.8,,,,,,,,0.00 
2016-08-12 00:00:00,,,,32.0,0.0,,77.0,,,,,,,,0.00 
2016-08-13 00:00:00,,,,32.0,0.0,,76.2,,,,,,,,0.00 
2016-08-14 00:00:00,,,,32.0,0.0,,72.9,,,,,,,,0.00 
2016-08-15 00:00:00,,,,32.0,0.0,,75.6,,,,,,,,0.00 
2016-08-16 00:00:00,,,,32.0,0.0,,75.7,,,,,,,,0.00 
2016-08-17 00:00:00,,,,32.0,0.0,,73.6,,,,,,,,0.00 
2016-08-18 00:00:00,,,,32.0,0.0,,73.3,,,,,,,,0.00 
2016-08-19 00:00:00,,,,32.0,0.0,,72.0,,,,,,,,0.00 
2016-08-20 00:00:00,,,,32.0,0.0,,73.5,,,,,,,,0.00 
2016-08-21 00:00:00,,,,32.0,0.0,,73.2,,,,,,,,0.00 
2016-08-22 00:00:00,,,,32.0,0.0,,71.0,,,,,,,,0.00 
2016-08-23 00:00:00,,,,32.0,0.0,,69.5,,,,,,,,0.00 
2016-08-24 00:00:00,,,,32.0,0.0,,70.6,,,,,,,,0.00 
2016-08-25 00:00:00,,,,32.0,0.0,,75.4,,,,,,,,0.00 
2016-08-26 00:00:00,,,,32.0,0.0,,76.0,,,,,,,,0.00 
2016-08-27 00:00:00,,,,32.0,0.0,,75.1,,,,,,,,0.00 
2016-08-28 00:00:00,,,,32.0,0.0,,73.9,,,,,,,,0.00 
2016-08-29 00:00:00,,,,32.0,0.0,,72.6,,,,,,,,0.00 
2016-08-30 00:00:00,,,,32.0,0.0,,72.7,,,,,,,,0.00 
2016-08-31 00:00:00,,,,32.0,0.0,,73.4,,,,,,,,0.00 
2016-09-01 00:00:00,,,,32.0,0.0,,71.4,,,,,,,,0.00 
2016-09-02 00:00:00,,,,32.0,0.0,,68.5,,,,,,,,0.00 
2016-09-03 00:00:00,,,,32.0,0.0,,67.1,,,,,,,,0.00 
2016-09-04 00:00:00,,,,32.0,0.0,,69.9,,,,,,,,0.00 
2016-09-05 00:00:00,,,,32.0,0.0,,69.0,,,,,,,,0.00 
2016-09-06 00:00:00,,,,32.0,0.0,,69.2,,,,,,,,0.00 
2016-09-07 00:00:00,,,,32.0,0.0,,70.4,,,,,,,,0.00 
2016-09-08 00:00:00,,,,32.0,0.0,,71.5,,,,,,,,0.00 
2016-09-09 00:00:00,,,,32.0,0.0,,72.3,,,,,,,,0.00 
2016-09-10 00:00:00,,,,32.0,0.0,,73.3,,,,,,,,0.00 
2016-09-11 00:00:00,,,,32.0,0.0,,72.5,,,,,,,,0.00 
2016-09-12 00:00:00,,,,32.0,0.0,,70.5,,,,,,,,0.00 
2016-09-13 00:00:00,,,,32.0,0.0,,71.8,,,,,,,,0.00 
2016-09-14 00:00:00,,,,32.0,0.0,,71.6,,,,,,,,0.00 
2016-09-15 00:00:00,,,,32.0,0.0,,71.2,,,,,,,,0.00 
2016-09-16 00:00:00,,,,32.0,0.0,,70.7,,,,,,,,0.00 
2016-09-17 00:00:00,,,,32.0,0.0,,70.9,,,,,,,,0.00 
2016-09-18 00:00:00,,,,32.0,0.0,,68.6,,,,,,,,0.00 
2016-09-19 00:00:00,,,,32.0,0.0,,71.6,,,,,,,,0.00 
2016-09-20 00:00:00,,,,32.0,0.0,,70.3,,,,,,,,0.00 
2016-09-21 00:00:00,,,,32.0,0.0,,72.1,,,,,,,,0.00 
2016-09-22 00:00:00,,,,32.0,0.0,,79.1,,,,,,,,0.00 
2016-09-23 00:00:00,,,,32.0,0.0,,73.5,,,,,,,,0.00 
2016-09-24 00:00:00,,,,32.0,0.0,,71.1,,,,,,,,0.00 
2016-09-25 00:00:00,,,,32.0,0.0,,70.6,,,,,,,,0.00 
2016-09-26 00:00:00,,,,32.0,0.0,,69.5,,,,,,,,0.00 
2016-09-27 00:00:00,,,,32.0,0.0,,68.4,,,,,,,,0.00 
2016-09-28 00:00:00,,,,32.0,0.0,,66.6,,,,,,,,0.00 
2016-09-29 00:00:00,,,,32.0,0.0,,60.3,,,,,,,,0.00 
2016-09-30 00:00:00,,,,32.0,0.0,,58.8,,,,,,,,0.00 
2016-10-01 00:00:00,,,,32.0,0.0,,58.0,,,,,,,,0.00 
2016-10-02 00:00:00,,,,32.0,0.0,,60.7,,,,,,,, 
2016-10-03 00:00:00,,,,32.0,0.0,,61.9,,,,,,,, 
2016-10-04 00:00:00,,,,32.0,0.0,,62.6,,,,,,,, 
2016-10-05 00:00:00,,,,32.0,0.0,,62.2,,,,,,,, 
2016-10-06 00:00:00,,,,32.0,0.0,,59.9,,,,,,,, 
2016-10-07 00:00:00,,,,32.0,0.0,,64.2,,,,,,,, 
2016-10-08 00:00:00,,,,32.0,0.0,,65.2,,,,,,,, 
2016-10-09 00:00:00,,,,32.0,0.0,,57.3,,,,,,,, 
2016-10-10 00:00:00,,,,32.0,0.0,,55.3,,,,,,,, 
2016-10-11 00:00:00,,,,32.0,0.0,,53.5,,,,,,,, 
2016-10-12 00:00:00,,,,32.0,0.0,,52.8,,,,,,,, 
2016-10-13 00:00:00,,,,32.0,0.0,,56.8,,,,,,,, 
2016-10-14 00:00:00,,,,32.0,0.0,,59.2,,,,,,,, 
2016-10-15 00:00:00,,,,32.0,0.0,,64.7,,,,,,,, 
2016-10-16 00:00:00,,,,32.0,0.0,,64.1,,,,,,,, 
2016-10-17 00:00:00,,,,32.0,0.0,,62.6,,,,,,,, 
2016-10-18 00:00:00,,,,32.0,0.0,,62.9,,,,,,,, 
2016-10-19 00:00:00,,,,32.0,0.0,,65.5,,,,,,,, 
2016-10-20 00:00:00,,,,32.0,0.0,,66.3,,,,,,,, 
2016-10-21 00:00:00,,,,32.0,0.0,,55.3,,,,,,,, 
2016-10-22 00:00:00,,,,32.0,0.0,,47.9,,,,,,,, 
2016-10-23 00:00:00,,,,32.0,0.0,,45.5,,,,,,,, 
2016-10-24 00:00:00,,,,32.0,0.0,,57.0,,,,,,,, 
2016-10-25 00:00:00,,,,32.0,0.0,,54.0,,,,,,,, 
2016-10-26 00:00:00,,,,32.0,0.0,,53.2,,,,,,,, 
2016-10-27 00:00:00,,,,32.0,0.0,,56.6,,,,,,,, 
2016-10-28 00:00:00,,,,32.0,0.0,,59.8,,,,,,,, 
2016-10-29 00:00:00,,,,32.0,0.0,,57.7,,,,,,,, 
2016-10-30 00:00:00,,,,32.0,0.0,,59.7,,,,,,,, 
2016-10-31 00:00:00,,,,32.0,0.0,,62.1,,,,,,,, 
2016-11-01 00:00:00,,,,32.0,0.0,,64.8,,,,,,,, 
2016-11-02 00:00:00,,,,32.0,0.0,,61.7,,,,,,,, 
2016-11-03 00:00:00,,,,32.0,0.0,,61.0,,,,,,,, 
2016-11-04 00:00:00,,,,32.0,0.0,,60.6,,,,,,,, 
2016-11-05 00:00:00,,,,32.0,0.0,,49.2,,,,,,,, 
2016-11-06 00:00:00,,,,32.0,0.0,,49.4,,,,,,,, 
2016-11-07 00:00:00,,,,32.0,0.0,,48.3,,,,,,,, 
2016-11-08 00:00:00,,,,32.0,0.0,,48.6,,,,,,,, 
2016-11-09 00:00:00,,,,32.0,0.0,,51.4,,,,,,,, 
2016-11-10 00:00:00,,,,32.0,0.0,,48.7,,,,,,,, 
2016-11-11 00:00:00,,,,32.0,0.0,,51.8,,,,,,,, 
2016-11-12 00:00:00,,,,32.0,0.0,,44.7,,,,,,,, 
2016-11-13 00:00:00,,,,32.0,0.0,,42.2,,,,,,,, 
2016-11-14 00:00:00,,,,32.0,0.0,,44.5,,,,,,,, 
2016-11-15 00:00:00,,,,32.0,0.0,,43.7,,,,,,,, 
2016-11-16 00:00:00,,,,32.0,0.0,,48.3,,,,,,,, 
2016-11-17 00:00:00,,,,32.0,0.0,,57.2,,,,,,,, 
2016-11-18 00:00:00,,,,32.0,0.0,,69.7,,,,,,,, 
2016-11-19 00:00:00,,,,32.0,0.0,,47.4,,,,,,,, 
2016-11-20 00:00:00,,,,32.0,0.0,,36.6,,,,,,,, 
2016-11-21 00:00:00,,,,32.0,0.0,,37.6,,,,,,,, 
2016-11-22 00:00:00,,,,32.0,0.0,,41.3,,,,,,,, 
2016-11-23 00:00:00,,,,32.0,0.0,,48.3,,,,,,,, 
2016-11-24 00:00:00,,,,32.0,0.0,,53.9,,,,,,,, 
2016-11-25 00:00:00,,,,32.0,0.0,,45.9,,,,,,,, 
2016-11-26 00:00:00,,,,32.0,0.0,,41.7,,,,,,,, 
2016-11-27 00:00:00,,,,32.0,0.0,,36.4,,,,,,,, 
2016-11-28 00:00:00,,,,32.0,0.0,,44.9,,,,,,,, 
2016-11-29 00:00:00,,,,32.0,0.0,,58.5,,,,,,,, 
2016-11-30 00:00:00,,,,32.0,0.0,,60.6,,,,,,,, 
2016-12-01 00:00:00,,,,32.0,0.0,,43.7,,,,,,,, 
2016-12-02 00:00:00,,,,32.0,0.0,,41.4,,,,,,,, 
2016-12-03 00:00:00,,,,32.0,0.0,,42.2,,,,,,,, 
2016-12-04 00:00:00,,,,32.0,0.0,,-223.2,,,,,,,, 
2016-12-05 00:00:00,,,,32.0,0.0,,38.5,,,,,,,, 
2016-12-06 00:00:00,,,,32.0,0.0,,46.1,,,,,,,, 
2016-12-07 00:00:00,,,,32.0,0.0,,47.6,,,,,,,, 
2016-12-08 00:00:00,,,,32.0,0.0,,37.9,,,,,,,, 
2016-12-09 00:00:00,,,,32.0,0.0,,26.7,,,,,,,, 
2016-12-10 00:00:00,,,,32.0,0.0,,26.9,,,,,,,, 
2016-12-11 00:00:00,,,,32.0,0.0,,34.2,,,,,,,, 
2016-12-12 00:00:00,,,,32.0,0.0,,48.7,,,,,,,, 
2016-12-13 00:00:00,,,,32.0,0.0,,41.1,,,,,,,, 
2016-12-14 00:00:00,,,,32.0,0.0,,39.0,,,,,,,, 
2016-12-15 00:00:00,,,,32.0,0.0,,27.6,,,,,,,, 
2016-12-16 00:00:00,,,,32.0,0.0,,25.9,,,,,,,, 
2016-12-17 00:00:00,,,,32.0,0.0,,47.8,,,,,,,, 
2016-12-18 00:00:00,,,,32.0,0.0,,48.8,,,,,,,, 
2016-12-19 00:00:00,,,,32.0,0.0,,36.8,,,,,,,, 
2016-12-20 00:00:00,,,,32.0,0.0,,37.4,,,,,,,, 
2016-12-21 00:00:00,,,,32.0,0.0,,41.3,,,,,,,, 
2016-12-22 00:00:00,,,,32.0,0.0,,44.6,,,,,,,, 
2016-12-23 00:00:00,,,,32.0,0.0,,43.4,,,,,,,, 
2016-12-24 00:00:00,,,,32.0,0.0,,50.3,,,,,,,, 
2016-12-25 00:00:00,,,,32.0,0.0,,55.7,,,,,,,, 
2016-12-26 00:00:00,,,,32.0,0.0,,53.1,,,,,,,, 
2016-12-27 00:00:00,,,,32.0,0.0,,52.8,,,,,,,, 
2016-12-28 00:00:00,,,,32.0,0.0,,45.9,,,,,,,, 
2016-12-29 00:00:00,,,,32.0,0.0,,44.7,,,,,,,, 
2016-12-30 00:00:00,,,,32.0,0.0,,35.2,,,,,,,, 
2016-12-31 00:00:00,,,,32.0,0.0,,34.6,,,,,,,, 
2017-01-01 00:00:00,,,,32.0,0.0,,47.9,,,,,,,, 
2017-01-02 00:00:00,,,,32.0,0.0,,50.1,,,,,,,, 
2017-01-03 00:00:00,,,,32.0,0.0,,52.5,,,,,,,, 
2017-01-04 00:00:00,,,,32.0,0.0,,43.2,,,,,,,, 
2017-01-05 00:00:00,,,,32.0,0.0,,35.2,,,,,,,, 
2017-01-06 00:00:00,,,,32.0,0.0,,29.0,,,,,,,, 
2017-01-07 00:00:00,,,,32.0,0.0,,19.0,,,,,,,, 
2017-01-08 00:00:00,,,,32.0,0.0,,13.5,,,,,,,, 
2017-01-09 00:00:00,,,,32.0,0.0,,24.9,,,,,,,, 
2017-01-10 00:00:00,,,,32.0,0.0,,35.9,,,,,,,, 
2017-01-11 00:00:00,,,,32.0,0.0,,48.6,,,,,,,, 
2017-01-12 00:00:00,,,,32.0,0.0,,55.9,,,,,,,, 
2017-01-13 00:00:00,,,,32.0,0.0,,53.0,,,,,,,, 
2017-01-14 00:00:00,,,,32.0,0.0,,51.0,,,,,,,, 
2017-01-15 00:00:00,,,,32.0,0.0,,53.9,,,,,,,, 
2017-01-16 00:00:00,,,,32.0,0.0,,55.1,,,,,,,, 
2017-01-17 00:00:00,,,,32.0,0.0,,56.3,,,,,,,, 
2017-01-18 00:00:00,,,,32.0,0.0,,53.9,,,,,,,, 
2017-01-19 00:00:00,,,,32.0,0.0,,49.0,,,,,,,, 
2017-01-20 00:00:00,,,,32.0,0.0,,53.8,,,,,,,, 
2017-01-21 00:00:00,,,,32.0,0.0,,49.5,,,,,,,, 
2017-01-22 00:00:00,,,,32.0,0.0,,53.7,,,,,,,, 
2017-01-23 00:00:00,,,,32.0,0.0,,49.9,,,,,,,, 
2017-01-24 00:00:00,,,,32.0,0.0,,44.4,,,,,,,, 
2017-01-25 00:00:00,,,,32.0,0.0,,47.8,,,,,,,, 
2017-01-26 00:00:00,,,,32.0,0.0,,46.0,,,,,,,, 
2017-01-27 00:00:00,,,,32.0,0.0,,33.8,,,,,,,, 
2017-01-28 00:00:00,,,,32.0,0.0,,36.7,,,,,,,, 
2017-01-29 00:00:00,,,,32.0,0.0,,37.3,,,,,,,, 
2017-01-30 00:00:00,,,,32.0,0.0,,33.2,,,,,,,, 
2017-01-31 00:00:00,,,,32.0,0.0,,38.8,,,,,,,, 
2017-02-01 00:00:00,,,,32.0,0.0,,48.0,,,,,,,, 
2017-02-02 00:00:00,,,,32.0,0.0,,46.7,,,,,,,, 
2017-02-03 00:00:00,,,,32.0,0.0,,37.7,,,,,,,, 
2017-02-04 00:00:00,,,,32.0,0.0,,31.1,,,,,,,, 
2017-02-05 00:00:00,,,,32.0,0.0,,41.3,,,,,,,, 
2017-02-06 00:00:00,,,,32.0,0.0,,45.4,,,,,,,, 
2017-02-07 00:00:00,,,,32.0,0.0,,53.9,,,,,,,, 
2017-02-08 00:00:00,,,,32.0,0.0,,52.3,,,,,,,, 
2017-02-09 00:00:00,,,,32.0,0.0,,36.8,,,,,,,, 
2017-02-10 00:00:00,,,,32.0,0.0,,35.5,,,,,,,, 
2017-02-11 00:00:00,,,,32.0,0.0,,52.0,,,,,,,, 
2017-02-12 00:00:00,,,,32.0,0.0,,63.7,,,,,,,, 
2017-02-13 00:00:00,,,,32.0,0.0,,54.6,,,,,,,, 
2017-02-14 00:00:00,,,,32.0,0.0,,41.5,,,,,,,, 
2017-02-15 00:00:00,,,,32.0,0.0,,41.3,,,,,,,, 
2017-02-16 00:00:00,,,,32.0,0.0,,38.2,,,,,,,, 
2017-02-17 00:00:00,,,,32.0,0.0,,44.7,,,,,,,, 
2017-02-18 00:00:00,,,,32.0,0.0,,45.6,,,,,,,, 
2017-02-19 00:00:00,,,,32.0,0.0,,50.2,,,,,,,, 
2017-02-20 00:00:00,,,,32.0,0.0,,50.4,,,,,,,, 
2017-02-21 00:00:00,,,,32.0,0.0,,52.5,,,,,,,, 
2017-02-22 00:00:00,,,,32.0,0.0,,54.1,,,,,,,, 
2017-02-23 00:00:00,,,,32.0,0.0,,57.4,,,,,,,, 
2017-02-24 00:00:00,,,,32.0,0.0,,58.2,,,,,,,, 
2017-02-25 00:00:00,,,,32.0,0.0,,54.2,,,,,,,, 
2017-02-26 00:00:00,,,,32.0,0.0,,37.7,,,,,,,, 
2017-02-27 00:00:00,,,,32.0,0.0,,44.9,,,,,,,, 
2017-02-28 00:00:00,,,,32.0,0.0,,51.4,,,,,,,, 
2017-03-01 00:00:00,,,,32.0,0.0,,58.9,,,,,,,, 
2017-03-02 00:00:00,,,,32.0,0.0,,42.6,,,,,,,, 
2017-03-03 00:00:00,,,,32.0,0.0,,36.2,,,,,,,, 
2017-03-04 00:00:00,,,,32.0,0.0,,39.1,,,,,,,, 
2017-03-05 00:00:00,,,,32.0,0.0,,42.9,,,,,,,, 
2017-03-06 00:00:00,,,,32.0,0.0,,50.8,,,,,,,, 
2017-03-07 00:00:00,,,,32.0,0.0,,56.1,,,,,,,, 
2017-03-08 00:00:00,,,,32.0,0.0,,50.0,,,,,,,, 
2017-03-09 00:00:00,,,,32.0,0.0,,48.3,,,,,,,, 
2017-03-10 00:00:00,,,,32.0,0.0,,46.1,,,,,,,, 
2017-03-11 00:00:00,,,,32.0,0.0,,35.6,,,,,,,, 
2017-03-12 00:00:00,,,,32.0,0.0,,37.5,,,,,,,, 
2017-03-13 00:00:00,,,,32.0,0.0,,36.1,,,,,,,, 
2017-03-14 00:00:00,,,,32.0,0.0,,32.2,,,,,,,, 
2017-03-15 00:00:00,,,,32.0,0.0,,24.4,,,,,,,, 
2017-03-16 00:00:00,,,,32.0,0.0,,30.5,,,,,,,, 
2017-03-17 00:00:00,,,,32.0,0.0,,37.8,,,,,,,, 
2017-03-18 00:00:00,,,,32.0,0.0,,52.0,,,,,,,, 
2017-03-19 00:00:00,,,,32.0,0.0,,41.4,,,,,,,, 
2017-03-20 00:00:00,,,,32.0,0.0,,38.3,,,,,,,, 
2017-05-23 00:00:00,,,,32.0,0.0,,65.0,,,,,,,, 
2018-03-18 00:00:00,-22.824,,,71.6,37.2,,59.8,,,,,,,,0.02 
2018-04-03 00:00:00,-35.063,,,,,,,,,,,,,,0.02 