2018-05-16 00:00:00,,,,,,,59.9,,,,,,,, 
2018-05-17 00:00:00,18.169,,,,,,26.1,,,,,,,, 
2018-05-18 00:00:00,18.936,,,,,,59.1,,,,,,,, 
2018-05-19 00:00:00,27.178,,,,,,57.6,,,,,,,, 
2018-05-21 00:00:00,15.596,,,,,,67.4,,,,,,,, 
2018-05-22 00:00:00,21.941,,,,,,63.1,,,,,,,, 
2018-05-23 00:00:00,21.906,,,,,,57.5,,,,,,,, 
2018-05-29 00:00:00,4.520,,,,,,55.1,,,,,,,, 
2018-05-30 00:00:00,4.449,,,,,,59.7,,,,,,,, 
2018-06-01 00:00:00,5.316,,,,,0,68.1,,,,,,,, 
2018-06-02 00:00:00,6.387,81.0,64.9,66.0,89.4,0,53.4,,,,,,,, 
2018-06-03 00:00:00,5.687,68.1,87.9,67.1,86.5,0,63.1,,,,,,,, 
2018-06-04 00:00:00,5.498,66.0,85.9,65.7,90.1,0,59.7,,,,,,,, 
2018-06-05 00:00:00,10.276,64.8,79.3,68.1,81.8,0,58.2,,,,,,,, 
2018-06-06 00:00:00,9.840,64.2,78.8,66.0,82.7,0,56.5,,,,,,,, 
2018-06-07 00:00:00,5.214,64.5,78.1,67.2,79.7,,60.3,,,,,,,, 
2018-06-08 00:00:00,1.890,69.5,65.9,63.7,86.1,0,57.4,,,,,,,, 
2018-06-09 00:00:00,-28.578,63.6,68.0,56.0,95.7,,54.6,,,,,,,, 
2018-06-10 00:00:00,92.530,92.8,71.6,70.0,68.1,,70.2,,,,,,,, 
2018-06-11 00:00:00,95.468,89.9,63.2,,,,63.1,,,,,,,, 
2018-06-12 00:00:00,92.099,87.5,59.5,,,,60.3,,,,,,,, 
2018-06-13 00:00:00,90.908,86.2,55.5,,,,57.7,,,,,,,, 
2018-06-14 00:00:00,88.248,83.8,50.0,,,,59.8,,,,,,,, 
2018-06-15 00:00:00,77.082,84.4,49.9,62.9,58.5,,56.6,,,,,,,, 
2018-06-16 00:00:00,64.460,83.1,53.2,61.1,68.9,,54.1,,,,,,,, 
2018-06-17 00:00:00,65.586,83.6,55.8,61.9,72.6,,56.6,,,,,,,, 
2018-06-18 00:00:00,85.386,93.6,65.8,60.0,92.4,,59.1,,,,,,,, 
2018-06-19 00:00:00,81.286,93.6,62.9,59.8,85.5,,59.5,,,,,,,, 
2018-06-20 00:00:00,81.063,96.9,60.6,60.7,86.5,,60.8,,,,,,,, 
2018-06-21 00:00:00,72.248,93.9,59.4,55.1,75.4,,54.4,,,,,,,, 
2018-06-22 00:00:00,76.484,93.8,61.5,58.2,69.4,,57.5,,,,,,,, 
2018-06-23 00:00:00,84.229,95.1,64.5,57.3,80.1,,56.7,,,,,,,, 
2018-06-24 00:00:00,83.282,91.0,60.7,61.5,72.3,,61.0,,,,,,,, 
2018-06-25 00:00:00,79.397,72.5,62.6,67.9,63.9,,67.9,,,,,,,, 
2018-06-26 00:00:00,61.687,79.0,62.8,70.4,56.7,,72.2,,,,,,,, 
2018-06-27 00:00:00,48.084,80.4,62.0,67.9,64.8,,69.4,,,,,,,, 
2018-06-28 00:00:00,45.893,79.4,62.7,63.8,76.0,0,69.1,,,,,,,, 
2018-06-29 00:00:00,47.065,84.0,59.4,64.3,78.3,0,68.0,,,,,,,, 
2018-06-30 00:00:00,51.416,91.1,55.9,63.5,78.1,0,66.1,,,,,,,, 
2018-07-01 00:00:00,52.235,91.1,56.9,64.8,77.4,0,68.1,,,,,,,, 
2018-07-02 00:00:00,51.790,90.8,59.5,65.2,76.5,0,67.5,,,,,,,, 
2018-07-03 00:00:00,52.717,90.4,62.2,63.6,80.6,0,66.1,,,,,,,, 
2018-07-04 00:00:00,51.612,90.5,64.2,63.5,79.0,0,66.4,,,,,,,, 
2018-07-05 00:00:00,53.386,90.7,68.5,65.8,78.3,0,66.5,,,,,,,, 
2018-07-06 00:00:00,53.374,91.1,66.9,65.8,78.4,0,66.5,,,,,,,, 
2018-07-07 00:00:00,55.434,91.4,65.1,67.8,78.8,0,69.8,,,,,,,, 
2018-07-08 00:00:00,53.454,91.4,62.9,68.1,79.0,0,69.9,,,,,,,, 
2018-07-09 00:00:00,42.008,91.2,64.8,65.1,88.5,0,65.8,,,,,,,, 
2018-07-10 00:00:00,38.301,90.2,62.4,63.2,78.8,0,65.1,,,,,,,, 
2018-07-11 00:00:00,38.536,89.7,60.3,62.1,85.1,0,65.4,,,,,,,, 
2018-07-12 00:00:00,27.346,90.0,60.8,64.0,90.4,0,65.9,,,,,,,, 
2018-07-13 00:00:00,43.171,89.6,60.6,63.3,95.8,0,62.8,,,,,,,, 
2018-07-14 00:00:00,43.606,90.4,60.8,66.7,88.5,0,67.4,,,,,,,, 
2018-07-15 00:00:00,39.380,90.0,58.2,66.9,85.2,0,66.5,,,,,,,, 
2018-07-16 00:00:00,35.704,85.9,59.7,64.7,94.1,0,63.7,,,,,,,, 
2018-07-17 00:00:00,31.980,83.6,58.0,60.6,92.5,0,59.5,,,,,,,, 
2018-07-18 00:00:00,31.523,82.4,56.2,60.0,93.0,0,60.5,,,,,,,, 
2018-07-19 00:00:00,32.842,84.7,56.6,64.9,83.0,0,65.0,,,,,,,, 
2018-07-20 00:00:00,30.498,82.4,54.4,59.9,92.7,0,57.3,,,,,,,, 
2018-07-21 00:00:00,34.440,84.0,57.1,62.1,96.2,0,61.3,,,,,,,, 
2018-07-22 00:00:00,34.833,85.0,59.1,65.1,95.8,0,64.9,,,,,,,, 
2018-07-23 00:00:00,37.072,87.5,60.8,69.5,95.2,0,69.8,,,,,,,, 
2018-07-24 00:00:00,33.713,85.4,60.2,66.9,93.9,0,66.9,,,,,,,, 
2018-07-25 00:00:00,34.620,94.8,61.8,60.2,88.6,0,59.1,,,,,,,, 
2018-07-26 00:00:00,39.205,94.7,64.6,66.7,89.7,0,68.1,,,,,,,, 
2018-07-27 00:00:00,39.478,94.8,70.0,66.7,91.6,0,66.8,,,,,,,, 
2018-07-28 00:00:00,36.063,94.4,60.7,62.3,90.8,0,61.9,,,,,,,, 
2018-07-29 00:00:00,36.807,94.0,59.0,59.5,99.5,0,58.4,,,,,,,, 
2018-07-30 00:00:00,39.776,94.2,61.7,61.4,99.8,0,61.9,,,,,,,, 
2018-07-31 00:00:00,39.867,94.4,58.3,61.0,97.6,0,61.5,,,,,,,, 
2018-08-01 00:00:00,39.792,94.7,61.5,61.9,97.7,0,61.6,,,,,,,, 
2018-08-02 00:00:00,42.558,94.8,69.5,64.9,99.8,0,65.4,,,,,,,, 
2018-08-03 00:00:00,43.219,94.8,75.5,65.9,99.9,0,64.5,,,,,,,, 
2018-08-04 00:00:00,37.967,94.9,68.0,62.7,99.5,0,61.0,,,,,,,, 
2018-08-05 00:00:00,36.004,94.6,63.6,62.3,98.6,0,60.8,,,,,,,, 
2018-08-06 00:00:00,36.358,94.7,60.4,62.7,99.5,0,59.3,,,,,,,, 
2018-08-07 00:00:00,48.873,94.8,59.3,62.5,99.8,0,60.1,,,,,,,, 
2018-08-08 00:00:00,45.200,94.0,50.2,59.7,96.2,0,58.9,,,,,,,, 
2018-08-09 00:00:00,44.884,93.9,48.5,60.0,86.2,0,59.0,,,,,,,, 
2018-08-10 00:00:00,43.951,93.8,48.1,56.4,98.2,0,54.7,,,,,,,, 
2018-08-11 00:00:00,46.103,93.8,51.5,59.8,92.3,0,58.5,,,,,,,, 
2018-08-12 00:00:00,53.103,94.2,60.0,64.2,99.9,0,64.7,,,,,,,, 
2018-08-13 00:00:00,49.565,94.2,60.1,64.2,99.9,0,63.7,,,,,,,, 
2018-08-14 00:00:00,48.050,93.7,57.8,64.1,99.9,0,64.4,,,,,,,, 
2018-08-15 00:00:00,47.383,93.9,58.2,64.9,99.9,0,64.5,,,,,,,, 
2018-08-16 00:00:00,40.820,93.6,53.0,60.2,99.6,0,59.0,,,,,,,, 
2018-08-17 00:00:00,39.584,93.4,52.0,58.2,99.9,0,56.7,,,,,,,, 
2018-08-18 00:00:00,45.198,93.4,55.4,62.8,99.9,0,62.4,,,,,,,, 
2018-08-19 00:00:00,48.399,,,63.7,99.9,0,62.6,,,,,,,, 
2018-08-20 00:00:00,47.709,,,64.1,99.9,0,63.3,,,,,,,, 
2018-08-21 00:00:00,45.311,,,63.6,99.9,0,61.2,,,,,,,, 
2018-09-11 00:00:00,-44.114,,,61.3,97.4,0,59.0,,,,,,,, 
2018-09-12 00:00:00,-43.967,,,,,0,52.9,,,,,,,, 